127
128
128
127
127
126
125
125
126
127
127
127
128
127
126
127
128
128
129
130
129
127
126
126
126
127
126
126
125
126
125
125
124
124
124
124
126
127
126
127
127
128
128
129
130
131
131
132
132
131
131
130
129
128
128
127
126
126
127
128
129
129
129
128
128
129
130
128
127
128
129
130
129
129
128
127
128
128
128
128
128
127
127
126
127
128
127
127
128
129
129
130
129
129
128
129
130
129
128
127
126
125
124
124
125
126
127
127
127
126
125
127
128
127
127
128
128
128
129
130
130
130
129
130
128
128
129
128
129
129
129
128
128
127
126
125
126
127
126
126
127
126
127
127
126
125
124
126
127
126
126
126
125
125
124
123
123
124
123
124
125
125
125
126
127
128
128
130
131
131
132
133
133
134
133
134
134
133
135
136
136
136
135
136
137
138
141
143
144
145
147
146
147
146
145
147
146
145
144
146
149
150
151
151
151
153
153
155
156
156
155
155
154
156
158
158
158
159
159
159
158
160
160
160
159
159
162
162
163
164
164
165
167
168
169
169
170
170
172
174
174
176
176
177
176
179
180
182
183
183
184
185
186
187
188
189
189
188
190
191
191
64
78
91
102
113
121
128
135
142
150
155
160
165
171
177
182
186
190
191
64
79
94
107
118
128
139
148
155
163
169
176
182
188
64
79
94
106
120
131
142
152
160
169
176
183
189
64
80
97
113
128
139
151
161
170
180
188
64
85
102
117
131
144
155
166
176
185
191
64
85
103
119
134
149
163
174
185
64
84
105
122
138
154
167
180
64
89
109
131
150
165
179
64
89
111
130
150
167
181
64
90
113
134
154
171
185
64
90
115
136
155
171
187
64
90
114
137
158
177
64
93
119
142
163
183
64
93
118
141
161
180
64
93
119
145
165
187
64
92
120
144
166
187
64
93
122
145
165
185
64
93
122
149
173
64
95
123
151
174
64
96
125
152
177
64
96
127
155
180
64
100
132
160
184
64
99
132
159
185
64
99
133
162
188
64
102
136
167
64
99
133
163
190
64
103
139
172
64
101
136
168
64
103
137
169
64
103
139
173
64
102
139
171
64
105
142
174
64
102
138
173
64
103
142
174
64
106
144
177
64
106
144
178
64
104
143
176
64
106
143
175
64
108
147
181
64
106
144
179
64
107
144
180
64
108
148
184
64
108
148
183
64
107
147
184
64
108
147
184
64
107
148
183
64
109
150
185
64
108
148
185
64
107
147
184
64
108
149
185
64
109
149
185
64
110
153
189
64
109
151
188
64
108
147
186
64
108
151
189
64
111
153
190
64
109
150
190
64
109
152
190
64
109
149
185
64
110
153
190
64
110
153
191
64
109
153
189
64
111
154
64
111
151
189
64
111
154
64
110
154
64
110
152
190
64
113
156
64
111
154
190
64
109
151
189
64
112
154
191
64
112
155
64
110
151
190
64
112
153
64
111
152
191
64
110
155
64
111
153
64
109
153
190
64
110
153
190
64
111
154
64
112
154
64
109
152
64
110
153
64
111
152
191
64
111
154
64
111
154
64
112
154
64
109
153
191
64
113
156
64
111
153
64
110
153
191
64
111
153
64
112
153
64
111
153
190
64
110
155
64
110
154
64
110
152
190
64
112
156
64
112
156
64
111
154
190
64
113
157
64
110
153
191
64
111
155
64
111
154
64
110
154
64
110
153
190
64
111
155
64
111
153
191
64
112
155
64
110
153
191
64
110
154
191
64
110
153
190
64
111
154
64
112
156
64
112
154
64
111
155
64
111
153
64
110
151
191
64
111
155
64
112
155
64
112
156
64
109
153
64
112
155
64
110
153
64
109
153
190
64
111
156
64
113
157
64
111
155
64
112
153
64
113
155
64
111
154
64
112
155
64
112
156
64
112
156
64
111
153
190
64
111
155
64
110
153
191
64
109
153
190
64
113
156
64
112
156
64
112
156
64
111
154
64
112
156
64
112
154
191
64
110
154
64
111
152
191
64
109
154
64
111
153
64
111
156
64
111
153
190
64
112
155
64
111
153
64
113
155
64
111
154
191
64
109
151
64
111
155
64
111
153
191
64
110
154
64
110
154
64
110
155
64
109
152
191
64
113
155
64
113
154
191
64
111
152
64
111
153
64
111
152
190
64
110
154
64
109
153
191
64
113
156
64
110
152
190
64
113
155
64
111
153
64
110
152
191
64
110
155
64
110
152
64
110
152
64
111
153
191
64
111
155
64
112
155
64
112
155
64
111
155
64
112
154
191
64
112
153
64
109
153
64
110
153
64
111
154
64
111
154
191
64
112
155
64
110
153
191
64
111
152
190
64
112
154
64
112
153
191
64
111
154
64
110
154
64
111
155
64
109
152
189
64
112
153
64
111
153
64
112
156
64
110
153
189
64
111
153
64
110
152
190
64
110
151
190
64
113
155
64
111
155
191
64
110
153
191
64
111
153
191
64
110
152
189
64
112
154
64
112
154
64
110
152
64
113
155
64
112
155
64
112
153
191
64
110
154
64
112
156
64
111
154
64
113
156
64
112
157
64
110
155
64
112
155
64
110
153
64
113
158
64
111
156
64
112
156
64
112
156
64
113
156
64
114
159
64
112
156
64
112
159
64
114
159
64
112
157
64
113
160
64
112
156
64
115
161
64
112
158
64
112
159
64
114
161
64
114
160
64
114
160
64
112
157
64
114
161
64
114
159
64
112
158
64
114
161
64
112
158
64
114
160
64
113
160
64
114
162
64
115
160
64
114
162
64
114
160
64
114
159
64
116
162
64
115
162
64
115
161
64
113
160
64
113
159
64
115
160
64
115
163
64
114
162
64
113
160
64
116
164
64
115
162
64
114
161
64
115
161
64
115
161
64
116
162
64
115
164
64
114
161
64
116
163
64
116
165
64
116
164
64
118
166
64
115
164
64
118
166
64
116
166
64
116
165
64
119
167
64
118
166
64
117
168
64
117
168
64
119
169
64
119
168
64
118
168
64
117
169
64
118
168
64
118
169
64
120
170
64
117
168
64
119
171
64
117
170
64
119
168
64
119
170
64
120
169
64
120
172
64
118
169
64
119
171
64
118
169
64
120
171
64
119
171
64
118
168
64
119
171
64
120
172
64
120
171
64
120
171
64
120
170
64
121
171
64
119
170
64
121
171
64
118
169
64
121
171
64
121
174
64
119
171
64
119
172
64
119
172
64
120
171
64
121
173
64
120
172
64
119
170
64
120
170
64
119
170
64
118
169
64
121
173
64
119
170
64
119
169
64
119
171
64
120
174
64
120
171
64
120
173
64
119
171
64
119
172
64
119
172
64
120
173
64
122
173
64
119
169
64
121
172
64
119
170
64
119
172
64
122
173
64
121
172
64
122
172
64
120
173
64
121
172
64
121
172
64
121
173
64
122
175
64
119
172
64
121
172
64
122
175
64
121
172
64
122
174
64
121
175
64
119
171
64
120
173
64
120
173
64
120
172
64
119
171
64
119
170
64
121
175
64
121
173
64
121
172
64
121
174
64
119
173
64
121
175
64
121
173
64
121
173
64
121
174
64
121
174
64
120
172
64
119
170
64
120
173
64
119
172
64
122
174
64
121
175
64
120
173
64
121
174
64
120
173
64
121
174
64
121
175
64
120
171
64
121
174
64
119
173
64
122
173
64
122
174
64
120
175
64
121
172
64
122
176
64
121
175
64
122
177
64
121
175
64
123
176
64
123
176
64
122
177
64
121
174
64
122
177
64
123
178
64
123
177
64
122
175
64
122
177
64
125
179
64
123
177
64
122
178
64
123
178
64
125
181
64
122
177
64
125
178
64
123
178
64
125
182
64
124
179
64
124
178
64
123
179
64
124
179
64
125
182
64
125
179
64
123
178
64
126
183
64
123
180
64
124
179
64
124
179
64
126
183
64
125
181
64
126
183
64
126
182
64
126
184
64
127
185
64
127
186
64
126
185
64
129
186
64
127
187
64
129
188
64
128
188
64
128
187
64
130
188
64
128
189
64
128
189
64
130
191
64
130
189
64
129
188
64
130
189
64
129
189
64
129
189
64
130
190
64
132
64
133
64
130
191
64
131
64
131
191
64
130
64
131
191
64
131
64
133
64
130
64
133
64
133
64
131
64
132
64
132
64
133
64
134
64
131
64
133
64
133
64
133
64
132
64
133
64
135
64
133
64
136
64
136
64
134
64
136
64
137
64
136
64
138
64
139
64
139
64
139
64
140
64
140
64
138
64
139
64
139
64
141
64
140
64
141
64
141
64
143
64
141
64
142
64
143
64
141
64
144
64
144
64
143
64
145
64
143
64
142
64
145
64
146
64
143
64
146
64
144
64
144
64
146
64
146
64
144
64
146
64
147
64
146
64
146
64
147
64
145
64
145
64
146
64
145
64
148
64
148
64
146
64
146
64
149
64
146
64
148
64
148
64
148
64
148
64
147
64
147
64
148
64
147
64
147
64
148
64
148
64
149
64
147
64
149
64
149
64
149
64
149
64
148
64
149
64
150
64
149
64
148
64
148
64
148
64
149
64
149
64
148
64
150
64
149
64
149
64
150
64
149
64
149
64
150
64
150
64
148
64
149
64
151
64
148
64
148
64
151
64
148
64
151
64
149
64
150
64
151
64
151
64
148
64
150
64
149
64
149
64
151
64
150
64
149
64
150
64
150
64
150
64
149
64
150
64
148
64
149
64
150
64
150
64
149
64
151
64
149
64
151
64
149
64
148
64
151
64
149
64
149
64
150
64
149
64
148
64
151
64
152
64
149
64
151
64
150
64
150
64
151
64
152
64
150
64
151
64
151
64
151
64
150
64
150
64
151
64
150
64
151
64
151
64
149
64
151
64
151
64
149
64
150
64
150
64
149
64
151
64
151
64
151
64
152
64
149
64
151
64
152
64
149
64
149
64
150
64
151
64
149
64
150
64
151
64
149
64
152
64
149
64
150
64
150
64
150
64
150
64
150
64
150
64
149
64
150
64
149
64
150
64
152
64
151
64
151
64
151
64
150
64
150
64
150
64
151
64
150
64
151
64
149
64
149
64
152
64
149
64
151
64
150
64
151
64
150
64
152
64
149
64
151
64
151
64
150
64
151
64
152
64
149
64
151
64
152
64
151
64
150
64
150
64
150
64
150
64
151
64
149
64
150
64
150
64
151
64
150
64
151
64
150
64
151
64
152
64
151
64
149
64
152
64
149
64
150
64
150
64
149
64
151
64
152
64
150
64
149
64
150
64
149
64
151
64
152
64
149
64
151
64
150
64
149
64
149
64
151
64
151
64
149
64
151
64
149
64
150
64
150
64
150
64
151
64
150
64
150
64
150
64
150
64
149
64
150
64
151
64
151
64
151
64
150
64
149
64
150
64
152
64
151
64
149
64
152
64
151
64
149
64
152
64
149
64
150
64
150
64
151
64
151
64
152
64
151
64
150
64
151
64
150
64
151
64
152
64
149
64
150
64
152
64
149
64
149
64
152
64
151
64
149
64
151
64
150
64
150
64
151
64
149
64
151
64
152
64
151
64
150
64
150
64
149
64
149
64
150
64
151
64
150
64
151
64
149
64
150
64
150
64
150
64
149
64
150
64
149
64
150
64
152
64
151
64
150
64
152
64
151
64
151
64
151
64
149
64
150
64
151
64
151
64
150
64
151
64
149
64
151
64
150
64
149
64
150
64
152
64
151
64
149
64
151
64
150
64
150
64
151
64
151
64
149
64
152
64
151
64
151
64
150
64
150
64
149
64
151
64
151
64
151
64
150
64
151
64
149
64
150
64
149
64
151
64
150
64
150
64
149
64
152
64
149
64
150
64
150
64
151
64
150
64
151
64
149
64
150
64
152
64
150
64
151
64
152
64
150
64
151
64
150
64
150
64
150
64
150
64
150
64
150
64
151
64
149
64
149
64
152
64
150
64
150
64
152
64
150
64
149
64
151
64
151
64
151
64
150
64
150
64
151
64
151
64
150
64
151
64
152
64
151
64
149
64
152
64
150
64
149
64
151
64
149
64
151
64
151
64
151
64
149
64
151
64
151
64
151
64
152
64
149
64
150
64
152
64
150
64
151
64
150
64
149
64
150
64
150
64
151
64
150
64
151
64
149
64
150
64
150
64
150
64
149
64
151
64
151
64
149
64
152
64
150
64
150
64
150
64
151
64
149
64
150
64
150
64
151
64
150
64
150
64
149
64
151
64
149
64
151
64
152
64
150
64
151
64
152
64
149
64
151
64
152
64
149
64
151
64
152
64
149
64
150
64
150
64
151
64
151
64
150
64
151
64
150
64
152
64
149
64
150
64
150
64
149
64
151
64
152
64
150
64
150
64
152
64
151
64
151
64
152
64
151
64
150
64
150
64
150
64
150
64
151
64
150
64
150
64
150
64
149
64
151
64
152
64
150
64
151
64
152
64
149
64
150
64
152
64
150
64
149
64
151
64
151
64
150
64
150
64
150
64
149
64
152
64
149
64
150
64
151
64
150
64
150
64
152
64
150
64
149
64
151
64
151
64
149
64
150
64
150
64
151
64
152
64
149
64
150
64
151
64
150
64
150
64
152
64
149
64
150
64
151
64
150
64
149
64
151
64
150
64
149
64
150
64
151
64
151
64
152
64
149
64
150
64
151
64
151
64
151
64
152
64
151
64
149
64
152
64
151
64
150
64
150
64
149
64
150
64
151
64
149
64
150
64
151
64
150
64
149
64
152
64
150
64
150
64
151
64
151
64
150
64
152
64
151
64
151
64
152
64
149
64
149
64
152
64
151
64
150
64
151
64
149
64
150
64
152
64
150
64
149
64
150
64
150
64
150
64
152
64
149
64
149
64
152
64
150
64
151
64
151
64
149
64
149
64
151
64
149
64
149
64
151
64
149
64
149
64
152
64
151
64
150
64
152
64
151
64
149
64
151
64
150
64
149
64
152
64
149
64
151
64
150
64
151
64
150
64
152
64
150
64
151
64
152
64
150
64
149
64
152
64
151
64
150
64
152
64
150
64
149
64
152
64
150
64
150
64
151
64
150
64
151
64
151
64
151
64
149
64
152
64
151
64
149
64
151
64
150
64
151
64
150
64
151
64
150
64
151
64
150
64
151
64
151
64
149
64
149
64
150
64
150
64
151
64
152
64
150
64
150
64
150
64
150
64
149
64
151
64
149
64
151
64
151
64
150
64
150
64
151
64
149
64
149
64
152
64
149
64
150
64
152
64
150
64
149
64
150
