129
127
128
129
129
129
130
131
131
130
129
128
128
128
128
129
127
126
127
126
126
127
127
126
125
124
124
124
125
126
125
124
124
126
125
126
127
126
126
128
128
128
129
127
126
126
125
126
127
128
128
127
127
128
128
127
128
127
127
128
129
129
129
130
128
128
127
127
126
126
126
125
126
126
125
127
127
127
126
127
128
128
129
128
129
130
130
131
130
129
129
129
130
129
130
128
127
127
128
128
128
128
129
129
128
128
129
128
128
128
128
128
128
129
127
126
126
127
126
127
128
129
130
129
129
130
129
128
128
127
127
126
127
129
129
129
130
131
131
131
131
133
133
134
135
136
137
136
137
137
137
137
136
137
139
139
141
141
143
143
145
145
147
147
147
147
148
147
147
146
146
146
149
149
149
149
150
150
150
151
152
152
152
151
151
151
152
153
154
155
157
158
159
160
161
160
160
161
161
161
162
164
166
167
169
170
169
171
171
172
171
172
171
172
174
175
175
176
176
175
175
177
176
176
179
180
180
181
180
182
181
182
182
183
184
184
184
184
185
185
184
186
186
186
188
189
189
189
191
64
77
89
98
108
117
124
132
139
145
151
157
161
165
169
172
177
179
182
184
186
188
189
64
77
92
103
114
124
134
141
150
155
162
168
172
177
181
184
189
64
80
95
108
117
129
139
149
157
163
167
171
179
183
188
64
79
92
106
119
130
141
150
157
164
169
178
184
190
64
80
97
110
124
135
145
154
162
168
174
181
188
64
80
97
112
125
138
148
157
165
172
177
185
191
64
81
96
112
126
138
149
160
169
177
186
64
84
102
117
129
141
153
163
171
180
186
64
85
103
120
135
147
158
170
178
186
64
84
103
118
132
146
159
170
179
187
64
85
104
120
136
149
162
171
181
190
64
85
104
120
136
148
161
172
182
64
83
102
121
136
150
163
175
184
64
84
103
121
137
150
162
173
182
64
86
105
121
137
154
166
179
191
64
86
105
124
139
154
169
180
190
64
85
105
124
142
158
170
183
64
88
108
127
144
160
173
186
64
88
110
128
144
159
173
187
64
87
107
128
147
162
175
188
64
87
107
128
144
159
174
187
64
86
110
128
147
162
175
187
64
87
108
128
147
165
179
64
90
113
134
151
166
180
64
89
111
132
150
165
180
64
89
111
131
150
166
181
64
90
112
133
151
168
182
64
89
113
133
152
170
186
64
89
113
134
153
170
185
64
91
113
133
152
170
186
64
90
114
135
153
171
186
64
89
114
135
154
170
188
64
90
113
135
155
172
189
64
90
116
139
160
178
64
92
116
138
158
176
64
93
117
138
158
178
64
92
118
140
162
180
64
91
118
141
164
182
64
92
117
141
162
182
64
92
118
141
164
182
64
93
119
143
164
183
64
94
120
144
166
184
64
92
120
145
165
183
64
94
121
145
167
187
64
93
120
144
166
183
64
94
120
143
166
184
64
92
118
142
165
184
64
93
119
142
164
183
64
92
118
142
164
185
64
94
120
143
166
186
64
94
122
146
167
187
64
94
121
144
165
185
64
93
121
147
167
185
64
93
120
142
164
184
64
92
121
145
167
187
64
93
119
143
164
185
64
92
119
143
166
186
64
93
121
144
167
188
64
93
121
146
168
187
64
94
120
144
165
186
64
92
120
144
166
185
64
94
122
146
169
189
64
92
120
146
167
186
64
93
119
144
166
186
64
92
119
143
165
186
64
95
123
146
167
186
64
93
122
147
169
188
64
95
121
145
167
188
64
94
123
149
170
189
64
94
122
147
168
189
64
92
121
146
169
189
64
93
121
144
166
185
64
92
121
146
169
187
64
93
119
142
166
188
64
93
120
146
169
188
64
95
123
148
170
190
64
92
119
145
167
187
64
93
119
143
167
187
64
93
122
148
170
189
64
95
121
144
168
189
64
92
119
145
168
187
64
95
122
146
170
190
64
93
120
146
169
187
64
94
121
146
170
189
64
94
121
147
170
189
64
93
120
144
166
188
64
92
119
144
167
187
64
93
119
143
166
185
64
92
121
146
168
186
64
95
122
145
168
188
64
94
123
148
170
188
64
95
122
147
170
189
64
94
122
148
170
188
64
95
121
146
168
188
64
93
121
146
168
188
64
94
120
144
166
186
64
94
121
146
169
187
64
94
122
145
167
187
64
92
120
144
166
186
64
95
121
146
170
190
64
92
121
147
170
190
64
93
120
145
167
186
64
94
123
148
171
190
64
94
122
148
171
64
95
124
151
175
64
96
125
150
173
64
95
122
150
174
64
96
126
153
178
64
96
125
152
177
64
96
127
156
179
64
98
127
154
179
64
98
129
157
182
64
99
130
158
182
64
98
129
156
182
64
98
131
161
186
64
100
131
161
188
64
100
131
160
186
64
99
132
161
186
64
100
132
163
190
64
101
134
163
190
64
98
132
162
188
64
101
132
162
190
64
102
135
164
64
100
134
165
191
64
100
133
162
190
64
99
132
161
187
64
100
132
162
190
64
100
133
164
190
64
101
136
167
64
101
135
166
64
101
135
167
64
100
135
164
64
103
137
167
64
101
135
166
64
101
135
168
64
102
138
170
64
105
142
174
64
106
143
176
64
105
141
177
64
107
145
181
64
106
145
181
64
107
145
181
64
109
149
186
64
109
150
187
64
109
149
187
64
109
151
188
64
110
152
191
64
111
153
64
111
155
64
112
154
64
111
154
64
112
155
64
112
157
64
113
157
64
113
158
64
113
157
64
113
157
64
113
159
64
114
159
64
115
159
64
113
160
64
116
160
64
115
160
64
115
161
64
114
162
64
116
163
64
114
162
64
116
163
64
116
164
64
116
162
64
116
164
64
115
162
64
115
162
64
115
161
64
117
164
64
117
163
64
115
162
64
116
162
64
116
165
64
117
165
64
115
164
64
118
166
64
117
165
64
116
162
64
117
164
64
118
166
64
115
163
64
117
164
64
115
165
64
117
164
64
117
166
64
118
167
64
116
164
64
117
164
64
118
167
64
118
165
64
118
166
64
118
165
64
117
165
64
119
167
64
116
165
64
117
165
64
117
165
64
117
165
64
118
167
64
117
166
64
116
166
64
118
166
64
117
165
64
117
164
64
118
166
64
119
167
64
117
167
64
117
164
64
116
164
64
118
165
64
116
164
64
118
167
64
116
166
64
118
165
64
116
167
64
117
166
64
116
165
64
117
165
64
116
167
64
118
167
64
116
167
64
118
168
64
117
168
64
119
166
64
117
168
64
119
166
64
118
168
64
117
167
64
116
165
64
118
167
64
118
168
64
117
166
64
117
168
64
117
167
64
116
167
64
119
169
64
117
167
64
118
168
64
116
166
64
117
166
64
117
166
64
118
166
64
116
167
64
118
168
64
118
168
64
119
167
64
116
165
64
117
165
64
117
167
64
118
166
64
116
165
64
119
167
64
117
167
64
119
169
64
116
166
64
117
167
64
116
166
64
117
165
64
116
167
64
117
165
64
117
167
64
117
167
64
117
167
64
117
167
64
117
165
64
118
168
64
118
168
64
119
167
64
117
166
64
119
167
64
117
167
64
117
166
64
117
165
64
118
167
64
117
165
64
119
168
64
118
166
64
117
166
64
119
167
64
117
167
64
119
168
64
119
167
64
117
167
64
119
168
64
118
167
64
119
168
64
119
168
64
118
167
64
117
165
64
119
167
64
117
166
64
118
167
64
118
168
64
119
167
64
119
168
64
117
167
64
119
168
64
119
168
64
117
167
64
119
169
64
118
168
64
119
169
64
117
167
64
117
166
64
118
167
64
118
167
64
119
168
64
119
167
64
119
168
64
117
167
64
119
167
64
117
167
64
117
167
64
117
166
64
118
166
64
118
168
64
119
169
64
117
167
64
117
167
64
117
166
64
118
167
64
119
168
64
117
166
64
118
167
64
119
168
64
118
166
64
118
167
64
118
166
64
118
166
64
117
166
64
117
165
64
117
167
64
119
168
64
117
165
64
119
167
64
119
169
64
117
166
64
118
166
64
117
165
64
118
166
64
118
168
64
119
168
64
117
167
64
117
167
64
117
165
64
119
168
64
117
167
64
117
165
64
117
165
64
119
167
64
117
166
64
119
167
64
118
167
64
119
167
64
118
168
64
119
169
64
117
167
64
117
165
64
119
167
64
118
168
64
118
167
64
117
166
64
117
166
64
119
167
64
118
166
64
118
168
64
119
167
64
119
169
64
119
167
64
117
165
64
117
167
64
119
167
64
119
169
64
118
168
64
118
166
64
118
168
64
118
168
64
117
165
64
117
166
64
118
166
64
117
165
64
119
167
64
118
167
64
117
167
64
118
168
64
118
168
64
119
167
64
117
166
64
119
169
64
117
167
64
118
168
64
119
168
64
118
168
64
117
165
64
119
169
64
118
166
64
117
167
64
119
167
64
117
165
64
117
167
64
119
169
64
117
167
64
119
167
64
117
166
64
119
169
64
119
168
64
118
168
64
119
168
64
117
165
64
119
169
64
118
164
64
117
164
64
117
165
64
115
161
64
114
158
64
113
158
64
115
158
64
113
157
64
112
155
64
113
156
64
112
154
64
111
154
64
112
154
64
109
151
190
64
110
151
190
64
111
152
189
64
110
150
186
64
107
147
184
64
110
150
187
64
109
147
183
64
107
148
184
64
109
148
183
64
106
145
181
64
107
146
180
64
108
147
180
64
105
143
178
64
106
144
177
64
105
144
176
64
104
141
177
64
104
142
176
64
106
144
176
64
104
141
174
64
103
141
176
64
105
140
174
64
103
140
173
64
103
139
172
64
103
140
173
64
104
138
172
64
103
140
173
64
105
140
171
64
104
141
173
64
102
137
171
64
105
140
171
64
104
139
171
64
102
137
168
64
104
139
169
64
102
137
171
64
101
136
169
64
102
138
170
64
102
137
170
64
101
137
168
64
104
138
168
64
102
136
168
64
102
139
171
64
102
137
167
64
103
139
171
64
101
138
168
64
104
138
170
64
102
136
168
64
102
136
169
64
102
137
168
64
103
139
171
64
101
137
169
64
102
137
168
64
101
135
168
64
103
137
167
64
102
138
168
64
102
136
167
64
103
139
170
64
104
138
168
64
102
136
168
64
101
136
166
64
102
136
167
64
102
136
168
64
101
137
168
64
104
138
170
64
102
135
168
64
101
137
168
64
103
137
169
64
103
137
168
64
101
135
166
64
102
136
166
64
103
137
168
64
101
136
168
64
102
135
167
64
101
136
167
64
102
137
168
64
101
137
168
64
101
135
168
64
102
137
168
64
101
137
168
64
102
135
167
64
100
135
167
64
102
138
169
64
102
136
168
64
101
138
169
64
101
136
167
64
103
137
169
64
101
137
169
64
102
138
167
64
102
136
168
64
101
138
168
64
103
137
167
64
101
135
166
64
100
137
167
64
103
138
169
64
102
136
168
64
102
138
170
64
102
138
168
64
101
135
167
64
101
138
168
64
101
137
169
64
102
136
168
64
100
136
168
64
101
135
166
64
102
137
168
64
101
136
168
64
102
137
169
64
102
135
166
64
102
138
169
64
101
135
165
64
102
136
169
64
101
138
169
64
101
135
167
64
102
135
168
64
101
138
168
64
101
135
166
64
102
135
167
64
102
137
167
64
103
137
167
64
103
137
168
64
102
138
169
64
101
136
166
64
101
136
169
64
100
135
166
64
103
139
168
64
103
136
167
64
101
136
166
64
103
139
169
64
103
137
167
64
102
137
169
64
102
137
168
64
101
135
167
64
102
137
169
64
101
135
167
64
103
138
168
64
102
136
169
64
102
136
167
64
103
137
169
64
102
136
168
64
101
136
167
64
103
138
169
64
100
135
166
64
101
137
167
64
102
137
169
64
102
138
170
64
102
137
166
64
102
135
167
64
100
135
165
64
101
135
165
64
101
135
168
64
101
136
168
64
102
137
166
64
103
138
168
64
101
138
168
64
101
137
167
64
102
137
170
64
102
136
169
64
101
136
167
64
102
136
167
64
102
138
170
64
103
138
168
64
102
137
169
64
102
138
168
64
102
137
168
64
102
135
168
64
100
137
169
64
102
137
168
64
102
136
167
64
101
138
170
64
103
139
168
64
103
138
170
64
102
138
170
64
101
135
167
64
102
137
170
64
102
136
167
64
101
135
165
64
101
134
165
64
100
137
168
64
101
137
168
64
101
136
169
64
102
138
168
64
101
136
167
64
103
138
170
64
101
138
168
64
102
138
167
64
103
136
168
64
100
136
167
64
101
137
167
64
102
137
168
64
102
138
170
64
103
138
169
64
102
135
166
64
101
137
168
64
103
139
169
64
101
135
167
64
100
135
166
64
102
138
169
64
103
137
169
64
102
138
169
64
102
138
167
64
101
134
165
64
101
138
168
64
101
137
169
64
101
135
166
64
102
137
169
64
103
137
168
64
102
137
169
64
101
137
168
64
103
138
169
64
102
135
167
64
101
138
170
64
102
136
166
64
101
134
165
64
102
137
169
64
102
138
167
64
103
138
168
64
102
136
168
64
101
136
167
64
101
136
167
64
100
135
166
64
103
138
168
64
101
136
169
64
102
136
169
64
101
136
168
64
103
136
169
64
102
137
168
64
102
137
166
64
102
135
167
64
100
135
166
64
101
136
168
64
101
134
165
64
100
137
168
64
103
138
167
64
103
136
167
64
102
138
170
64
102
138
169
64
103
137
167
64
100
137
167
64
101
135
167
64
103
138
170
64
100
137
167
64
101
136
166
64
102
137
170
64
100
135
165
64
102
138
169
64
101
134
167
64
100
136
168
64
102
136
168
64
102
137
169
64
100
136
168
64
101
136
166
64
101
134
165
64
102
137
167
64
101
136
168
64
103
136
167
64
100
136
166
64
103
139
169
64
102
136
168
64
102
136
169
64
103
138
167
64
101
135
166
64
101
137
169
64
102
137
168
64
103
136
167
64
100
135
166
64
102
137
167
64
101
135
166
64
100
136
166
64
101
137
169
64
102
137
168
64
102
136
168
64
101
136
166
64
102
136
167
64
100
137
168
64
103
137
166
64
101
136
168
64
100
136
166
64
102
136
168
64
101
134
167
64
100
136
166
64
103
137
168
64
102
136
167
64
102
138
169
64
102
136
166
64
103
136
167
64
102
137
168
64
103
139
168
64
103
138
169
64
100
137
167
64
102
136
167
64
103
136
168
64
102
137
168
64
103
139
170
64
101
134
165
