129
127
128
128
127
126
127
126
127
127
126
126
127
127
126
125
126
128
129
129
128
129
130
131
129
130
130
130
130
130
130
129
129
128
127
126
127
128
127
127
127
127
127
128
129
129
129
130
128
127
128
127
126
126
128
128
127
126
127
126
126
126
127
127
127
126
126
127
127
128
127
126
126
125
126
126
128
129
129
128
129
130
129
129
130
128
128
129
128
129
130
131
130
130
131
130
130
130
129
130
130
131
132
132
133
131
132
130
130
129
128
128
127
128
129
130
130
131
130
131
130
129
128
127
128
128
127
128
128
128
127
127
126
127
126
126
125
125
124
123
123
122
123
123
124
124
124
124
125
126
125
127
127
127
127
127
128
129
130
129
129
129
129
129
128
127
126
127
126
125
125
125
125
126
125
125
124
125
124
124
125
126
127
127
128
128
127
126
127
127
128
129
129
129
128
128
129
129
130
129
130
129
130
131
131
130
131
131
130
131
129
129
129
130
129
130
130
131
130
129
129
128
127
127
126
125
124
124
123
124
123
122
123
122
124
125
124
126
127
128
128
129
130
129
127
127
126
127
126
125
125
124
125
125
125
126
128
128
129
128
127
128
128
127
127
128
127
127
128
129
130
131
131
130
131
131
131
130
129
129
128
128
128
129
130
130
129
128
128
127
128
128
129
129
128
128
129
128
127
126
125
126
125
124
125
126
126
126
127
128
127
128
129
130
131
132
130
130
129
129
130
129
129
129
129
130
132
133
134
135
134
136
137
137
138
139
138
139
140
140
141
141
141
140
141
140
139
138
139
140
142
142
144
143
145
145
146
146
145
146
148
149
148
148
148
146
145
146
147
147
149
149
151
151
151
151
153
153
154
155
156
155
154
157
157
157
157
159
159
160
162
163
162
162
161
160
160
161
163
163
164
165
167
166
167
166
167
167
169
168
170
172
174
173
173
174
175
174
173
172
171
171
171
174
174
174
174
174
176
176
178
179
178
179
179
181
182
182
184
183
185
186
185
185
187
189
190
64
76
87
98
106
114
122
131
137
142
149
154
157
161
164
166
170
173
177
181
184
187
189
190
190
191
64
78
92
103
114
124
133
139
147
153
158
165
170
173
177
179
183
185
189
191
64
79
94
105
118
128
137
145
154
159
164
168
173
177
183
188
191
64
78
92
107
120
130
141
148
154
162
167
175
181
187
64
80
95
109
122
132
143
153
161
167
174
179
186
191
64
82
97
110
123
134
143
153
162
168
176
180
185
188
64
81
96
109
123
135
145
153
164
171
178
184
191
64
82
98
111
125
136
148
158
167
173
179
186
64
81
96
112
123
134
144
153
162
169
177
183
189
64
81
97
111
126
137
148
156
165
172
177
185
190
64
80
95
110
122
133
144
155
163
171
178
183
189
64
80
96
110
123
136
148
157
166
174
180
185
191
64
81
96
111
124
135
146
155
164
172
179
186
190
64
80
95
107
121
133
143
153
160
168
176
182
187
64
82
98
113
125
137
146
154
161
168
177
184
190
64
81
97
109
122
133
144
154
162
170
177
182
186
191
64
81
96
111
125
135
143
152
159
167
174
180
185
189
64
80
95
108
121
132
142
153
160
167
173
179
185
189
64
80
96
111
124
134
143
150
157
163
170
178
185
189
64
80
94
107
118
129
140
149
158
167
173
179
185
190
64
81
94
107
121
132
143
151
160
166
171
175
180
186
64
79
94
108
119
129
140
148
155
163
169
174
181
186
190
64
78
94
105
119
130
140
148
157
164
170
174
179
184
188
64
79
95
109
120
131
139
149
158
167
172
179
183
187
191
64
78
93
107
120
130
140
148
156
161
167
172
177
183
188
191
64
81
96
110
122
132
142
150
158
165
170
175
179
183
187
64
81
97
111
122
133
143
151
158
166
172
179
184
189
64
79
93
106
117
130
140
149
157
164
172
178
183
188
64
81
95
107
120
131
141
148
155
164
170
177
183
186
191
64
79
93
107
119
130
142
150
159
165
172
178
182
187
64
81
95
109
120
132
141
148
155
161
168
174
181
187
64
81
95
108
119
130
139
149
157
163
169
174
178
181
186
191
64
81
96
108
120
130
139
150
159
165
171
176
181
185
189
64
79
94
107
121
132
141
151
159
166
171
175
181
185
191
64
81
95
109
119
129
139
150
159
167
172
177
181
186
190
64
82
97
111
124
135
145
152
158
164
171
177
184
189
64
81
94
107
118
127
136
146
154
163
168
174
178
183
188
64
79
96
109
121
133
143
153
160
166
171
175
180
184
188
64
79
94
108
119
128
136
146
153
162
167
173
179
183
187
190
64
80
94
107
118
130
138
145
153
161
168
176
180
186
190
64
80
95
107
119
130
140
148
156
163
169
174
179
184
188
64
79
93
108
118
129
138
146
153
160
166
173
179
183
186
189
64
78
91
105
117
128
138
147
155
162
168
174
178
183
188
64
80
96
108
121
132
140
150
159
167
173
178
184
189
64
80
97
111
123
133
143
151
158
165
170
176
181
187
64
80
96
110
120
130
139
146
155
164
171
176
182
185
189
64
79
94
107
120
131
141
148
156
164
168
175
180
184
187
64
79
93
105
117
126
134
143
152
160
167
174
179
182
186
190
64
81
95
108
120
130
139
147
154
159
168
173
178
183
188
64
79
92
104
116
128
139
147
154
161
168
174
179
184
188
64
80
95
109
120
130
138
145
154
162
169
174
179
183
188
191
64
78
91
105
117
128
137
145
153
161
166
171
179
183
188
64
79
95
109
121
131
143
151
158
165
170
177
181
184
187
191
64
79
95
109
121
131
140
147
156
163
169
176
182
188
64
80
93
105
116
125
135
146
154
162
167
173
179
182
185
188
64
81
97
110
122
131
139
148
154
161
170
176
181
186
190
64
78
94
107
119
129
139
148
157
165
172
177
181
184
188
64
79
95
108
121
132
142
150
157
165
170
177
182
186
191
64
78
92
106
118
129
139
147
156
162
168
173
179
184
190
64
79
94
106
117
126
136
144
153
162
168
174
179
183
187
191
64
80
94
107
119
129
138
148
154
162
169
173
179
186
64
80
96
112
125
137
148
157
166
174
180
185
190
64
80
96
108
120
132
143
154
161
168
174
179
184
188
191
64
81
98
112
125
137
149
159
169
176
184
190
64
82
98
112
124
135
147
155
164
174
182
189
64
82
98
115
128
139
151
161
170
179
187
64
82
98
112
126
138
150
159
168
176
183
190
64
81
97
113
129
143
156
165
173
182
188
64
82
99
115
131
143
154
165
174
183
189
64
84
102
118
132
147
158
169
178
188
64
83
102
117
130
144
155
164
174
183
64
86
105
122
137
149
161
171
183
64
85
104
121
134
146
157
166
175
183
191
64
82
99
115
130
144
157
168
178
189
64
85
102
118
132
145
158
169
178
187
64
83
101
116
129
143
155
169
180
188
64
84
103
119
133
147
160
172
182
190
64
85
103
120
135
148
160
173
183
64
85
103
120
134
146
159
171
181
190
64
85
105
122
136
149
162
174
185
64
85
105
124
141
156
168
182
191
64
88
109
127
143
157
169
180
191
64
89
110
130
146
161
173
184
64
87
109
129
145
161
176
190
64
88
110
129
148
164
181
64
90
111
132
150
167
183
64
91
114
135
153
170
187
64
89
113
133
153
171
188
64
90
116
137
158
176
64
92
117
138
160
178
64
93
118
140
162
181
64
90
116
140
162
183
64
91
118
140
162
180
64
94
119
143
164
184
64
91
119
142
164
183
64
94
122
148
171
190
64
95
124
148
169
190
64
95
121
146
170
191
64
94
122
147
171
64
96
123
148
173
64
95
122
151
173
64
96
123
151
175
64
96
127
154
179
64
96
126
153
177
64
99
128
156
181
64
98
129
159
185
64
97
128
156
182
64
100
132
162
187
64
98
132
161
186
64
99
132
163
190
64
99
133
162
190
64
100
135
165
64
101
133
162
191
64
102
136
167
64
101
135
164
64
101
136
166
64
101
136
166
64
101
136
167
64
101
137
166
64
101
136
167
64
102
137
168
64
102
137
167
64
104
139
171
64
102
137
169
64
101
138
171
64
104
139
170
64
103
139
171
64
105
142
176
64
105
143
177
64
106
143
179
64
105
144
179
64
106
146
182
64
106
145
179
64
107
146
180
64
107
146
182
64
109
148
184
64
108
150
188
64
109
150
185
64
107
147
186
64
108
150
187
64
110
150
187
64
110
149
186
64
108
150
186
64
111
152
188
64
111
152
191
64
110
151
189
64
111
153
190
64
109
150
187
64
111
154
64
111
154
64
110
154
64
109
151
190
64
111
153
191
64
109
149
187
64
111
155
64
113
155
64
110
153
64
112
156
64
111
154
64
110
153
64
112
157
64
113
158
64
111
154
64
115
160
64
114
157
64
112
158
64
116
161
64
115
162
64
116
163
64
115
163
64
118
165
64
117
166
64
118
168
64
118
167
64
118
168
64
119
168
64
119
168
64
118
168
64
121
170
64
122
175
64
121
171
64
120
171
64
120
172
64
121
173
64
121
173
64
122
176
64
124
177
64
121
176
64
122
174
64
123
178
64
125
177
64
123
178
64
125
179
64
123
177
64
123
178
64
124
181
64
126
181
64
124
180
64
125
179
64
125
181
64
124
178
64
124
181
64
125
182
64
125
182
64
124
179
64
126
184
64
127
182
64
124
180
64
125
180
64
127
185
64
127
184
64
125
180
64
128
183
64
126
184
64
125
182
64
128
185
64
126
183
64
127
183
64
127
185
64
128
185
64
127
184
64
125
182
64
127
184
64
127
185
64
127
183
64
127
186
64
127
184
64
125
183
64
126
184
64
128
185
64
127
184
64
127
185
64
128
185
64
128
184
64
126
181
64
126
186
64
129
184
64
125
183
64
128
184
64
127
185
64
128
186
64
126
186
64
127
183
64
127
183
64
127
183
64
126
185
64
128
185
64
126
182
64
128
187
64
127
184
64
127
185
64
128
187
64
128
185
64
128
186
64
128
185
64
127
185
64
129
186
64
129
187
64
128
185
64
128
187
64
128
185
64
129
187
64
127
183
64
126
184
64
128
184
64
127
186
64
128
184
64
128
188
64
129
185
64
128
187
64
128
185
64
128
186
64
128
186
64
129
189
64
129
187
64
128
185
64
129
186
64
129
187
64
127
184
64
127
186
64
130
188
64
127
184
64
129
186
64
128
188
64
128
187
64
126
186
64
129
186
64
129
187
64
127
183
64
128
188
64
129
188
64
128
185
64
129
188
64
127
185
64
127
184
64
127
187
64
128
184
64
128
186
64
130
187
64
129
187
64
127
183
64
128
187
64
130
188
64
126
184
64
130
187
64
129
187
64
127
184
64
129
189
64
129
187
64
129
187
64
127
185
64
128
187
64
127
186
64
127
186
64
130
187
64
129
188
64
127
185
64
128
188
64
129
188
64
126
184
64
129
187
64
128
187
64
127
183
64
129
187
64
129
187
64
128
186
64
127
184
64
129
186
64
128
185
64
128
186
64
128
187
64
129
186
64
129
186
64
128
188
64
127
184
64
128
185
64
129
188
64
129
186
64
127
184
64
127
183
64
128
184
64
126
186
64
129
186
64
128
186
64
129
188
64
127
184
64
126
184
64
127
186
64
128
185
64
127
184
64
130
188
64
126
185
64
128
184
64
128
188
64
128
187
64
126
183
64
126
183
64
127
184
64
129
186
64
127
186
64
128
186
64
127
184
64
129
185
64
127
184
64
128
185
64
128
187
64
129
186
64
128
187
64
129
185
64
127
186
64
127
186
64
126
185
64
127
184
64
129
186
64
127
184
64
126
184
64
129
185
64
128
185
64
128
185
64
127
185
64
129
186
64
128
186
64
126
184
64
128
186
64
128
184
64
128
186
64
128
184
64
126
184
64
128
183
64
129
187
64
128
185
64
127
186
64
127
184
64
129
188
64
127
184
64
127
183
64
130
187
64
128
186
64
127
182
64
127
185
64
129
187
64
128
186
64
127
184
64
129
186
64
128
185
64
128
186
64
129
187
64
128
187
64
129
186
64
128
186
64
128
185
64
126
183
64
129
186
64
128
185
64
129
185
64
127
185
64
127
186
64
128
187
64
128
188
64
129
187
64
127
185
64
128
184
64
128
184
64
128
187
64
128
186
64
127
187
64
127
184
64
127
184
64
126
186
64
128
185
64
127
183
64
128
186
64
129
186
64
126
183
64
127
184
64
127
185
64
127
185
64
127
184
64
130
188
64
129
187
64
127
184
64
126
184
64
129
187
64
126
185
64
129
186
64
128
186
64
129
185
64
128
186
64
130
187
64
128
187
64
129
185
64
127
184
64
129
188
64
127
185
64
128
185
64
129
188
64
129
187
64
128
185
64
129
185
64
128
185
64
127
184
64
126
185
64
129
188
64
127
185
64
126
182
64
129
187
64
128
185
64
127
185
64
130
188
64
126
184
64
127
184
64
128
187
64
127
186
64
127
184
64
128
186
64
128
187
64
127
185
64
126
183
64
128
185
64
126
183
64
128
183
64
127
186
64
128
186
64
127
186
64
127
186
64
127
186
64
129
185
64
127
185
64
129
187
64
128
186
64
129
184
64
127
186
64
127
185
64
127
186
64
128
185
64
129
187
64
127
185
64
128
186
64
128
187
64
126
185
64
128
185
64
129
186
64
129
185
64
127
185
64
128
186
64
129
188
64
128
185
64
127
187
64
127
186
64
127
185
64
127
182
64
128
187
64
128
185
64
127
184
64
128
185
64
126
184
64
127
184
64
128
188
64
127
185
64
128
185
64
129
188
64
129
187
64
127
185
64
129
187
64
127
184
64
126
184
64
127
186
64
129
187
64
129
186
64
126
183
64
128
187
64
126
184
64
128
184
64
129
189
64
129
188
64
126
185
64
128
185
64
128
185
64
127
184
64
126
183
64
128
186
64
128
186
64
127
184
64
129
186
64
129
188
64
126
185
64
130
188
64
128
186
64
128
184
64
127
187
64
128
186
64
128
187
64
129
186
64
129
187
64
127
184
64
128
187
64
128
186
64
127
185
64
129
186
64
128
187
64
127
184
64
128
185
64
126
183
64
129
187
64
128
184
64
128
186
64
128
184
64
126
186
64
128
185
64
127
187
64
129
188
64
128
186
64
126
184
64
129
187
64
128
185
64
128
187
64
130
188
64
127
185
64
127
183
64
127
186
64
128
186
64
127
184
64
129
