128
127
126
127
127
128
128
128
129
128
129
128
129
129
128
128
128
129
130
130
130
130
129
129
129
128
129
128
128
128
127
126
127
127
126
127
128
129
130
130
131
130
130
129
128
129
128
127
127
128
127
127
126
127
128
129
130
129
129
128
128
129
130
130
130
128
127
127
127
126
125
127
127
127
126
125
125
126
127
126
127
128
128
127
127
128
127
128
128
127
128
128
127
128
127
128
129
128
128
127
127
126
125
124
125
125
126
127
126
125
125
126
127
126
126
127
126
128
129
128
129
128
129
128
127
126
126
127
128
129
128
128
127
128
129
128
127
126
126
127
128
128
128
127
126
125
125
126
127
126
127
128
128
129
128
127
128
129
130
128
127
126
127
128
129
127
127
126
126
126
125
125
125
125
124
123
125
126
127
127
128
128
129
130
131
129
129
128
129
130
129
129
128
129
129
128
127
127
126
125
126
126
126
125
126
127
128
127
126
125
125
126
125
125
124
125
126
126
126
127
127
126
126
125
126
125
125
127
127
128
127
128
127
128
128
127
126
127
126
127
126
126
127
127
127
127
126
127
126
127
126
126
125
126
126
126
127
128
128
128
129
129
130
128
127
126
126
126
126
126
127
127
127
127
128
128
127
126
126
125
125
126
125
125
127
126
125
125
124
126
126
126
127
128
128
127
126
125
126
127
128
127
126
125
124
124
126
125
124
126
126
126
125
124
125
124
123
123
124
125
125
124
125
125
125
125
124
126
126
126
125
124
124
124
123
124
123
125
124
124
124
125
125
124
126
127
127
127
126
126
125
127
127
128
127
126
126
127
127
128
129
129
128
127
127
126
127
126
125
125
125
125
125
125
125
124
124
126
127
128
127
128
127
127
128
127
128
127
127
127
128
129
128
127
127
127
126
125
124
124
124
124
126
126
126
125
126
126
125
126
125
125
126
127
127
127
126
126
125
125
127
127
128
128
128
129
128
129
128
129
127
128
127
126
125
126
125
124
123
124
125
126
127
126
126
127
126
126
126
125
126
126
126
126
126
125
127
127
126
127
126
125
126
127
126
127
127
126
126
125
124
126
126
126
125
125
126
125
124
125
125
125
124
124
124
124
124
123
123
125
125
124
124
125
124
125
125
126
125
125
124
125
126
128
129
127
127
128
127
128
127
126
127
128
129
130
130
129
130
129
128
129
130
129
128
128
127
126
126
127
128
129
129
129
130
129
129
128
129
130
129
129
130
129
130
130
129
128
129
128
127
126
127
126
126
126
126
127
126
127
128
128
128
127
126
127
126
127
128
129
129
128
127
126
125
125
125
126
125
124
124
123
124
126
126
126
126
125
125
125
124
125
127
128
127
127
128
129
128
129
130
129
129
130
129
129
130
129
129
128
128
129
130
131
129
130
129
129
128
127
128
127
128
129
130
128
127
126
127
126
127
128
127
127
126
127
127
127
128
127
126
127
127
128
127
126
126
125
125
126
127
127
127
127
127
127
127
128
128
127
128
127
126
127
127
128
129
128
129
130
130
129
128
127
127
127
128
127
128
127
126
125
127
127
127
126
127
128
129
129
128
129
128
129
129
128
129
128
129
128
129
128
128
128
129
128
127
128
127
126
127
128
128
129
129
129
129
129
130
129
129
129
130
131
131
130
130
129
128
130
132
132
133
135
134
136
138
137
138
139
140
141
140
141
140
142
142
142
143
143
143
144
144
145
145
146
147
149
150
152
153
155
156
156
158
157
158
160
160
163
164
163
163
164
164
166
167
168
169
64
74
85
95
106
114
123
129
135
141
147
152
157
161
164
167
64
76
90
101
113
121
129
137
144
150
156
161
166
64
80
95
108
120
131
142
150
157
163
168
64
82
97
111
124
136
146
157
166
64
83
101
116
128
141
154
163
64
83
100
117
130
143
155
167
64
85
103
121
137
153
165
64
85
105
124
140
155
169
64
86
105
124
141
157
64
86
109
129
148
164
64
88
109
130
149
167
64
89
114
136
155
64
92
116
139
161
64
91
116
140
160
64
93
120
145
166
64
94
121
146
168
64
94
122
146
168
64
93
121
148
64
93
122
148
64
95
123
149
64
95
122
150
64
96
127
152
64
97
126
154
64
97
127
155
64
98
129
159
64
98
130
160
64
100
135
165
64
102
137
168
64
102
137
168
64
103
140
64
105
142
64
106
144
64
107
143
64
107
146
64
107
145
64
106
147
64
109
147
64
108
150
64
108
147
64
109
150
64
110
152
64
110
154
64
112
154
64
110
153
64
111
155
64
110
152
64
112
156
64
110
156
64
112
156
64
113
158
64
112
156
64
113
158
64
112
158
64
113
158
64
113
159
64
113
159
64
113
159
64
114
159
64
115
159
64
114
161
64
115
161
64
114
160
64
115
162
64
115
162
64
116
163
64
116
162
64
117
162
64
114
162
64
116
164
64
114
162
64
116
162
64
116
163
64
116
163
64
116
163
64
118
165
64
117
166
64
117
164
64
117
165
64
118
165
64
115
162
64
116
165
64
115
163
64
117
166
64
117
166
64
118
167
64
116
165
64
117
165
64
118
165
64
118
166
64
118
167
64
118
166
64
118
165
64
117
166
64
116
166
64
117
166
64
116
165
64
117
164
64
117
165
64
117
166
64
118
168
64
117
166
64
118
167
64
119
167
64
116
164
64
117
165
64
118
168
64
119
166
64
118
167
64
118
166
64
118
167
64
117
166
64
116
164
64
117
164
64
117
167
64
117
164
64
116
166
64
119
167
64
118
168
64
119
167
64
118
166
64
117
165
64
117
168
64
119
167
64
118
168
64
117
166
64
118
169
64
119
168
64
118
168
64
119
168
64
116
165
64
118
167
64
118
169
64
118
166
64
116
167
64
118
166
64
118
168
64
119
167
64
116
165
64
118
168
64
117
167
64
117
166
64
118
168
64
118
166
64
118
169
64
119
167
64
117
167
64
117
167
64
116
167
64
119
169
64
116
166
64
118
167
64
117
168
64
119
169
64
116
167
64
118
167
64
118
169
64
117
167
64
116
167
64
119
167
64
117
166
64
119
169
64
117
166
64
118
167
64
116
166
64
117
166
64
118
168
64
119
169
64
118
168
64
119
167
64
117
167
64
118
166
64
119
168
64
117
167
64
118
167
64
119
168
64
119
169
64
118
166
64
118
166
64
118
168
64
119
169
64
118
166
64
117
165
64
119
168
64
119
167
64
119
169
64
119
169
64
119
168
64
117
166
64
118
167
64
118
166
64
117
167
64
117
166
64
119
167
64
117
165
64
118
168
64
117
165
64
119
169
64
118
166
64
118
166
64
119
169
64
117
167
64
118
166
64
118
166
64
117
166
64
117
165
64
119
169
64
119
167
64
119
168
64
117
165
64
117
165
64
118
168
64
117
165
64
117
167
64
118
168
64
117
167
64
117
167
64
117
167
64
117
167
64
118
166
64
118
167
64
119
168
64
117
166
64
119
168
64
117
167
64
119
167
64
118
166
64
117
165
64
117
166
64
119
167
64
118
166
64
118
168
64
118
168
64
117
166
64
117
166
64
117
166
64
118
167
64
119
167
64
118
166
64
119
168
64
117
167
64
119
167
64
118
167
64
117
165
64
117
166
64
118
167
64
119
169
64
117
166
64
118
167
64
119
169
64
118
167
64
117
165
64
118
168
64
119
169
64
118
168
64
118
168
64
117
167
64
117
166
64
119
168
64
117
167
64
119
169
64
118
167
64
119
167
64
117
166
64
117
166
64
117
165
64
117
167
64
118
168
64
117
167
64
118
166
64
117
165
64
117
167
64
118
166
64
119
168
64
118
168
64
118
166
64
118
168
64
119
169
64
118
166
64
117
166
64
119
169
64
118
166
64
118
167
64
119
168
64
118
168
64
118
167
64
117
167
64
117
167
64
119
167
64
119
168
64
119
168
64
117
167
64
119
169
64
119
169
64
118
168
64
118
168
64
117
167
64
117
165
64
118
166
64
117
165
64
118
166
64
118
167
64
118
166
64
118
168
64
119
167
64
119
167
64
119
169
64
118
166
64
117
166
64
117
166
64
118
167
64
117
167
64
117
166
64
117
167
64
117
165
64
118
166
64
117
166
64
117
165
64
117
165
64
119
167
64
118
166
64
118
167
64
117
166
64
118
168
64
118
166
64
118
168
64
119
167
64
117
166
64
118
168
64
118
168
64
118
166
64
118
167
64
119
168
64
117
165
64
118
167
64
118
166
64
117
167
64
119
167
64
117
166
64
117
165
64
118
168
64
119
167
64
118
166
64
119
168
64
118
167
64
119
169
64
118
166
64
117
165
64
118
168
64
119
167
64
119
169
64
117
167
64
117
167
64
117
167
64
118
167
64
117
165
64
118
167
64
118
166
64
117
165
64
119
167
64
119
167
64
118
167
64
118
166
64
118
166
64
117
166
64
117
167
64
119
169
64
119
168
64
117
166
64
118
168
64
119
169
64
117
166
64
118
166
64
119
169
64
117
165
64
118
167
64
118
166
64
118
167
64
118
166
64
118
168
64
117
167
64
117
166
