128
128
127
126
126
125
124
125
126
125
124
124
124
125
126
125
126
126
128
131
132
133
134
135
136
138
139
140
142
143
144
145
145
145
145
145
148
149
151
153
154
156
155
155
154
155
155
156
156
156
156
159
161
163
164
164
163
164
164
163
164
163
165
166
168
169
171
173
175
174
176
176
178
179
178
177
178
178
181
182
183
185
184
186
187
186
185
186
189
190
191
191
64
78
91
102
113
121
129
137
144
149
156
161
164
168
173
176
177
182
186
190
64
79
91
104
116
124
133
141
151
157
162
169
173
177
182
184
187
189
64
81
95
107
119
129
138
146
153
159
166
172
179
184
188
191
64
81
96
109
123
135
144
153
161
169
174
178
185
191
64
82
98
113
124
136
147
157
166
173
179
186
191
64
80
99
115
128
140
152
160
170
178
186
64
83
99
115
130
143
154
164
174
183
191
64
83
103
120
136
150
160
171
179
188
64
83
101
118
132
145
157
171
181
64
83
102
120
135
150
162
173
183
191
64
86
105
124
141
154
167
178
189
64
87
107
124
143
157
170
183
64
85
107
126
144
160
175
187
64
88
108
127
144
160
174
189
64
88
111
130
148
165
180
191
64
87
109
131
148
164
179
64
90
112
131
149
165
182
64
88
111
130
149
167
183
64
89
112
134
154
173
189
64
90
113
136
154
170
188
64
92
116
137
158
176
64
91
116
139
160
179
64
90
115
139
159
177
64
93
120
141
161
180
64
92
118
141
161
182
64
92
119
143
165
183
64
91
117
142
164
182
64
91
118
142
164
183
64
94
120
145
166
184
64
95
123
145
165
185
64
95
121
145
167
187
64
93
121
146
169
188
64
93
121
148
169
188
64
94
121
146
167
187
64
94
121
147
170
64
94
122
146
169
191
64
95
123
148
171
191
64
95
124
150
173
64
95
124
149
173
64
96
126
151
173
64
97
126
151
175
64
95
123
151
176
64
97
129
155
180
64
99
129
157
181
64
98
129
157
182
64
98
129
157
183
64
96
130
159
183
64
100
133
162
185
64
99
130
157
185
64
99
130
159
185
64
99
133
161
186
64
99
132
161
187
64
100
131
160
186
64
100
133
163
189
64
100
134
164
189
64
101
133
163
189
64
101
135
163
191
64
100
133
165
64
100
133
164
64
99
132
162
190
64
101
135
165
64
100
133
165
191
64
102
135
166
64
101
134
164
190
64
102
134
164
64
100
134
165
64
100
135
166
64
101
134
163
64
102
135
165
64
100
134
164
64
102
136
165
64
102
136
166
64
103
137
168
64
103
136
166
64
102
136
167
64
101
135
165
64
101
134
163
64
101
136
167
64
101
134
164
64
103
138
168
64
103
136
167
64
102
135
164
64
102
135
164
64
103
138
169
64
101
135
164
64
102
135
165
64
103
138
168
64
103
137
167
64
103
137
167
64
101
136
165
64
101
136
167
64
103
137
167
64
102
136
166
64
102
137
167
64
102
135
165
64
102
135
165
64
102
135
165
64
101
134
164
64
103
138
167
64
101
136
166
64
102
137
166
64
102
137
168
64
101
134
165
64
101
134
165
64
101
135
165
64
102
137
166
64
101
134
166
64
103
136
168
64
102
136
167
64
101
135
165
64
103
137
166
64
101
135
165
64
103
136
168
64
103
138
169
64
103
138
169
64
103
137
167
64
101
134
164
64
102
136
167
64
102
135
166
64
102
135
165
64
103
138
168
64
101
136
168
64
102
136
168
64
103
138
167
64
102
136
168
64
102
135
167
64
101
136
166
64
101
136
166
64
101
135
167
64
103
136
167
64
103
138
168
64
102
137
168
64
101
136
166
64
103
136
166
64
102
135
165
64
101
135
164
64
101
135
165
64
101
135
164
64
103
138
167
64
102
135
167
64
103
137
168
64
103
137
167
64
103
138
167
64
102
137
167
64
102
137
168
64
102
135
166
64
102
136
168
64
103
138
167
64
102
135
165
64
103
138
169
64
102
136
166
64
102
136
166
64
101
136
167
64
103
138
169
64
102
137
168
64
103
138
168
64
101
137
168
64
102
136
167
64
101
137
167
64
101
137
167
64
101
137
166
64
101
136
167
64
101
135
164
64
102
137
168
64
102
136
166
64
101
136
165
64
101
137
166
64
102
137
168
64
102
136
166
64
101
135
166
64
101
136
167
64
102
135
165
64
102
137
168
64
103
137
169
64
101
135
164
64
103
137
169
64
101
137
167
64
101
136
165
64
102
136
166
64
101
137
168
64
101
137
166
64
101
137
166
64
101
137
168
64
103
138
167
64
102
135
167
64
101
136
167
64
102
135
165
64
101
137
167
64
103
137
169
64
101
135
165
64
101
135
165
64
101
136
165
64
101
136
167
64
103
137
169
64
103
138
168
64
103
136
167
64
102
136
166
64
102
135
166
64
102
136
169
64
102
137
170
64
103
140
173
64
102
139
172
64
104
140
172
64
103
139
172
64
104
140
175
64
105
141
174
64
105
141
177
64
105
145
179
64
106
145
179
64
107
144
181
64
106
145
182
64
107
146
180
64
109
149
184
64
108
149
185
64
108
149
185
64
107
148
187
64
108
149
185
64
111
150
186
64
110
150
188
64
109
150
187
64
111
152
187
64
111
152
189
64
110
154
190
64
112
154
190
64
111
153
191
64
110
153
64
111
154
64
109
153
64
111
153
64
110
153
191
64
112
154
191
64
111
152
191
64
110
153
191
64
111
155
64
112
156
64
113
157
64
111
153
191
64
111
154
64
112
155
64
113
155
64
113
155
64
111
154
64
111
152
64
111
154
64
113
155
64
111
153
64
112
154
64
112
154
64
111
153
64
113
157
64
112
154
64
113
156
64
112
156
64
112
155
64
111
155
64
111
155
64
113
156
64
113
157
64
111
153
64
113
157
64
111
155
64
112
154
64
113
155
64
113
157
64
112
154
64
113
155
64
111
156
64
112
156
64
113
157
64
112
157
64
113
157
64
112
155
64
111
156
64
113
157
64
112
157
64
112
155
64
113
157
64
111
158
64
111
157
64
114
159
64
115
160
64
115
161
64
113
159
64
116
162
64
117
165
64
117
165
64
117
166
64
118
166
64
116
164
64
117
166
64
119
166
64
119
169
64
119
169
64
119
168
64
120
169
64
118
170
64
122
174
64
119
173
64
121
173
64
123
177
64
124
177
64
122
175
64
122
175
64
123
175
64
124
178
64
122
175
64
123
178
64
124
176
64
123
179
64
124
179
64
125
180
64
125
180
64
125
183
64
127
184
64
126
182
64
128
186
64
128
185
64
128
184
64
127
187
64
127
185
64
128
188
64
128
185
64
128
187
64
128
186
64
128
187
64
130
188
64
129
190
64
131
189
64
128
189
64
132
190
64
129
190
64
130
190
64
131
64
130
191
64
130
191
64
131
64
131
191
64
131
64
131
64
132
64
131
191
64
132
64
130
64
132
64
132
64
130
64
131
64
133
64
132
64
132
64
132
64
132
64
133
64
131
64
132
64
133
64
133
64
132
64
131
64
132
64
133
64
131
64
132
64
131
64
131
64
131
64
133
64
133
64
132
64
131
64
132
64
132
64
133
64
134
64
133
64
132
64
133
64
132
64
132
64
133
64
132
64
133
64
132
64
134
64
134
64
134
64
134
64
134
64
132
64
134
64
133
64
132
64
134
64
133
64
134
64
132
64
132
64
132
64
134
64
134
64
132
64
134
64
133
64
133
64
134
64
132
64
134
64
133
64
133
64
132
64
134
64
134
64
134
64
132
64
134
64
132
64
133
64
133
64
134
64
133
64
133
64
133
64
134
64
132
64
133
64
134
64
133
64
132
64
134
64
133
64
134
64
134
64
132
64
133
64
134
64
134
64
133
64
133
64
132
64
133
64
134
64
132
64
134
64
133
64
133
64
132
64
134
64
132
64
134
64
133
64
133
64
133
64
133
64
134
64
134
64
134
64
133
64
133
64
132
64
133
64
132
64
132
64
133
64
134
64
133
64
133
64
133
64
134
64
132
64
133
64
134
64
132
64
132
64
134
64
132
64
132
64
134
64
134
64
132
64
132
64
134
64
133
64
133
64
134
64
133
64
132
64
132
64
133
64
134
64
134
64
133
64
132
64
134
64
133
64
134
64
132
64
132
64
134
64
134
64
134
64
133
64
133
64
132
64
132
64
133
64
133
64
133
64
134
64
132
64
134
64
134
64
134
64
132
64
134
64
132
64
134
64
134
64
134
64
133
64
132
64
132
64
133
64
134
64
134
64
134
64
134
64
134
64
134
64
134
64
134
64
132
64
133
64
133
64
134
64
132
64
132
64
134
64
134
64
134
64
133
64
134
64
132
64
134
64
132
64
132
64
134
64
132
64
132
64
133
64
134
64
133
64
132
64
132
64
133
64
132
64
132
64
133
64
132
64
134
64
132
64
133
64
133
64
133
64
133
64
132
64
132
64
134
64
132
64
133
64
133
64
132
64
133
64
132
64
133
64
134
64
134
64
132
64
134
64
134
64
132
64
133
64
134
64
133
64
133
64
134
64
134
64
132
64
134
64
134
64
132
64
134
64
134
64
134
64
134
64
133
64
134
64
134
64
134
64
133
64
132
64
132
64
132
64
132
64
134
64
134
64
134
64
132
64
132
64
132
64
132
64
134
64
134
64
134
64
134
64
133
64
134
64
134
64
132
64
134
64
132
64
133
64
132
64
134
64
132
64
132
64
132
64
134
64
133
64
132
64
133
64
133
64
132
64
132
64
132
64
132
64
132
64
133
64
133
64
134
64
134
64
134
64
132
64
133
64
133
64
133
64
133
64
134
64
132
64
134
64
133
64
133
64
134
64
133
64
132
64
132
64
132
64
132
64
134
64
133
64
134
64
134
64
133
64
134
64
133
64
133
64
133
64
132
64
132
64
132
64
134
64
134
64
134
64
132
64
133
64
134
64
132
64
132
64
133
64
132
64
134
64
132
64
133
64
133
64
133
64
132
64
132
64
132
64
133
64
132
64
134
64
132
64
133
64
132
64
132
64
134
64
134
64
133
64
132
64
133
64
133
64
132
64
133
64
133
64
132
64
134
64
134
64
133
64
134
64
133
64
133
64
133
64
134
64
133
64
133
64
133
64
133
64
132
64
133
64
133
64
132
64
132
64
133
64
134
64
134
64
132
64
134
64
134
64
133
64
134
64
132
64
132
64
134
64
134
64
133
64
134
64
132
64
132
64
134
64
132
64
134
64
132
64
134
64
134
64
134
64
134
64
132
64
133
64
133
64
134
64
133
64
132
64
132
64
132
64
132
64
134
64
132
64
134
64
132
64
134
64
134
64
133
64
134
64
133
64
132
64
133
64
133
64
134
64
133
64
132
64
132
64
132
64
134
64
133
64
134
64
133
64
134
64
133
64
132
64
133
64
134
64
134
64
134
64
133
64
133
64
132
64
132
64
134
64
134
64
133
64
134
64
133
64
132
64
132
64
134
64
133
64
134
64
133
64
133
64
133
64
134
64
134
64
134
64
132
64
132
64
132
64
134
64
132
64
134
64
133
64
132
64
134
64
134
64
134
64
132
64
133
64
133
64
133
64
134
64
132
64
133
64
134
64
132
64
132
64
134
64
134
64
132
64
132
64
132
64
134
64
133
64
132
64
133
64
134
64
134
64
134
64
134
64
134
64
132
64
134
64
134
64
134
64
134
64
133
64
133
64
133
64
132
64
134
64
132
64
133
64
132
64
134
64
132
64
133
64
132
64
133
64
134
64
133
64
132
64
132
64
133
64
133
64
133
64
133
64
133
64
132
64
133
64
133
64
134
64
134
64
132
64
132
64
134
64
132
64
133
64
133
64
134
64
132
64
134
64
132
64
132
64
132
64
134
64
133
64
134
64
134
64
133
64
132
64
133
64
134
64
132
64
134
64
134
64
132
64
133
64
132
64
132
64
132
64
133
64
134
64
134
64
133
64
133
64
134
64
132
64
132
64
133
64
132
64
132
64
133
64
133
64
133
64
132
64
134
64
133
64
134
64
133
64
132
64
133
64
132
64
132
64
134
64
132
64
133
64
132
64
132
64
132
64
134
64
133
64
132
64
133
64
133
64
133
64
132
64
134
64
134
64
132
64
134
64
133
64
132
64
132
64
133
64
132
64
134
64
133
64
133
64
132
64
134
64
133
64
132
64
133
64
132
64
132
64
134
64
134
64
132
64
133
64
134
64
132
64
133
64
132
64
132
64
133
64
134
64
132
64
134
64
134
64
133
64
133
64
134
64
134
64
134
64
132
64
134
64
132
64
134
64
134
64
134
64
133
64
133
64
132
64
132
64
132
64
132
64
133
64
133
64
133
64
133
64
134
64
133
64
133
64
134
64
133
64
134
64
133
64
134
64
134
64
134
64
134
64
133
64
134
64
132
64
134
64
133
64
134
64
134
64
133
64
132
64
133
64
133
64
133
64
134
64
133
64
133
64
132
64
133
64
133
64
132
64
133
64
133
64
134
64
132
64
132
64
132
64
134
64
134
64
132
64
133
64
133
64
134
64
132
64
134
64
134
64
134
64
133
64
133
64
132
64
133
64
133
64
133
64
134
64
134
64
134
64
133
64
132
64
133
64
132
64
134
64
134
64
132
64
133
64
132
64
133
64
133
64
134
64
133
64
133
64
134
64
132
64
134
64
132
64
133
64
133
64
134
64
133
64
133
64
134
64
133
64
132
64
133
64
132
64
132
64
134
64
133
64
132
64
134
64
132
64
133
64
132
64
132
64
134
64
134
64
132
64
133
64
132
64
134
64
134
64
134
64
132
64
133
64
133
64
133
64
133
64
133
64
132
64
132
64
132
64
132
64
133
64
133
64
132
64
132
64
133
64
133
64
133
64
132
64
133
64
132
64
132
64
133
64
133
64
133
64
133
64
134
64
133
64
132
64
132
64
134
64
133
64
133
64
132
64
134
64
134
64
134
64
133
64
132
64
133
64
133
64
133
64
132
64
134
64
132
64
133
64
133
64
133
64
134
64
134
64
132
64
133
64
133
64
132
64
134
64
132
64
132
64
132
64
132
64
133
64
132
64
134
64
132
64
132
64
132
64
132
64
133
64
133
64
132
64
132
64
133
64
133
64
132
64
132
64
132
64
132
64
133
64
132
64
133
64
134
64
132
64
133
64
133
64
133
64
134
64
132
64
133
64
133
64
133
64
132
64
134
64
134
64
133
64
134
64
134
64
132
64
132
64
133
64
132
64
133
64
134
64
134
64
133
64
132
64
134
64
134
64
132
64
134
64
133
64
133
64
132
64
132
64
132
64
132
64
132
64
132
64
132
64
134
64
132
64
133
64
132
64
133
64
132
64
134
64
132
64
134
64
132
64
132
64
133
64
132
64
133
64
134
64
132
64
132
64
132
64
134
64
133
64
134
64
133
64
133
64
133
64
132
64
133
64
133
64
134
64
133
64
134
64
132
64
134
64
132
64
133
64
132
64
134
64
132
64
133
64
133
64
133
64
132
64
133
64
132
64
133
64
132
64
132
64
133
64
132
64
133
64
133
64
132
64
134
64
132
64
133
64
134
64
132
64
134
64
132
64
133
64
134
64
133
64
132
64
134
64
134
64
134
64
133
64
133
64
134
64
133
64
134
64
134
64
134
64
134
64
132
64
134
64
132
64
132
64
132
64
134
64
134
64
133
64
134
64
134
64
132
64
133
64
134
64
134
64
133
64
133
64
134
64
132
64
132
64
134
64
132
64
134
64
132
64
132
64
132
64
134
64
132
64
132
64
132
64
133
64
133
64
132
64
132
64
133
64
133
64
133
64
132
64
134
64
134
64
134
64
132
64
133
64
134
64
133
64
133
64
134
64
133
64
134
64
132
64
133
64
134
64
132
64
132
64
133
64
134
64
132
64
134
64
132
64
132
64
132
64
134
64
134
64
134
64
132
64
133
64
132
64
134
64
132
64
133
64
133
64
134
64
134
64
132
64
134
64
133
64
132
64
132
64
134
64
132
64
132
64
133
64
132
64
134
64
132
64
132
64
132
64
133
64
133
64
133
64
132
64
134
64
133
64
134
64
133
64
132
64
132
64
133
64
133
64
133
64
132
64
132
64
134
64
132
64
132
64
134
64
132
64
134
64
133
64
132
64
132
64
134
64
133
64
132
64
133
64
132
64
134
64
134
64
133
64
134
64
134
64
134
64
132
64
133
64
132
64
134
64
132
64
134
64
133
64
132
64
134
64
133
64
134
64
133
64
134
64
134
64
133
64
132
64
134
64
133
64
133
64
133
64
134
64
132
64
133
64
133
64
132
64
133
64
132
64
134
64
133
64
134
64
133
64
134
64
133
64
132
64
133
64
134
64
134
64
133
64
133
64
133
64
134
64
133
64
133
64
132
64
132
64
133
64
132
64
133
64
132
64
132
64
134
64
134
64
134
64
132
64
133
64
134
64
133
64
134
64
134
64
132
64
134
64
133
64
134
64
133
64
133
64
132
64
134
64
133
64
133
64
134
64
134
64
132
64
132
64
132
64
134
64
134
64
133
64
133
64
132
64
133
64
134
64
133
64
134
64
132
64
134
64
134
64
132
64
132
64
134
64
133
64
132
64
132
64
133
64
133
64
133
64
133
64
133
64
132
64
133
64
132
64
132
64
134
64
133
64
133
64
133
64
133
64
132
64
134
64
132
64
134
64
132
64
133
64
133
64
134
64
134
64
133
64
134
64
134
64
132
64
132
64
134
64
134
64
134
64
134
64
134
64
134
64
132
64
132
64
134
64
134
64
132
64
134
64
134
64
132
64
132
64
132
64
133
64
134
64
134
64
134
64
134
64
133
64
134
64
134
64
134
64
132
64
132
64
133
64
133
64
132
64
133
64
132
64
134
64
132
64
133
64
132
64
134
64
132
64
133
64
132
64
134
64
134
64
132
64
132
64
134
64
133
64
134
64
132
64
133
64
133
64
133
64
134
64
133
64
134
64
133
64
133
64
133
64
132
64
132
64
133
64
134
64
132
64
134
64
132
64
134
64
133
64
132
64
133
64
132
64
133
64
134
64
133
64
132
64
133
64
133
64
133
64
132
64
132
64
133
64
134
64
132
64
133
64
132
64
132
64
133
64
134
64
133
64
134
64
132
64
133
64
132
64
134
64
132
64
134
64
132
64
133
64
132
64
133
64
133
64
133
64
132
64
134
64
133
64
134
64
134
64
134
64
132
64
133
64
132
64
134
64
132
64
132
64
134
64
132
64
133
64
133
64
132
64
132
64
133
64
133
64
133
64
134
64
132
64
134
64
132
64
133
64
132
64
133
64
133
64
132
64
133
64
134
64
133
64
134
64
132
64
133
64
133
64
132
64
133
64
132
64
134
64
132
64
133
64
134
64
134
64
132
64
132
64
134
64
134
64
134
64
134
64
134
64
134
64
133
64
133
64
132
64
134
64
132
64
132
64
132
64
134
64
133
