127
128
129
128
128
130
130
131
131
131
132
132
133
134
137
140
143
144
145
146
148
149
151
151
153
155
157
157
158
160
163
165
165
165
165
165
167
170
170
173
175
175
176
176
177
177
178
179
180
181
182
182
183
185
186
187
189
190
190
64
78
90
101
111
119
126
134
142
148
155
160
166
169
174
178
183
187
189
64
79
94
106
118
127
136
143
152
159
166
173
178
182
186
64
79
94
108
121
133
144
154
161
167
172
180
186
64
80
95
110
123
136
147
155
166
173
179
185
190
64
83
98
112
126
141
151
163
173
181
190
64
83
99
114
129
142
154
164
174
183
64
84
102
117
132
147
158
169
177
186
64
83
101
118
135
148
161
172
182
64
85
103
119
135
149
161
171
180
188
64
86
105
121
135
151
164
175
184
64
84
104
120
135
151
165
175
186
64
85
104
121
138
153
167
179
189
64
87
106
125
141
157
170
185
64
87
109
129
146
161
174
186
64
87
109
132
151
166
181
64
90
111
130
151
169
184
64
89
113
133
151
168
185
64
89
112
133
151
168
187
64
89
112
136
157
174
189
64
91
114
135
155
173
188
64
90
113
136
154
173
189
64
90
117
140
159
176
64
91
117
138
158
177
64
90
114
137
157
175
64
92
116
139
160
180
64
91
118
142
163
180
64
93
118
142
165
186
64
91
120
143
164
185
64
93
119
144
164
185
64
96
124
149
173
64
95
124
151
175
64
95
124
149
173
64
95
126
153
175
64
97
126
153
177
64
98
126
154
178
64
99
131
158
183
64
98
127
155
179
64
98
128
155
183
64
97
130
157
183
64
99
129
159
183
64
101
133
162
188
64
99
131
159
186
64
99
132
162
190
64
102
135
163
191
64
99
131
160
185
64
101
134
163
191
64
100
134
164
64
100
133
165
64
102
138
169
64
103
136
166
64
100
134
167
64
103
137
169
64
102
135
164
64
104
138
171
64
101
136
168
64
101
136
168
64
104
140
172
64
101
135
168
64
104
140
170
64
103
137
170
64
104
141
173
64
105
142
174
64
102
138
172
64
103
140
173
64
104
140
173
64
104
138
171
64
102
137
170
64
105
141
173
64
103
138
170
64
105
143
175
64
104
139
171
64
104
140
174
64
104
141
172
64
102
139
172
64
105
141
174
64
103
139
172
64
105
141
173
64
102
138
169
64
103
141
174
64
105
139
169
64
101
139
171
64
102
137
168
64
102
136
168
64
103
140
171
64
102
139
169
64
104
139
172
64
104
140
173
64
102
140
171
64
105
140
170
64
102
138
170
64
103
138
171
64
103
138
170
64
103
139
172
64
102
139
170
64
104
140
171
64
104
139
171
64
102
137
169
64
103
138
170
64
102
137
168
64
102
138
169
64
102
138
168
64
103
137
169
64
102
137
170
64
104
137
167
64
103
137
170
64
101
138
170
64
104
141
172
64
104
139
170
64
100
137
171
64
104
139
169
64
101
137
169
64
104
140
170
64
103
139
168
64
103
139
171
64
101
138
170
64
103
137
169
64
104
140
172
64
102
136
167
64
105
140
171
64
103
139
169
64
101
135
169
64
102
138
168
64
102
135
168
64
101
137
170
64
102
136
166
64
101
135
169
64
103
139
169
64
101
136
166
64
102
136
168
64
102
136
168
64
102
138
170
64
102
136
167
64
100
135
168
64
104
140
170
64
102
137
169
64
101
138
169
64
102
136
165
64
101
135
168
64
101
137
167
64
102
138
168
64
103
138
170
64
103
138
169
64
103
137
167
64
101
137
169
64
102
138
170
64
104
138
168
64
102
135
166
64
103
140
172
64
102
136
165
64
101
136
167
64
102
137
167
64
101
137
167
64
102
138
171
64
103
139
169
64
101
136
168
64
103
138
168
64
100
134
165
64
102
138
169
64
103
136
169
64
102
138
170
64
102
136
166
64
102
136
167
64
103
139
170
64
102
138
168
64
102
138
169
64
102
137
167
64
102
137
169
64
104
139
170
64
101
136
167
64
104
139
170
64
101
136
167
64
100
135
168
64
102
137
169
64
101
134
164
64
103
140
170
64
103
138
168
64
100
135
166
64
101
135
167
64
103
138
170
64
102
136
167
64
101
138
169
64
102
139
170
64
103
137
169
64
101
136
169
64
103
137
167
64
103
137
168
64
102
139
170
64
102
135
167
64
102
135
169
64
102
136
169
64
103
137
168
64
104
139
172
64
102
136
168
64
103
138
168
64
103
138
169
64
101
136
166
64
103
140
172
64
104
139
169
64
101
137
171
64
102
137
168
64
103
139
170
64
102
137
169
64
102
139
169
64
103
137
170
64
102
138
171
64
101
135
165
64
104
138
170
64
101
135
166
64
101
137
168
64
103
139
171
64
102
135
168
64
101
138
169
64
104
141
172
64
102
140
173
64
104
143
176
64
106
145
180
64
108
147
181
64
108
146
181
64
106
148
186
64
109
150
186
64
109
149
186
64
110
153
191
64
109
150
188
64
110
153
190
64
109
151
188
64
111
151
190
64
108
151
188
64
108
149
185
64
107
148
184
64
108
147
184
64
108
148
183
64
107
144
182
64
109
149
186
64
108
148
185
64
108
148
184
64
108
146
182
64
109
147
182
64
107
145
180
64
104
143
175
64
104
139
174
64
105
143
176
64
103
138
171
64
103
138
169
64
102
137
167
64
100
135
166
64
100
135
165
64
103
137
167
64
100
137
166
64
102
138
168
64
102
137
168
64
102
137
168
64
101
136
167
64
100
134
163
191
64
99
132
160
187
64
98
128
156
182
64
98
128
154
178
64
97
128
155
177
64
94
124
149
172
191
64
94
120
147
168
186
64
92
120
144
165
185
64
94
121
145
168
189
64
93
121
146
169
188
64
96
123
148
171
64
95
124
149
172
64
96
124
150
172
64
96
124
150
173
64
94
123
149
170
189
64
93
122
147
167
187
64
92
120
143
165
185
64
91
117
139
158
178
64
90
114
136
157
174
190
64
90
113
135
154
173
186
64
88
110
133
151
169
184
64
87
111
132
148
166
181
64
88
110
128
147
162
177
191
64
87
109
129
146
162
176
187
64
86
107
127
144
158
171
183
64
86
106
123
141
156
168
181
64
86
108
126
142
158
171
181
191
64
84
103
120
136
151
163
175
186
64
86
106
123
138
154
166
178
187
64
83
104
121
135
151
162
174
186
64
83
104
120
134
150
162
174
185
64
83
103
120
136
149
162
172
182
191
64
86
103
119
135
149
161
171
180
189
64
85
103
120
135
147
157
168
176
185
64
83
100
117
132
146
158
169
177
185
64
82
99
116
130
143
155
164
173
181
189
64
83
100
118
131
142
155
165
175
184
64
82
99
115
128
140
152
163
173
183
190
64
82
99
115
130
141
152
162
170
180
187
64
83
101
115
130
142
154
165
174
183
190
64
82
99
115
129
142
155
166
174
184
191
64
83
101
116
129
142
154
164
172
180
188
64
83
102
116
130
144
155
164
173
181
190
64
81
100
116
131
145
156
165
174
182
190
64
84
100
116
131
144
157
168
176
186
64
83
101
116
130
144
156
165
175
182
188
64
84
102
117
132
145
158
167
176
185
64
81
99
115
128
142
154
165
175
183
190
64
82
100
116
131
143
155
165
173
183
191
64
82
100
116
130
144
155
164
173
180
188
64
83
102
117
130
142
153
162
172
180
188
64
84
101
116
129
141
152
162
170
180
186
64
84
100
114
130
143
154
164
172
181
188
64
82
100
116
130
144
156
166
175
182
188
64
82
100
117
132
144
155
165
173
181
187
64
84
102
118
132
146
157
167
174
181
188
64
83
100
115
127
139
151
160
170
180
186
64
83
99
117
132
143
156
166
174
183
190
64
84
101
116
131
144
154
165
175
183
190
64
81
98
113
128
141
153
164
175
184
190
64
83
99
116
130
141
152
161
170
178
187
64
82
99
115
128
142
154
165
175
182
190
64
83
102
116
129
142
154
165
174
182
190
64
82
99
113
126
136
148
156
164
170
178
184
190
64
82
97
111
125
135
145
153
161
168
174
182
189
64
82
97
111
125
137
148
158
166
172
179
186
64
81
98
112
125
139
151
160
169
177
184
190
64
82
99
114
127
138
148
157
167
174
182
188
64
80
97
113
127
138
149
160
166
172
178
186
191
64
80
97
109
122
132
143
152
159
167
173
177
181
185
190
64
79
94
108
118
127
136
144
152
159
164
168
174
177
181
186
188
191
191
64
77
89
100
110
121
129
135
140
144
151
155
158
162
164
168
171
173
175
175
175
176
176
176
176
177
175
176
175
175
174
172
172
173
172
170
168
167
165
164
165
163
161
160
160
158
157
157
157
157
156
154
151
149
148
147
146
144
142
142
141
139
137
136
136
134
133
131
130
127
127
124
123
123
122
120
120
120
118
116
116
115
114
115
115
113
113
112
110
109
106
104
104
104
102
100
98
98
96
95
92
90
90
89
88
87
87
85
85
85
85
85
83
81
79
79
78
77
76
75
75
73
71
69
68
68
68
67
65
64
62
59
59
57
56
56
55
53
53
51
52
51
49
48
46
45
45
45
44
44
42
42
40
39
38
36
35
34
31
29
27
25
23
22
20
18
16
14
13
13
11
11
10
9
9
9
7
6
4
3
1
1
0
0
0
0
0
0
0
0
0
0
0
0
0
0
0
0
0
0
0
0
0
0
0
0
0
0
0
0
0
0
0
0
0
0
0
0
0
0
0
0
0
0
0
0
0
0
0
0
0
0
0
0
0
0
0
0
0
0
0
0
0
0
0
0
0
0
0
0
0
0
0
0
0
0
0
0
0
0
0
0
0
0
0
0
0
0
0
0
0
0
0
0
0
0
0
0
0
0
0
0
0
0
0
0
0
0
0
0
0
0
0
0
0
0
0
0
0
0
0
0
0
0
0
0
0
0
0
0
0
0
0
0
0
0
0
0
0
0
0
0
0
0
0
0
0
0
0
0
0
0
0
0
0
0
0
0
0
0
0
0
0
0
0
0
0
0
0
0
0
0
0
0
0
0
0
0
0
0
0
0
0
0
0
0
0
0
0
0
0
0
0
0
0
0
0
0
0
0
0
0
0
0
0
0
0
0
0
0
0
0
0
0
0
0
0
0
0
0
0
0
0
0
0
0
0
0
0
0
0
0
0
0
0
0
0
0
0
0
0
0
0
0
0
0
0
0
0
0
0
0
0
0
0
0
0
0
0
0
0
0
0
0
0
0
0
0
0
0
0
0
0
0
0
0
0
0
0
0
0
0
0
0
0
0
0
0
0
0
0
0
0
0
0
0
0
0
0
0
0
0
0
0
0
0
0
0
0
0
0
0
0
0
0
0
0
0
0
0
0
0
0
0
0
0
0
0
0
0
0
0
0
0
0
0
0
0
0
0
0
0
0
0
0
0
0
0
0
0
0
0
0
0
0
0
0
0
0
0
0
0
0
0
0
0
0
0
0
0
0
0
0
0
0
0
0
0
0
0
0
0
0
0
0
0
0
0
0
0
0
0
0
0
0
0
0
0
0
0
0
0
0
0
0
0
0
0
0
0
0
0
0
0
0
0
0
0
0
0
0
0
0
0
0
0
0
0
0
0
0
0
0
0
0
0
0
0
0
0
0
0
0
0
0
0
0
0
0
0
0
0
0
0
0
0
0
0
0
0
0
0
0
0
0
0
0
0
0
0
0
0
0
0
0
0
0
0
0
0
0
0
0
0
0
0
0
0
0
0
0
0
0
0
0
0
0
0
0
0
0
0
0
0
0
0
0
0
0
0
0
0
0
0
0
0
0
0
0
0
0
0
0
0
0
0
0
0
0
0
0
0
0
0
0
0
0
0
0
0
0
0
0
0
0
0
0
0
0
0
0
0
0
0
0
0
0
0
0
0
0
0
0
0
0
0
0
0
0
0
0
0
0
0
0
0
0
0
0
0
0
0
0
0
0
0
0
0
0
0
0
0
0
0
0
0
0
0
0
0
0
0
0
0
0
0
0
0
0
0
0
0
0
0
0
0
0
0
0
0
0
0
0
0
0
0
0
0
0
0
0
0
0
0
0
0
0
0
0
0
0
0
0
0
0
0
0
0
0
0
0
0
0
0
0
0
0
0
0
0
0
0
0
0
0
0
0
0
0
0
0
0
0
0
0
0
0
0
0
0
0
0
0
0
0
0
0
0
0
0
0
0
0
0
0
0
0
0
0
0
0
0
0
0
0
0
0
0
0
0
0
0
0
0
0
0
0
0
0
0
0
0
0
0
0
0
0
0
0
0
0
0
0
0
0
0
0
0
0
0
0
0
0
0
0
0
0
0
0
0
0
0
0
0
0
0
0
0
0
0
0
0
0
0
0
0
0
0
0
0
0
0
0
0
0
0
0
0
0
0
0
0
0
0
0
0
0
0
0
0
0
0
0
0
0
0
0
0
0
0
0
0
0
0
0
0
0
0
0
0
0
0
0
0
0
0
0
0
0
0
0
0
0
0
0
0
0
0
0
0
0
0
0
0
0
0
0
0
0
0
0
0
0
0
0
0
0
0
0
0
0
0
0
0
0
0
0
0
0
0
0
0
0
0
0
0
0
0
0
0
0
0
0
0
0
0
0
0
0
0
0
0
0
0
0
0
0
0
0
0
0
0
0
0
0
0
0
0
0
0
0
0
0
0
0
0
0
0
0
0
0
0
0
0
0
0
0
0
0
0
0
0
0
0
0
0
0
0
0
0
0
0
0
0
0
0
0
0
0
0
0
0
0
0
0
0
0
0
0
0
0
0
0
0
0
0
0
0
0
0
0
0
0
0
0
0
0
0
0
0
0
0
0
0
0
0
0
0
0
0
0
0
0
0
0
0
0
0
0
0
0
0
0
0
0
0
0
0
0
0
0
0
0
0
0
0
0
0
0
0
0
0
0
0
0
0
0
0
0
0
0
0
0
0
0
0
0
0
0
0
0
0
0
0
0
0
0
0
0
0
0
0
0
0
0
0
0
0
0
0
0
0
0
0
0
0
0
0
0
0
0
0
0
0
0
0
0
0
0
0
0
0
0
0
0
0
0
0
0
0
0
0
0
0
0
0
0
0
0
0
0
0
0
0
0
0
0
0
0
0
0
0
0
0
0
0
0
0
0
0
0
0
0
0
0
0
0
0
0
0
0
0
0
0
0
0
0
0
0
0
0
0
0
0
0
0
0
0
0
0
0
0
0
0
