129
127
127
126
128
128
127
128
129
127
126
126
128
128
131
132
135
137
138
139
140
141
140
139
139
139
140
143
143
144
146
146
146
147
149
151
150
154
154
155
157
158
159
159
161
162
163
163
166
169
169
172
172
174
175
176
175
175
178
178
180
180
180
182
181
181
182
185
188
190
190
64
78
91
100
110
119
128
137
144
151
155
161
164
170
175
180
183
186
189
190
64
79
92
106
117
127
136
145
154
162
170
174
181
184
190
64
81
96
110
123
136
147
158
166
173
181
189
64
81
99
114
127
140
152
164
172
179
189
64
84
102
118
133
146
160
170
181
64
85
104
122
136
152
164
175
185
64
86
106
123
141
154
169
183
64
86
106
126
144
160
174
186
64
89
110
128
146
162
178
64
88
111
131
149
167
183
64
89
111
133
153
169
186
64
90
115
136
157
174
190
64
93
119
140
159
179
64
91
117
142
163
181
64
93
119
142
164
183
64
94
119
143
165
185
64
95
124
147
167
187
64
95
123
148
170
189
64
96
124
152
174
64
96
124
150
176
64
95
126
152
176
64
97
129
157
184
64
99
131
158
185
64
98
130
160
185
64
100
134
165
64
100
134
164
64
101
134
165
64
102
135
166
64
100
135
167
64
102
137
168
64
103
138
171
64
101
137
170
64
105
142
172
64
105
139
174
64
104
140
172
64
104
141
174
64
104
142
176
64
105
143
176
64
107
143
177
64
104
140
175
64
104
143
176
64
106
143
175
64
105
143
177
64
106
144
179
64
107
144
179
64
105
143
178
64
106
145
179
64
106
145
180
64
107
147
183
64
105
146
181
64
108
146
179
64
106
146
182
64
109
149
187
64
110
151
188
64
110
153
64
109
153
64
113
157
64
113
157
64
112
156
64
112
159
64
114
158
64
113
160
64
115
162
64
117
163
64
116
164
64
117
165
64
118
165
64
117
167
64
120
170
64
119
169
64
120
169
64
120
171
64
121
171
64
121
172
64
121
171
64
121
172
64
122
173
64
122
176
64
123
175
64
122
175
64
124
177
64
122
175
64
124
176
64
124
179
64
123
175
64
122
178
64
123
178
64
123
178
64
123
177
64
125
179
64
126
180
64
123
179
64
124
180
64
125
180
64
125
179
64
126
181
64
126
182
64
125
181
64
125
180
64
126
183
64
126
181
64
125
183
64
127
182
64
126
183
64
126
182
64
125
181
64
127
183
64
125
181
64
128
184
64
127
185
64
126
183
64
127
184
64
126
183
64
125
182
64
126
183
64
127
183
64
126
183
64
125
183
64
127
183
64
127
185
64
127
184
64
126
184
64
126
184
64
125
183
64
127
183
64
125
183
64
128
186
64
125
182
64
127
185
64
126
183
64
128
185
64
127
183
64
129
184
64
126
182
64
129
185
64
127
183
64
128
184
64
127
184
64
127
184
64
128
184
64
127
183
64
128
185
64
129
185
64
127
185
64
129
184
64
126
183
64
129
187
64
128
185
64
129
185
64
127
185
64
128
185
64
128
186
64
128
186
64
126
184
64
127
184
64
128
186
64
128
185
64
128
185
64
129
185
64
127
186
64
127
185
64
127
185
64
129
185
64
126
185
64
127
185
64
127
186
64
129
187
64
128
185
64
127
185
64
126
183
64
128
186
64
127
184
64
128
185
64
126
184
64
127
183
64
127
184
64
129
185
64
128
185
64
128
185
64
126
185
64
128
186
64
126
184
64
129
185
64
128
187
64
128
186
64
126
184
64
128
185
64
126
183
64
127
184
64
128
185
64
129
187
64
128
187
64
129
186
64
126
185
64
127
184
64
128
185
64
129
185
64
128
187
64
128
186
64
126
183
64
129
187
64
126
183
64
128
184
64
127
185
64
127
185
64
126
184
64
128
185
64
126
183
64
128
186
64
128
185
64
127
185
64
128
187
64
127
183
64
127
184
64
129
186
64
126
184
64
129
186
64
127
185
64
127
184
64
127
184
64
128
185
64
127
186
64
129
186
64
127
184
64
128
185
64
128
187
64
128
184
64
126
184
64
127
183
64
126
183
64
128
185
64
128
186
64
128
186
64
128
187
64
127
183
64
128
186
64
129
185
64
128
186
64
129
186
64
128
185
64
129
187
64
126
184
64
127
183
64
128
186
64
128
185
64
128
187
64
129
187
64
126
185
64
127
184
64
126
183
64
129
186
64
126
185
64
128
185
64
128
187
64
127
185
64
127
184
64
128
186
64
128
187
64
128
184
64
126
185
64
129
185
64
128
187
64
129
186
64
128
185
64
127
183
64
128
185
64
127
185
64
128
185
64
127
185
64
126
183
64
127
185
64
127
184
64
127
183
64
126
183
64
129
185
64
128
185
64
129
186
64
127
184
64
129
185
64
126
184
64
128
184
64
127
184
64
127
184
64
127
184
64
127
183
64
128
185
64
129
187
64
126
185
64
127
185
64
126
185
64
128
186
64
127
186
64
128
184
64
127
184
64
127
183
64
128
187
64
127
184
64
128
187
64
128
184
64
128
185
64
127
183
64
126
184
64
128
186
64
128
187
64
127
183
64
126
183
64
129
187
64
126
184
64
128
185
64
128
186
64
128
186
64
127
185
64
128
185
64
126
184
64
127
183
64
126
185
64
127
184
64
127
184
64
127
184
64
127
185
64
129
185
64
127
184
64
129
186
64
127
186
64
129
185
64
128
185
64
129
186
64
128
187
64
129
186
64
128
186
64
128
186
64
127
186
64
127
183
64
127
184
64
128
184
64
126
184
64
127
184
64
127
186
64
129
187
64
127
185
64
128
184
64
126
184
64
127
184
64
127
184
64
129
185
64
128
185
64
127
185
64
127
186
64
127
184
64
126
184
64
129
185
64
128
185
64
129
185
64
126
183
64
128
185
64
127
186
64
129
186
64
128
185
64
129
187
64
127
186
64
129
185
64
126
185
64
127
183
64
127
186
64
127
183
64
126
185
64
128
185
64
128
185
64
127
183
64
128
187
64
129
185
64
126
185
64
128
186
64
127
185
64
128
186
64
127
185
64
127
183
64
128
185
64
129
186
64
128
185
64
128
184
64
127
186
64
129
185
64
126
185
64
127
184
64
126
184
64
128
184
64
127
184
64
127
184
64
126
183
64
128
185
64
127
184
64
127
184
64
128
186
64
129
187
64
127
186
64
129
187
64
127
184
64
128
186
64
126
183
64
128
185
64
126
184
64
128
186
64
127
184
64
128
185
64
128
186
64
127
185
64
126
183
64
127
184
64
128
186
64
127
184
64
126
184
64
127
185
64
127
185
64
128
184
64
128
186
64
127
185
64
128
187
64
127
183
64
126
184
64
129
186
64
127
186
64
127
184
64
127
184
64
128
186
64
128
186
64
128
186
64
128
186
64
127
185
64
126
185
64
127
184
64
128
185
64
128
184
64
128
185
64
128
186
64
127
184
64
128
184
64
128
185
64
127
183
64
128
185
64
129
186
64
128
187
64
127
183
64
127
185
64
129
185
64
126
183
64
128
186
64
127
185
64
128
184
64
126
185
64
127
183
64
128
187
64
127
183
64
127
184
64
127
184
64
128
187
64
127
185
64
128
187
64
128
186
64
126
184
64
128
184
64
126
183
64
128
185
64
128
187
64
128
184
64
126
184
64
129
185
64
127
186
64
127
184
64
128
185
64
127
183
64
128
186
64
127
184
64
126
184
64
129
187
64
126
185
64
127
184
64
128
186
64
128
184
64
128
187
64
129
187
64
127
186
64
129
186
64
127
184
64
129
185
64
128
185
64
128
186
64
128
186
64
127
183
64
127
185
64
129
185
64
128
187
64
128
186
64
128
187
64
128
184
64
126
184
64
129
185
64
126
184
64
127
185
64
128
185
64
127
185
64
128
186
64
129
185
64
127
185
64
129
186
64
127
185
64
129
186
64
126
183
64
128
184
64
127
186
64
128
185
64
127
184
64
127
183
64
126
185
64
127
184
64
127
185
64
129
187
64
128
185
64
129
185
64
127
184
64
127
185
64
126
183
64
127
185
64
128
185
64
128
186
64
127
186
64
129
187
64
126
185
64
127
183
64
127
184
64
128
184
64
127
186
64
127
184
64
128
185
64
128
185
64
126
185
64
127
184
64
127
185
64
127
184
64
126
183
64
129
185
64
127
186
64
127
183
64
126
183
64
129
185
64
126
184
64
128
185
64
126
183
64
127
183
64
127
184
64
129
185
64
126
184
64
128
186
64
126
183
64
127
183
64
128
186
64
129
186
64
127
186
64
128
186
64
127
186
64
127
184
64
127
185
64
129
185
64
128
187
64
127
183
64
128
186
64
127
185
64
128
185
64
128
184
64
128
185
64
127
185
64
127
186
64
127
183
64
126
184
64
129
185
64
127
184
64
128
185
64
127
184
64
128
186
64
128
186
64
127
184
64
128
187
64
127
185
64
126
184
64
129
185
64
128
186
64
128
184
64
126
185
64
129
186
64
127
184
64
127
185
64
126
185
64
128
185
64
128
186
64
127
183
64
128
187
64
129
187
64
128
187
64
127
184
64
126
184
64
127
184
64
128
185
64
128
185
64
127
186
64
127
185
64
128
185
64
129
185
64
127
186
64
127
183
64
126
183
64
129
187
64
128
186
64
129
187
64
127
186
64
129
186
64
126
185
64
129
187
64
126
183
64
128
186
64
128
187
64
129
185
64
128
186
64
128
185
64
128
185
64
128
186
64
128
187
64
128
184
64
128
185
64
129
186
64
127
185
64
128
184
64
127
185
64
128
185
64
126
183
64
127
183
64
126
183
64
127
185
64
126
185
64
128
184
64
126
185
64
129
185
64
127
185
64
129
187
64
128
186
64
127
183
64
126
185
64
129
187
64
126
183
64
129
185
64
128
185
64
128
186
64
126
185
64
129
185
64
127
184
64
129
187
64
128
186
64
127
184
64
128
186
64
129
186
64
128
187
64
127
183
64
128
186
64
129
187
64
128
185
64
127
184
64
126
185
64
127
185
64
127
184
64
129
185
64
128
187
64
128
186
64
126
184
64
129
185
64
127
184
64
129
185
64
127
185
64
127
185
64
128
185
64
127
183
64
126
183
64
129
185
64
126
185
64
127
184
64
128
186
64
128
186
64
126
185
64
128
186
64
127
184
64
129
185
64
128
187
64
127
185
64
126
185
64
127
183
64
127
185
64
127
183
64
127
185
64
129
187
64
128
185
64
127
183
64
127
186
64
129
187
64
128
185
64
129
185
64
126
185
64
127
183
64
127
185
64
127
184
64
128
186
64
128
186
64
127
185
64
129
185
64
128
186
64
128
186
64
128
185
64
129
186
64
126
183
64
127
184
64
128
185
64
129
185
64
126
183
64
128
185
64
128
185
64
129
186
64
127
186
64
127
184
64
126
183
64
129
186
64
126
185
64
129
187
64
126
184
64
128
186
64
127
185
64
128
185
64
126
185
64
127
183
64
126
184
64
127
185
64
128
187
64
129
185
64
128
186
64
128
185
64
126
184
64
129
186
64
127
184
64
128
185
64
128
186
64
129
185
64
128
186
64
127
185
64
128
187
64
127
185
64
126
185
64
128
186
64
127
186
64
128
186
64
128
185
64
128
186
64
127
186
64
127
183
64
126
184
64
129
185
64
126
184
64
128
185
64
127
185
64
128
186
64
126
184
64
129
185
64
128
186
64
127
184
64
127
186
64
129
187
64
128
187
64
128
186
64
127
184
64
128
186
64
126
183
64
127
183
64
127
185
64
127
184
64
126
184
64
128
186
64
127
185
64
127
183
64
126
185
64
128
184
64
128
186
64
129
187
64
127
184
64
129
187
64
128
187
64
129
186
64
126
185
64
128
184
64
126
183
64
128
186
64
127
186
64
129
186
64
127
186
64
129
185
64
128
187
64
128
185
64
128
185
64
127
185
64
128
187
64
128
184
64
127
186
64
129
187
64
126
185
64
127
183
64
128
187
64
129
185
64
127
185
64
128
186
64
127
186
64
127
185
64
127
186
64
127
184
64
127
186
64
129
185
64
127
185
64
127
185
64
128
187
64
129
186
64
127
185
64
129
185
64
128
187
64
127
183
64
126
184
64
127
183
64
128
185
64
129
186
64
126
185
64
128
186
64
126
185
64
127
185
64
126
185
64
127
184
64
128
185
64
127
185
64
126
184
64
128
184
64
126
185
64
127
183
64
126
185
64
127
183
64
126
183
64
128
185
64
126
184
64
127
185
64
128
185
64
127
184
64
127
186
64
127
184
64
128
186
64
129
187
64
126
183
64
129
187
64
127
184
64
127
185
64
127
184
64
129
186
64
128
186
64
128
185
64
126
183
64
128
184
64
127
184
64
129
185
64
128
186
64
128
184
64
127
186
64
129
186
64
126
183
64
129
187
64
128
187
64
129
185
64
127
184
64
127
183
64
128
186
64
128
186
64
127
186
64
129
187
64
127
186
64
128
186
64
127
184
64
128
186
64
128
187
64
127
184
64
128
185
64
128
186
64
128
187
64
127
185
64
128
187
64
128
184
64
128
185
64
129
185
64
127
186
64
129
186
64
126
183
64
129
185
64
128
186
64
129
186
64
128
186
64
128
184
64
127
185
64
128
186
64
128
186
64
129
186
64
128
186
64
127
185
64
127
184
64
127
184
64
126
184
64
128
185
64
126
183
64
127
183
64
126
184
64
129
185
64
127
184
64
127
184
64
128
186
64
129
186
64
128
187
64
128
186
64
128
186
64
129
186
64
126
185
64
129
185
64
128
187
64
128
186
64
128
185
64
129
186
64
127
185
64
128
186
64
127
185
64
128
184
64
127
185
64
127
183
64
126
184
64
127
185
64
126
183
64
129
187
64
126
185
64
127
185
64
126
184
64
128
186
64
128
186
64
129
185
64
128
185
64
127
184
64
128
185
64
129
186
64
128
187
64
127
183
64
128
187
64
129
186
64
126
185
64
128
186
64
126
183
64
128
186
64
128
185
64
127
183
64
127
186
64
128
184
64
126
183
64
129
185
64
126
183
64
129
187
64
128
186
64
127
184
64
126
183
64
129
186
64
128
187
64
128
186
64
127
185
64
129
185
64
127
184
64
127
185
64
126
185
64
128
186
64
126
185
64
129
187
64
127
185
64
129
186
64
127
186
64
127
185
64
126
185
64
127
185
64
127
184
64
128
184
64
126
185
64
128
184
64
126
184
64
128
184
64
128
185
64
129
186
