128
127
127
127
126
125
124
126
125
124
124
124
125
126
127
128
128
127
126
125
126
126
127
127
127
126
125
125
125
125
125
124
125
126
126
125
127
128
127
126
125
126
126
125
124
125
124
125
126
127
126
125
125
125
126
124
125
124
122
123
122
122
123
122
123
123
123
121
121
120
118
118
117
117
117
118
118
117
116
117
117
115
115
113
113
112
110
109
108
107
108
107
106
107
106
106
105
103
103
102
103
104
105
105
106
104
105
105
103
104
104
106
108
107
109
109
109
110
110
110
109
110
109
110
108
107
105
106
108
109
110
112
113
113
112
111
111
110
110
111
111
109
109
111
113
114
115
117
117
116
116
116
114
112
113
114
114
115
114
114
114
114
113
113
113
114
113
114
113
113
113
113
113
115
116
117
117
116
117
117
115
115
116
118
118
119
120
119
118
118
119
121
120
121
122
121
121
121
123
123
122
122
122
123
122
123
125
126
127
127
128
126
129
130
130
129
130
129
129
130
130
131
132
131
133
133
136
135
136
137
138
138
138
138
139
141
142
142
142
141
142
143
143
142
140
138
138
140
140
139
137
136
136
136
136
136
135
133
130
130
131
131
130
130
129
128
127
125
125
124
124
123
121
119
118
119
119
119
119
117
116
116
117
116
114
115
116
116
115
114
114
115
113
114
116
115
115
114
113
114
116
116
116
115
117
116
114
117
116
117
117
119
120
121
119
120
119
121
120
120
120
119
120
121
121
121
120
123
124
125
125
125
125
126
126
128
129
129
130
133
134
134
133
133
133
134
133
133
134
133
133
135
135
136
136
138
140
141
140
140
141
139
138
138
139
139
138
140
140
140
140
141
142
141
142
142
143
144
144
144
143
145
144
144
145
144
143
145
145
146
147
149
148
147
147
146
148
147
147
149
149
150
149
150
151
152
150
151
150
151
152
151
151
150
150
151
151
152
151
151
152
153
151
152
152
152
151
152
153
152
150
150
150
149
149
151
153
153
154
155
155
155
153
154
154
154
154
155
155
156
155
156
157
156
156
158
157
157
158
158
159
160
160
161
162
160
158
159
159
160
159
158
159
158
158
160
160
161
159
159
158
157
159
159
159
159
159
158
158
158
160
161
161
161
163
163
162
160
162
162
160
159
159
160
161
161
162
163
163
162
163
162
162
162
164
163
162
161
163
162
162
162
161
160
159
158
160
160
161
161
162
162
161
161
161
162
163
162
162
163
163
161
161
161
159
158
160
160
159
157
157
159
160
158
158
157
158
157
158
158
159
158
160
160
159
158
159
158
157
157
158
157
158
157
158
158
157
158
158
157
156
157
157
158
158
157
157
158
159
160
159
160
158
159
161
161
160
160
161
161
160
160
162
162
162
160
160
160
160
161
162
162
161
161
162
161
160
159
161
161
162
162
161
160
159
159
159
159
158
158
158
159
160
160
160
160
161
159
160
159
158
156
157
158
157
157
159
160
160
160
160
160
159
157
157
159
159
157
158
159
159
158
158
159
158
156
157
157
158
156
156
158
159
159
159
160
159
157
159
160
160
158
159
158
159
158
160
162
163
164
166
166
167
168
169
64
75
88
96
105
113
121
125
135
141
148
156
160
164
168
64
79
93
106
117
127
136
145
154
162
168
64
81
95
109
121
134
146
158
166
64
84
99
115
131
144
157
168
64
85
104
123
140
156
168
64
85
107
126
144
159
64
86
108
130
148
165
64
89
114
136
156
64
90
116
139
161
64
89
116
140
161
64
91
118
143
164
64
93
121
146
168
64
94
125
151
64
95
124
151
64
95
124
153
64
97
130
159
64
97
129
158
64
99
132
161
64
100
135
167
64
101
138
64
104
141
64
105
147
64
107
148
64
109
152
64
111
155
64
111
158
64
113
158
64
114
163
64
116
164
64
117
166
64
117
168
64
119
64
120
64
122
64
122
64
123
64
123
64
126
64
127
64
128
64
128
64
130
64
131
64
130
64
131
64
133
64
133
64
133
64
135
64
137
64
135
64
136
64
139
64
139
64
139
64
139
64
139
64
142
64
140
64
143
64
142
64
142
64
143
64
144
64
143
64
144
64
144
64
147
64
147
64
146
64
148
64
148
64
148
64
147
64
149
64
147
64
150
64
150
64
148
64
150
64
151
64
150
64
151
64
152
64
152
64
150
64
152
64
153
64
152
64
151
64
151
64
152
64
152
64
152
64
154
64
154
64
154
64
154
64
154
64
154
64
155
64
155
64
155
64
155
64
154
64
156
64
154
64
154
64
154
64
154
64
155
64
154
64
156
64
157
64
155
64
156
64
156
64
155
64
156
64
155
64
156
64
157
64
156
64
155
64
155
64
157
64
156
64
158
64
156
64
157
64
156
64
158
64
158
64
158
64
157
64
157
64
157
64
157
64
156
64
158
64
157
64
157
64
157
64
157
64
158
64
157
64
158
64
159
64
159
64
157
64
157
64
157
64
157
64
159
64
157
64
157
64
158
64
157
64
157
64
157
64
159
64
159
64
159
64
158
64
159
64
158
64
158
64
159
64
159
64
159
64
159
64
157
64
158
64
158
64
158
64
159
64
159
64
158
64
159
64
157
64
157
64
159
64
159
64
159
64
157
64
158
64
157
64
158
64
157
64
157
64
159
64
157
64
157
64
159
64
159
64
159
64
159
64
158
64
157
64
159
64
159
64
157
64
159
64
158
64
159
64
157
64
158
64
158
64
158
64
158
64
158
64
157
64
157
64
159
64
158
64
158
64
159
64
157
64
159
64
158
64
158
64
159
64
159
64
158
64
159
64
160
64
159
64
160
64
160
64
160
64
158
64
160
64
158
64
158
64
160
64
159
64
159
64
158
64
158
64
158
64
159
64
160
64
159
64
158
64
160
64
159
64
159
64
158
64
160
64
160
64
159
64
159
64
159
64
160
64
158
64
159
64
158
64
160
64
159
64
160
64
160
64
160
64
158
64
158
64
159
64
158
64
158
64
159
64
159
64
158
64
159
64
158
64
159
64
158
64
159
64
160
64
158
64
159
64
159
64
159
64
159
64
159
64
160
64
158
64
160
64
160
64
159
64
160
64
159
64
159
64
160
64
158
64
159
64
159
64
159
64
159
64
159
64
159
64
159
64
160
64
159
64
160
64
160
64
160
64
158
64
159
64
159
64
158
64
160
64
159
64
159
64
158
64
160
64
159
64
158
64
160
64
158
64
159
64
159
64
159
64
159
64
158
64
159
64
160
64
160
64
159
64
158
64
160
64
160
64
160
64
160
64
158
64
158
64
160
64
160
64
159
64
159
64
158
64
158
64
159
64
160
64
160
64
159
64
159
64
160
64
158
64
160
64
160
64
160
64
158
64
158
64
158
64
159
64
160
64
160
64
159
64
158
64
160
64
160
64
158
64
158
64
160
64
158
64
160
64
160
64
158
64
159
64
158
64
158
64
159
64
159
64
158
64
160
64
158
64
160
64
159
64
160
64
158
64
159
64
160
64
158
64
160
64
158
64
160
64
159
64
158
64
160
64
158
64
159
64
158
64
160
64
158
64
160
64
158
64
158
64
159
64
160
64
160
64
159
64
160
64
159
64
159
64
160
64
160
64
158
64
159
64
160
64
159
64
160
64
158
64
159
64
160
64
158
64
159
64
158
64
159
64
158
64
160
64
160
64
158
64
159
64
159
64
158
64
158
64
160
64
158
64
158
64
158
64
160
64
159
64
159
64
160
64
159
64
158
64
158
64
159
64
160
64
158
64
159
64
158
64
158
64
160
64
159
64
159
64
159
64
158
64
160
64
160
64
160
64
158
64
160
64
158
64
158
64
159
64
159
64
159
64
159
64
158
64
159
64
160
64
160
64
160
64
158
64
158
64
160
64
158
64
158
64
159
64
159
64
160
64
158
64
158
64
159
64
160
64
158
64
158
64
159
64
158
64
158
64
160
64
158
64
158
64
160
64
160
64
160
64
160
64
160
64
159
64
158
64
158
64
160
64
158
64
158
64
160
64
160
64
158
64
160
64
160
64
160
64
158
64
158
64
158
64
159
64
158
64
159
64
158
64
158
64
159
64
160
64
160
64
159
64
159
64
159
64
158
64
159
64
160
64
160
64
158
64
158
64
158
64
160
64
160
64
159
64
160
64
159
64
158
64
159
64
159
64
158
64
160
64
160
64
160
64
159
64
160
64
159
64
158
64
159
64
159
64
160
64
159
64
159
64
159
64
159
64
159
64
160
64
159
64
159
64
159
64
160
64
158
64
159
64
159
64
159
64
160
64
158
64
160
64
159
64
159
64
159
64
159
64
160
64
159
64
159
64
158
64
159
64
160
64
158
64
160
64
160
64
160
64
159
64
159
64
158
64
160
64
160
64
158
64
160
64
159
64
160
64
160
64
160
64
158
64
158
64
158
64
159
64
158
64
158
64
160
64
160
64
158
64
160
64
160
64
160
64
160
64
159
64
159
64
159
64
159
64
158
64
160
64
158
64
160
64
158
64
160
64
160
64
160
64
160
64
158
64
159
64
158
64
158
64
159
64
160
