128
127
127
126
126
127
127
128
127
128
128
129
128
128
129
128
128
129
130
128
128
127
128
128
129
129
128
127
127
128
129
129
128
128
128
129
128
129
129
129
129
128
129
129
128
129
130
129
130
131
129
129
130
129
129
127
128
127
128
127
127
128
129
129
128
128
127
128
128
129
129
130
128
128
127
128
127
126
125
127
126
126
126
125
125
127
127
127
128
127
127
128
127
126
127
127
126
125
126
126
127
126
125
125
127
126
126
126
127
126
127
126
126
126
125
125
124
125
124
124
126
125
124
123
123
124
124
124
123
123
122
123
124
124
123
122
124
123
125
125
126
126
125
127
127
126
125
126
126
125
125
124
124
124
125
126
125
126
125
126
125
125
126
126
127
127
128
129
128
129
128
127
127
126
127
126
125
124
125
125
125
124
125
126
127
127
126
127
126
127
127
128
127
126
127
128
129
130
129
128
127
126
125
126
126
126
127
127
126
125
127
128
127
127
128
129
128
128
128
128
128
129
128
129
129
130
130
129
129
130
131
130
128
127
128
128
127
126
125
127
126
125
125
125
126
126
125
125
125
127
128
129
128
128
129
129
130
131
131
132
133
134
136
138
137
137
139
139
140
142
141
141
142
142
142
143
142
141
141
141
142
142
142
144
144
146
147
148
148
149
149
149
150
150
149
151
150
150
150
150
151
152
153
154
155
157
156
158
158
158
160
161
162
163
163
162
162
161
163
163
165
165
165
167
169
169
169
169
169
168
168
170
171
171
171
171
171
172
173
174
174
174
174
174
177
178
180
182
183
183
183
183
185
186
186
186
185
185
186
188
188
189
189
188
188
188
189
188
188
190
64
76
90
102
112
119
126
133
139
144
151
157
162
166
169
173
175
176
180
183
185
189
191
64
78
92
104
113
124
133
142
150
158
164
169
175
177
180
182
185
188
64
80
93
105
117
126
134
141
148
155
162
168
173
178
182
186
190
64
80
94
108
121
132
143
150
157
162
171
179
185
191
64
81
95
107
118
130
140
151
158
165
171
177
181
187
191
64
81
97
112
124
135
144
154
162
170
178
185
191
64
80
95
108
121
133
145
155
162
171
178
185
64
83
100
115
128
139
149
158
167
177
183
191
64
81
96
112
126
140
151
161
171
178
185
64
84
102
117
132
143
154
165
174
183
190
64
82
100
118
134
146
156
166
174
183
191
64
83
102
119
134
150
162
173
183
191
64
84
104
121
135
149
162
175
185
64
86
105
123
141
154
167
178
188
64
86
106
124
141
155
169
182
64
86
106
124
142
156
171
182
64
85
107
125
142
157
170
182
64
86
109
128
144
158
172
186
64
86
107
125
144
159
174
186
64
86
107
127
145
161
173
186
64
87
108
127
144
159
176
189
64
88
108
128
147
164
178
191
64
88
110
130
147
163
177
191
64
90
111
129
148
164
177
189
64
88
111
130
147
163
178
190
64
88
108
128
146
162
178
64
88
109
128
146
161
176
190
64
87
108
126
144
159
175
189
64
86
108
125
142
157
172
184
64
86
107
126
143
157
171
182
64
86
108
125
141
155
168
182
64
85
104
122
138
153
166
178
189
64
86
105
122
138
152
166
176
187
64
84
103
121
138
150
163
175
186
64
84
103
120
135
148
159
170
180
189
64
85
102
119
133
147
158
169
180
191
64
84
102
118
132
145
157
169
178
189
64
85
102
118
131
144
158
170
179
186
64
84
102
119
134
149
161
171
180
189
64
84
102
118
132
145
156
167
176
185
64
84
102
120
135
148
160
172
181
64
85
104
122
136
149
163
175
185
64
84
101
119
132
146
160
173
183
191
64
83
100
116
132
146
158
170
181
189
64
84
104
122
137
150
161
171
180
191
64
86
103
121
134
147
158
171
180
191
64
85
104
119
134
148
160
172
183
64
83
101
117
134
150
163
175
184
64
83
102
120
136
150
161
171
182
190
64
84
104
122
136
149
161
171
179
189
64
86
103
120
135
148
159
170
182
191
64
83
101
117
133
146
159
171
182
64
83
100
117
135
148
160
171
182
191
64
84
105
122
137
150
161
173
183
64
85
104
120
135
149
162
173
182
64
85
104
120
134
148
160
169
181
64
84
101
119
135
148
159
171
181
190
64
84
102
119
134
149
162
174
185
64
85
103
119
134
147
160
171
182
64
84
103
119
134
147
160
172
180
188
64
84
104
121
136
148
161
172
181
190
64
84
102
118
134
148
160
171
181
191
64
85
103
119
132
146
158
171
182
190
64
85
103
121
136
151
164
176
185
64
83
103
121
137
152
163
175
185
64
86
104
121
137
152
163
174
184
64
86
106
121
136
149
162
172
184
64
86
104
120
135
149
160
171
182
190
64
83
102
118
132
147
159
172
183
191
64
84
101
119
135
149
163
172
183
191
64
84
102
120
134
149
162
171
181
190
64
85
104
120
135
149
159
172
182
64
84
104
119
135
149
162
172
183
64
85
104
121
136
151
164
175
184
191
64
84
102
121
135
148
161
172
181
189
64
84
103
121
137
149
160
170
179
188
64
84
104
121
137
150
162
175
184
64
85
103
120
135
148
162
173
183
64
83
101
116
132
146
159
171
183
191
64
84
101
120
136
150
161
171
182
190
64
84
102
121
136
150
163
173
181
191
64
84
103
118
134
147
160
173
183
64
84
102
119
134
147
160
172
181
64
85
103
121
135
148
161
174
183
64
83
101
118
134
147
159
171
181
190
64
85
102
121
136
150
162
174
183
191
64
84
104
120
136
150
162
171
180
190
64
84
102
120
134
146
156
170
179
189
64
83
102
120
133
148
160
172
181
190
64
84
101
119
135
149
162
172
180
190
64
85
105
123
137
151
164
173
181
190
64
85
104
122
135
149
161
173
182
190
64
84
102
118
131
144
156
167
178
188
64
85
103
117
133
149
161
173
181
191
64
84
104
120
136
151
162
173
183
191
64
86
103
120
136
149
161
172
182
64
83
101
118
134
148
160
172
181
191
64
85
104
119
134
148
161
171
181
191
64
83
101
117
133
146
160
171
180
188
64
84
102
118
134
147
160
170
180
189
64
84
101
119
135
147
159
171
181
189
64
83
102
117
131
144
158
169
178
187
64
84
103
119
135
150
163
175
184
64
82
103
119
134
147
158
168
178
185
64
84
102
120
135
148
159
169
181
191
64
84
102
117
131
143
157
169
180
190
64
84
103
118
135
150
164
176
186
64
83
100
117
132
147
159
169
178
188
64
84
103
120
135
150
162
171
181
189
64
86
105
122
137
150
160
169
179
190
64
85
104
121
136
150
163
174
184
64
84
101
118
132
146
160
171
180
189
64
85
102
119
135
148
160
171
180
187
64
85
104
120
134
147
159
168
178
188
64
86
104
121
135
149
162
173
183
191
64
83
103
120
134
150
163
175
184
64
85
103
120
136
149
160
172
181
191
64
84
103
119
136
149
162
174
182
191
64
86
105
121
137
149
161
170
180
189
64
84
102
118
131
144
155
167
179
188
64
85
104
120
133
145
156
167
179
188
64
83
101
118
131
145
159
169
179
189
64
82
99
117
133
146
158
168
178
186
64
86
104
121
136
149
161
171
179
189
64
84
104
121
137
148
158
169
180
189
64
84
101
118
132
143
157
169
180
189
64
83
101
117
132
147
161
172
183
64
82
100
118
133
147
160
170
180
189
64
84
103
119
134
148
161
172
180
191
64
83
102
120
133
147
160
172
184
64
84
103
120
134
146
159
172
181
189
64
85
104
118
135
149
162
174
184
64
84
100
119
134
147
160
171
182
190
64
86
106
122
136
148
159
169
180
191
64
86
105
122
137
151
164
174
183
191
64
84
102
120
135
150
161
171
182
190
64
86
107
125
140
152
164
175
185
64
84
103
119
136
150
162
173
184
64
86
106
123
139
151
165
177
187
64
84
103
121
136
151
163
173
184
191
64
84
103
120
135
150
162
172
183
190
64
84
103
120
135
149
163
172
182
64
86
104
122
138
150
161
171
182
190
64
85
102
119
135
148
162
173
182
190
64
85
104
121
137
150
164
175
185
64
83
102
119
136
150
162
172
181
188
64
84
103
120
134
149
162
173
184
190
64
84
104
122
136
150
163
172
182
64
85
104
121
136
149
162
172
182
190
64
85
104
119
135
150
162
174
183
191
64
85
101
119
136
149
161
173
181
191
64
86
104
122
136
150
163
174
184
64
85
103
120
134
148
159
168
178
188
64
84
104
120
136
149
161
172
182
64
83
101
116
130
144
158
171
181
189
64
83
100
117
134
148
161
172
181
188
64
84
104
120
137
149
162
171
179
190
64
85
104
121
137
151
163
175
187
64
85
104
120
134
148
161
174
183
64
85
102
120
135
151
162
172
181
191
64
85
102
120
136
151
162
172
180
190
64
86
106
123
138
151
162
173
182
191
64
86
105
123
136
149
160
171
182
191
64
84
104
121
135
148
161
174
183
190
64
84
101
120
134
148
162
174
182
189
64
84
103
120
134
147
161
170
179
189
64
86
105
123
136
148
159
170
180
190
64
83
101
117
131
143
157
169
180
190
64
83
101
117
132
147
161
171
181
190
64
84
102
120
134
149
162
171
179
190
64
85
102
120
134
147
159
172
184
64
84
103
121
135
147
159
172
181
191
64
83
102
118
136
150
162
174
185
64
85
102
120
135
150
162
172
183
190
64
86
104
122
136
150
162
173
185
64
84
102
120
136
148
159
172
182
191
64
83
101
119
132
148
162
175
185
64
83
103
119
134
150
163
174
185
64
84
102
121
136
150
162
173
182
189
64
85
105
123
138
151
164
175
183
64
84
103
121
136
151
162
171
181
191
64
84
103
121
135
149
162
173
184
64
83
101
118
134
149
162
172
181
191
64
83
101
118
133
146
158
169
178
188
64
85
104
123
138
151
163
173
181
190
64
86
104
120
134
148
161
173
183
64
84
104
122
137
150
163
175
184
64
84
102
117
132
147
161
173
183
64
83
101
118
134
149
161
173
183
64
85
102
119
134
149
163
172
181
189
64
85
103
121
135
148
160
171
181
64
85
103
119
133
146
158
167
179
190
64
84
103
121
136
149
162
172
184
64
85
103
120
135
151
164
176
186
64
84
102
117
133
146
159
170
179
189
64
84
102
120
134
149
162
172
181
189
64
86
105
123
136
151
161
171
182
64
86
104
120
135
148
158
171
182
64
83
101
118
133
146
160
171
180
190
64
85
103
119
135
148
160
172
181
191
64
85
105
121
137
150
163
173
183
190
64
86
104
122
137
151
163
173
184
64
84
104
119
133
146
158
171
182
64
84
104
119
134
148
161
174
183
64
85
104
120
133
148
162
173
183
64
84
102
117
134
148
161
173
183
190
64
83
101
120
135
149
161
173
182
191
64
86
104
122
138
150
162
173
183
191
64
84
104
120
134
148
161
174
184
64
83
102
117
132
147
161
172
181
189
64
84
102
119
135
149
163
173
183
190
64
84
102
119
135
149
161
172
180
189
64
85
102
120
135
148
159
171
182
191
64
83
102
119
135
150
162
174
184
64
83
102
117
133
148
162
172
182
191
64
83
102
120
134
148
161
172
181
189
64
86
104
122
136
148
160
170
180
189
64
83
103
119
133
147
160
172
183
191
64
83
100
117
130
145
159
170
180
188
64
83
100
116
133
148
162
172
181
189
64
84
104
120
134
148
161
170
180
189
64
86
105
123
137
151
162
175
186
64
83
101
118
131
143
157
169
179
189
64
83
100
116
132
147
159
169
180
190
64
83
102
118
134
149
162
172
181
188
64
84
104
120
136
149
161
171
183
64
86
105
122
135
149
161
172
183
191
64
84
103
119
132
148
161
171
181
191
64
83
100
119
134
147
158
169
180
188
64
86
105
123
137
149
160
170
179
188
64
84
101
119
135
148
160
173
184
64
83
103
120
134
146
160
172
181
191
64
83
101
116
132
146
159
170
180
189
64
85
103
119
134
149
162
173
183
64
84
102
121
135
148
161
172
180
191
64
85
102
118
132
147
159
172
184
64
84
103
118
132
146
160
170
181
191
64
84
101
117
134
148
162
174
182
190
64
83
101
118
133
148
161
171
180
188
64
84
104
122
138
151
163
172
184
64
86
104
122
137
148
159
172
184
64
84
102
118
131
145
157
170
180
190
64
85
103
118
135
148
161
171
181
191
64
84
100
118
134
148
161
171
180
189
64
86
105
123
136
149
160
171
179
190
64
83
102
120
134
148
160
173
184
64
83
103
119
133
145
157
170
180
190
64
83
102
117
130
145
158
168
178
188
64
82
101
118
133
146
159
171
181
189
64
83
103
120
136
150
162
171
179
187
64
83
101
118
132
144
157
168
179
188
64
83
100
118
133
146
158
170
179
188
64
83
102
118
133
146
158
169
179
187
64
82
103
121
137
149
160
170
179
187
64
85
104
122
137
150
161
171
183
191
64
84
104
119
133
145
158
170
180
190
64
84
101
118
133
147
159
171
180
188
64
83
102
118
133
147
159
170
179
188
64
84
103
120
135
149
159
169
180
189
64
83
101
117
131
146
160
172
182
190
64
83
101
117
132
147
161
172
180
189
64
83
103
119
134
148
160
171
181
189
64
86
104
119
134
146
158
167
179
189
64
83
102
118
132
144
157
169
180
191
64
83
101
116
134
147
160
170
181
189
64
86
105
122
137
151
163
173
183
64
86
105
123
139
153
164
175
187
64
84
102
118
133
145
156
169
179
187
64
85
105
122
135
151
164
177
185
64
83
102
120
137
150
162
175
185
64
83
100
118
135
150
162
173
184
64
85
103
121
135
149
161
171
181
190
64
84
104
121
136
149
162
171
183
64
86
105
121
135
149
160
171
183
64
84
102
120
135
148
162
174
184
64
83
101
117
132
147
159
171
182
64
83
100
116
131
145
157
169
179
188
64
85
103
122
137
151
164
174
182
189
64
86
106
124
138
152
165
176
186
64
84
103
119
135
147
159
170
181
191
64
84
104
120
135
151
163
174
184
64
83
101
119
136
149
160
173
181
189
64
85
103
119
134
149
161
171
179
189
64
84
103
121
137
149
162
172
183
64
86
103
120
134
147
160
173
183
191
64
84
103
120
133
148
162
174
184
64
83
100
117
132
146
160
171
182
191
64
84
104
120
137
149
162
173
181
191
64
84
103
121
135
147
158
168
178
188
64
85
103
120
135
148
160
172
182
64
84
104
119
132
148
162
172
183
191
64
84
102
121
136
149
160
171
181
190
64
85
105
123
137
151
162
174
182
64
86
106
122
138
150
163
174
183
64
84
102
117
133
147
157
170
181
191
64
85
103
119
133
148
161
172
182
64
84
103
118
134
150
162
172
183
191
64
84
104
121
138
152
163
175
185
64
86
105
122
136
151
163
175
185
64
85
104
122
137
150
162
173
183
64
85
103
120
134
146
158
169
179
188
64
84
103
119
136
151
165
177
187
64
84
101
119
134
149
162
173
182
190
64
85
105
121
136
150
162
172
183
64
84
103
120
135
150
161
170
182
64
85
105
121
135
148
160
171
181
189
64
85
105
121
135
149
163
174
183
191
64
84
103
120
135
150
162
174
184
64
84
104
123
139
151
163
173
183
190
64
86
105
121
136
149
160
170
181
190
64
85
103
121
135
147
161
174
184
64
84
103
120
133
145
160
171
180
189
64
84
101
118
133
147
160
170
179
188
64
83
102
119
136
148
161
172
181
188
64
85
105
122
136
150
163
172
183
64
85
102
118
132
146
158
170
182
64
84
102
118
133
147
160
173
184
64
85
102
119
132
147
159
169
180
188
64
85
102
120
137
152
165
176
185
64
82
101
118
134
148
160
172
180
190
64
85
103
120
135
149
162
172
182
191
64
85
104
120
136
149
161
173
182
191
64
85
104
120
135
148
162
174
182
190
64
83
103
121
136
148
161
172
183
191
64
85
105
121
135
147
160
169
181
191
64
85
105
121
135
146
161
171
181
191
64
84
102
117
132
148
161
173
183
64
84
101
118
133
146
159
171
181
189
64
86
105
123
137
150
161
171
180
191
64
85
103
119
133
147
158
169
181
190
64
84
104
119
134
149
162
172
183
64
85
103
120
137
150
162
173
183
64
83
104
120
136
149
160
172
183
64
84
104
121
135
150
163
172
182
64
86
105
123
139
151
163
175
185
64
85
103
120
135
147
162
173
184
64
83
102
119
133
147
161
172
183
64
84
102
117
133
147
160
171
182
191
64
84
102
119
134
147
160
170
181
189
64
84
102
120
136
149
162
171
183
64
85
104
119
134
149
160
173
185
64
85
102
118
132
146
160
170
182
64
84
103
119
134
147
161
173
183
64
84
103
120
137
153
164
174
184
64
85
102
119
134
149
162
174
185
64
83
103
120
136
149
161
171
180
188
64
86
105
121
135
148
161
172
182
64
86
104
121
137
149
161
172
182
64
84
102
120
136
148
159
171
182
191
64
85
103
118
133
147
161
173
182
191
64
83
102
118
133
146
158
168
179
188
64
84
103
120
134
146
158
169
180
188
64
84
104
121
135
149
159
170
180
191
64
84
104
121
135
147
161
171
181
189
64
83
101
119
136
149
161
173
184
64
85
105
122
137
152
163
174
183
64
86
106
122
136
149
161
171
181
190
64
86
103
121
136
148
162
173
182
190
64
84
102
120
136
150
163
175
186
64
85
102
121
137
152
163
174
184
191
64
84
103
119
135
148
159
171
180
191
64
86
105
121
135
147
160
172
184
64
84
104
121
135
147
161
172
182
64
84
104
121
135
149
161
171
180
190
64
85
103
119
134
147
159
170
181
189
64
85
103
120
134
149
162
172
180
189
64
85
104
121
136
150
160
171
182
64
85
105
120
136
148
158
169
181
190
64
85
102
118
132
147
161
173
182
190
64
85
101
120
137
149
162
172
183
191
64
84
102
118
135
149
160
170
179
186
64
84
102
118
133
145
158
169
181
189
64
83
103
120
134
147
160
170
180
190
64
84
101
118
133
147
160
170
179
188
64
82
103
121
135
150
163
172
181
188
64
84
102
119
135
149
159
170
181
190
64
85
103
119
134
147
160
171
181
189
64
84
103
119
134
149
162
174
182
191
64
82
103
121
138
150
161
172
182
190
64
84
102
119
133
145
158
170
180
189
64
85
103
118
133
147
160
171
181
191
64
84
103
120
134
150
162
172
182
64
83
100
116
133
147
161
173
184
64
83
100
116
132
145
156
169
179
186
64
82
101
118
134
148
160
170
179
187
64
86
105
123
138
151
163
172
182
64
83
103
120
135
149
161
172
184
64
84
102
118
133
146
156
167
177
187
64
85
104
119
133
146
158
169
180
189
64
82
99
117
133
147
159
171
179
188
64
84
104
121
136
148
159
169
177
187
64
84
102
120
133
147
160
173
183
64
85
103
120
133
146
158
171
180
188
64
83
100
116
132
147
159
171
180
189
64
82
102
118
133
146
159
170
