128
127
128
128
128
129
128
128
128
128
128
127
127
127
128
128
129
129
128
129
130
130
130
130
130
129
129
130
129
129
128
128
127
128
128
127
127
127
126
126
125
125
126
125
125
124
124
123
124
125
126
126
127
126
125
125
124
124
125
124
123
123
123
123
123
123
122
123
123
123
124
123
124
124
125
126
126
127
127
128
127
128
128
128
127
128
127
128
128
129
129
130
129
130
131
132
130
130
129
130
129
130
129
129
130
129
130
130
129
130
129
130
130
129
129
129
128
128
129
128
129
130
129
128
128
129
128
129
128
127
127
128
129
130
131
130
131
130
129
129
128
127
127
126
125
126
126
126
127
127
126
126
125
127
126
127
128
127
126
127
126
125
126
127
126
127
126
127
127
127
127
127
126
125
125
124
125
125
125
126
126
125
124
124
124
124
124
125
126
126
128
130
132
133
134
135
135
137
137
136
137
136
136
137
136
137
138
137
137
136
136
139
140
142
143
145
145
146
147
147
146
147
146
148
149
149
150
148
150
152
152
153
155
155
154
154
154
155
155
156
156
158
158
159
161
161
160
161
163
164
165
166
168
168
171
173
174
175
177
179
181
181
181
181
181
184
186
187
186
187
187
188
189
189
190
190
64
77
92
105
116
124
133
141
147
153
158
165
169
174
178
181
185
189
191
64
79
94
107
118
128
139
148
156
161
169
175
182
187
191
64
82
99
113
126
139
149
158
165
173
180
188
64
83
99
113
127
139
152
165
174
181
188
64
84
101
119
132
144
155
166
178
187
64
84
103
119
134
147
161
174
184
64
85
104
121
139
154
166
179
188
64
86
106
125
142
157
170
184
64
89
109
129
147
162
177
190
64
86
106
126
146
163
178
191
64
89
111
131
148
163
177
190
64
91
115
136
155
172
187
64
88
112
134
152
172
188
64
92
118
140
158
176
64
92
115
138
160
179
64
93
118
141
163
180
64
92
120
144
167
187
64
95
122
146
168
186
64
95
124
147
168
187
64
94
122
146
170
190
64
95
124
150
172
64
93
120
145
169
189
64
95
123
148
171
190
64
95
123
150
173
64
95
124
149
172
64
95
126
153
177
64
97
126
153
175
64
96
128
154
177
64
96
127
153
177
64
99
129
158
183
64
97
130
157
182
64
99
130
159
185
64
98
128
156
185
64
99
130
160
186
64
99
133
163
189
64
100
134
165
191
64
100
135
164
64
101
134
164
64
101
135
165
64
103
136
165
64
101
136
165
64
103
137
168
64
102
137
166
64
104
140
170
64
102
137
166
64
101
136
168
64
103
138
169
64
101
136
169
64
103
137
170
64
104
139
170
64
103
139
172
64
104
138
168
64
104
141
174
64
102
138
169
64
104
140
173
64
104
140
172
64
103
138
171
64
104
139
171
64
104
139
171
64
105
140
171
64
105
141
174
64
104
139
171
64
104
140
171
64
106
141
173
64
103
138
172
64
104
141
174
64
105
142
173
64
103
140
173
64
106
142
175
64
103
140
172
64
104
140
171
64
104
139
171
64
105
141
173
64
103
141
174
64
106
142
175
64
106
142
174
64
104
140
172
64
104
141
175
64
103
140
175
64
104
141
172
64
105
142
175
64
104
141
174
64
105
141
172
64
104
141
174
64
105
140
173
64
106
144
175
64
106
142
174
64
107
144
177
64
106
144
177
64
105
141
176
64
104
142
176
64
104
141
175
64
106
144
178
64
104
141
176
64
104
143
174
64
104
139
171
64
106
144
175
64
104
140
174
64
105
142
175
64
104
142
175
64
106
143
177
64
105
143
174
64
106
144
178
64
106
144
175
64
106
145
179
64
105
141
173
64
104
143
175
64
104
142
174
64
105
141
174
64
104
141
174
64
106
142
174
64
107
145
178
64
105
143
175
64
107
144
177
64
104
141
173
64
106
142
175
64
104
141
173
64
105
142
177
64
105
141
173
64
104
143
176
64
104
143
174
64
104
141
174
64
106
143
175
64
106
143
176
64
107
143
177
64
105
142
173
64
105
143
175
64
106
144
175
64
106
143
177
64
106
142
176
64
103
142
176
64
104
142
174
64
105
140
173
64
106
142
176
64
105
140
175
64
104
143
175
64
106
143
177
64
105
141
175
64
106
141
175
64
107
145
177
64
106
144
177
64
106
143
178
64
105
141
175
64
105
143
176
64
106
143
176
64
105
141
176
64
105
141
175
64
104
140
174
64
105
144
175
64
104
141
175
64
105
142
174
64
104
140
173
64
105
143
175
64
106
143
175
64
106
143
176
64
105
141
175
64
103
142
177
64
104
140
172
64
104
139
174
64
104
143
176
64
104
139
173
64
105
143
175
64
104
141
173
64
107
143
176
64
104
142
174
64
107
143
177
64
105
141
175
64
105
141
176
64
106
142
175
64
106
145
178
64
104
141
174
64
106
143
175
64
104
141
173
64
106
143
177
64
106
143
176
64
107
144
177
64
104
143
177
64
105
143
178
64
105
142
174
64
106
144
179
64
105
143
177
64
105
143
177
64
107
144
176
64
105
142
177
64
105
143
176
64
106
145
179
64
105
143
175
64
105
142
176
64
106
143
176
64
105
143
177
64
105
142
175
64
106
143
176
64
106
145
178
64
105
143
177
64
106
145
179
64
106
143
177
64
107
146
178
64
105
141
173
64
107
146
178
64
106
143
177
64
105
143
178
64
105
143
175
64
105
143
176
64
105
141
173
64
105
143
178
64
105
142
175
64
105
144
177
64
107
143
175
64
105
144
179
64
105
143
176
64
106
145
178
64
106
143
176
64
105
143
176
64
105
143
177
64
105
143
178
64
107
145
178
64
104
144
178
64
107
144
178
64
105
144
178
64
105
142
174
64
108
146
180
64
107
145
178
64
108
146
181
64
105
143
178
64
107
145
180
64
107
147
181
64
107
146
181
64
106
146
181
64
107
146
178
64
107
145
179
64
106
145
179
64
108
146
180
64
107
147
183
64
107
146
181
64
107
146
182
64
107
146
181
64
109
147
182
64
108
146
181
64
107
145
179
64
108
146
180
64
106
145
181
64
109
147
183
64
108
148
182
64
109
149
185
64
108
147
182
64
108
148
182
64
109
148
184
64
107
145
180
64
109
147
182
64
109
149
184
64
107
145
179
64
109
149
183
64
108
147
183
64
109
150
185
64
110
151
186
64
107
146
180
64
109
148
183
64
108
148
185
64
109
149
184
64
108
147
182
64
108
150
186
64
109
150
185
64
109
150
186
64
107
147
185
64
108
147
183
64
108
149
185
64
109
152
187
64
110
151
186
64
109
149
185
64
110
151
186
64
108
148
184
64
107
149
184
64
108
149
185
64
109
150
186
64
108
148
185
64
109
150
187
64
110
152
187
64
110
151
188
64
110
150
187
64
109
149
186
64
110
150
186
64
109
150
186
64
110
152
190
64
108
148
185
64
109
148
184
64
110
151
187
64
109
150
188
64
109
149
184
64
111
152
187
64
110
151
188
64
110
150
186
64
108
151
187
64
110
152
189
64
110
152
187
64
108
149
186
64
110
149
184
64
109
148
184
64
110
151
187
64
109
149
187
64
110
150
186
64
108
148
183
64
109
150
186
64
108
150
184
64
107
147
182
64
110
151
186
64
107
145
182
64
107
148
184
64
108
147
183
64
108
147
181
64
108
148
184
64
109
148
184
64
106
144
181
64
107
145
180
64
108
146
181
64
108
146
180
64
107
145
180
64
107
146
180
64
108
146
181
64
106
146
181
64
107
146
181
64
106
145
180
64
106
145
182
64
108
146
181
64
105
142
179
64
106
145
180
64
107
144
177
64
108
147
181
64
107
145
179
64
106
144
179
64
106
144
178
64
106
145
179
64
106
145
177
64
105
142
177
64
107
146
180
64
106
143
178
64
105
144
179
64
106
144
178
64
107
146
179
64
104
142
176
64
106
144
178
64
107
145
180
64
106
145
178
64
106
143
176
64
107
145
179
64
105
141
173
64
107
144
179
64
107
145
179
64
106
145
180
64
105
141
175
64
104
141
174
64
105
142
175
64
105
143
178
64
107
145
179
64
106
144
178
64
105
142
176
64
105
142
175
64
106
144
176
64
106
143
175
64
106
145
177
64
104
140
173
64
107
145
179
64
105
144
177
64
104
143
177
64
105
144
178
64
104
143
177
64
105
143
176
64
106
144
177
64
107
144
176
64
106
143
176
64
105
143
177
64
104
141
175
64
106
142
175
64
106
144
176
64
106
143
176
64
105
142
176
64
106
143
177
64
105
141
173
64
106
143
176
64
106
144
176
64
105
141
174
64
106
144
178
64
104
142
175
64
106
143
175
64
104
142
174
64
106
142
177
64
105
141
174
64
106
144
177
64
106
144
177
64
105
141
174
64
106
143
177
64
104
141
174
64
104
143
176
64
105
142
176
64
105
141
173
64
104
140
171
64
107
145
179
64
106
143
174
64
106
142
176
64
105
142
175
64
103
140
175
64
104
140
174
64
104
143
177
64
104
141
175
64
105
142
174
64
104
141
175
64
104
141
174
64
106
144
178
64
106
142
176
64
106
144
176
64
106
142
176
64
107
145
178
64
105
142
173
64
105
143
176
64
105
141
173
64
107
143
176
64
105
141
173
64
105
142
175
64
105
142
174
64
104
143
176
64
105
144
175
64
104
140
173
64
106
143
177
64
106
142
175
64
107
143
176
64
106
143
175
64
107
145
178
64
106
142
174
64
104
141
174
64
105
142
176
64
105
142
175
64
105
141
173
64
105
140
173
64
104
141
173
64
106
143
176
64
105
142
175
64
104
142
173
64
107
144
176
64
105
141
174
64
103
140
173
64
104
141
173
64
103
141
174
64
105
142
175
64
104
140
172
64
104
143
175
64
106
143
175
64
106
142
175
64
104
141
173
64
105
141
176
64
104
140
173
64
103
142
175
64
105
141
174
64
104
142
175
64
106
144
176
64
104
141
173
64
104
142
175
64
104
139
173
64
105
141
173
64
106
142
175
64
106
144
176
64
105
143
176
64
105
142
175
64
106
143
176
64
104
140
174
64
104
140
175
64
105
140
172
64
105
142
175
64
105
140
172
64
105
142
174
64
106
143
176
64
105
144
176
64
106
144
177
64
105
141
173
64
104
140
173
64
106
143
175
64
104
143
174
64
106
141
173
64
106
143
176
64
104
141
172
64
105
143
177
64
104
140
174
64
107
144
176
64
105
142
175
64
104
141
176
64
106
143
175
64
104
140
173
64
104
143
175
64
106
141
174
64
105
143
175
64
105
140
173
64
106
142
174
64
106
144
176
64
105
141
175
64
105
142
176
64
105
144
178
64
105
141
175
64
104
141
176
64
106
144
176
64
105
140
173
64
104
141
173
64
104
139
173
64
107
143
177
64
106
143
176
64
105
143
176
64
105
143
176
64
103
139
172
64
105
141
175
64
104
141
172
64
104
143
174
64
106
141
172
64
107
145
177
64
104
140
171
64
105
144
177
64
106
144
175
64
104
141
173
64
106
142
176
64
104
141
174
64
106
144
176
64
105
142
174
64
106
145
178
64
104
139
173
64
107
144
177
64
106
144
175
64
103
142
175
64
106
144
175
64
104
141
174
64
104
142
176
64
106
144
178
64
104
140
174
64
106
143
177
64
106
144
176
64
106
143
176
64
107
144
176
64
106
141
175
64
106
142
174
64
105
142
173
64
107
144
177
64
105
141
174
64
107
145
178
64
104
142
174
64
104
143
176
64
106
142
174
64
104
140
174
64
104
141
173
64
106
142
173
64
106
142
175
64
106
142
176
64
107
143
175
64
106
143
174
64
103
142
176
64
104
140
174
64
103
141
173
64
105
142
174
64
104
141
173
64
105
144
177
64
106
143
176
64
105
142
176
64
105
141
172
64
105
143
177
64
105
142
174
64
103
139
173
64
105
143
175
64
106
142
175
64
105
143
176
64
105
142
175
64
106
144
177
64
104
141
174
64
105
144
176
64
106
143
174
64
105
141
176
64
106
143
175
64
103
141
174
64
105
141
174
64
104
139
173
64
106
145
177
64
105
142
176
64
106
144
178
64
106
143
175
64
105
144
178
64
105
143
176
64
104
142
176
64
104
142
176
64
104
141
174
64
106
142
175
64
105
142
174
64
106
142
175
64
106
141
174
64
103
141
174
64
104
141
174
64
105
140
175
64
105
143
177
64
105
143
175
64
106
144
178
64
106
142
173
64
106
144
176
64
105
142
175
64
107
143
175
64
105
142
174
64
105
141
174
64
104
141
173
64
104
142
176
64
106
144
176
64
105
144
178
64
104
142
176
64
105
141
176
64
106
142
175
64
104
140
174
64
107
145
176
64
105
142
175
64
106
144
178
64
106
143
175
64
105
143
177
64
105
141
174
64
106
144
177
64
105
142
174
64
107
144
177
64
104
141
174
64
106
145
178
64
105
142
176
64
105
142
176
64
106
142
174
64
106
143
175
64
107
143
175
64
105
142
175
64
107
145
178
64
104
142
177
64
105
143
177
64
104
142
176
64
106
144
178
64
105
142
174
64
105
143
177
64
105
142
174
64
105
143
177
64
104
141
175
64
106
144
177
64
104
140
172
64
107
144
178
64
106
142
174
64
106
144
178
64
106
145
178
64
104
141
176
64
106
142
174
64
106
141
175
64
107
145
178
64
104
142
174
64
106
142
176
64
104
142
174
64
107
145
179
64
105
141
175
64
104
143
176
64
104
142
174
64
106
142
177
64
106
144
176
64
105
143
175
64
104
143
176
64
106
145
178
64
107
144
176
64
106
142
176
64
106
144
176
64
105
143
177
64
106
142
176
64
105
141
176
64
106
144
176
64
104
142
175
64
107
144
177
64
104
141
174
64
105
144
176
64
105
143
177
64
107
144
177
64
105
141
174
64
105
143
177
64
106
142
176
64
105
142
175
64
104
142
176
64
106
144
178
64
107
143
176
64
105
141
176
64
106
144
178
64
106
143
175
64
106
144
177
64
105
143
174
64
107
143
176
64
106
142
174
64
106
144
176
64
104
142
174
64
106
144
179
64
105
144
176
64
104
142
177
64
106
145
177
64
106
145
178
64
106
142
174
64
105
144
178
64
105
142
175
64
105
141
175
64
105
143
177
64
106
144
179
64
106
142
176
64
105
141
175
64
107
145
177
64
105
141
174
64
105
144
177
64
106
144
178
64
107
145
178
64
104
140
172
64
107
146
178
64
106
143
176
64
105
144
178
64
106
143
176
64
106
144
178
64
104
143
175
64
106
143
177
64
106
142
174
64
104
143
176
64
107
143
176
64
105
142
175
64
105
143
177
64
104
141
175
64
107
143
178
64
106
143
175
64
105
144
178
64
105
142
176
64
104
143
176
64
104
142
175
64
106
143
177
64
105
144
175
64
105
140
173
64
106
143
177
64
106
143
177
64
106
143
177
64
106
144
177
64
103
142
175
64
104
141
175
64
105
143
176
64
106
144
177
64
106
141
173
64
105
142
174
64
105
140
173
64
105
143
175
64
105
143
174
64
104
143
176
64
105
141
174
64
104
143
175
64
106
142
174
64
106
142
174
64
104
143
175
64
106
141
174
64
106
145
177
64
105
142
174
64
107
143
175
64
104
141
173
64
103
141
174
64
104
140
172
64
103
141
174
64
105
143
177
64
105
140
173
64
105
141
175
64
105
140
173
64
104
141
174
64
105
140
172
64
106
144
177
64
105
143
175
64
103
141
174
64
104
141
173
64
103
140
174
64
104
140
172
64
104
139
172
64
105
142
176
64
104
139
173
64
105
141
175
64
105
141
172
64
104
141
174
64
106
144
176
64
103
139
173
64
105
142
175
64
105
141
172
64
105
141
175
64
106
141
172
64
105
144
176
64
104
141
172
64
105
142
175
64
105
143
174
64
105
141
176
64
104
142
174
64
105
142
174
64
106
143
177
64
106
142
174
64
106
145
176
64
106
141
175
64
104
141
175
64
104
141
173
64
105
142
177
64
106
142
176
64
104
142
174
64
105
141
174
64
104
140
174
64
106
142
176
64
105
140
172
64
105
141
174
64
105
140
172
64
107
144
176
64
105
141
174
64
104
142
176
64
105
142
174
64
104
140
174
64
104
140
172
64
106
142
174
64
104
143
177
64
104
140
174
64
105
142
176
64
106
143
177
64
104
142
176
64
105
143
175
64
104
143
176
64
105
142
175
64
103
141
176
64
105
141
174
64
104
140
173
64
104
141
173
64
106
142
175
64
106
142
174
64
104
142
173
64
104
141
175
64
106
143
174
64
104
142
176
64
104
140
173
64
105
142
175
64
106
142
176
64
104
139
172
64
107
143
175
64
105
142
175
64
107
145
177
64
105
143
176
64
106
142
177
64
104
142
174
64
105
143
176
64
106
143
177
64
105
143
177
64
106
143
175
64
105
142
176
64
105
142
175
64
104
141
173
64
107
145
179
64
104
141
173
64
107
145
179
64
106
143
175
64
107
145
178
64
105
143
174
64
105
144
177
64
105
143
176
64
106
144
176
64
105
143
175
64
106
142
176
64
105
142
174
64
105
142
175
64
105
142
175
64
104
141
173
64
105
141
174
64
106
144
176
64
105
141
176
64
104
141
173
64
105
143
176
64
106
144
178
64
103
139
172
64
106
143
177
64
105
140
173
64
106
145
178
64
105
140
172
64
106
144
177
64
106
143
177
64
107
144
178
64
105
142
175
64
107
145
179
64
106
142
174
64
103
140
173
64
104
142
174
64
106
141
176
64
106
143
177
64
106
141
174
64
105
142
175
64
105
141
174
64
106
143
176
64
106
142
173
64
107
145
179
64
106
143
176
64
104
142
175
64
104
141
173
64
105
142
177
64
104
142
176
64
106
142
176
64
104
143
175
64
104
139
174
64
107
143
175
64
104
140
171
64
107
145
178
64
104
141
173
64
106
144
176
64
105
142
175
64
105
143
176
64
106
143
175
64
107
145
178
64
105
141
174
64
104
142
174
64
106
144
176
64
104
139
174
64
105
141
173
64
104
142
175
64
105
141
173
64
104
140
171
64
107
143
175
64
104
140
174
64
103
141
176
64
104
141
173
64
106
142
176
64
105
141
175
64
106
142
175
64
105
142
176
64
106
143
176
64
106
143
175
64
104
141
174
64
107
145
178
64
104
140
173
64
106
143
176
64
104
142
176
64
103
140
173
64
104
140
172
64
104
139
173
64
105
142
175
64
105
141
172
64
105
143
176
64
105
140
174
64
105
141
174
64
106
142
173
64
103
140
174
64
105
143
177
64
104
143
176
64
105
143
175
64
105
140
174
64
106
142
175
64
106
143
174
64
104
143
177
64
104
141
172
64
105
142
174
64
106
144
175
64
105
141
176
64
105
142
174
64
103
142
177
64
104
142
175
64
104
140
175
64
105
142
175
64
105
142
175
64
106
145
176
64
105
140
172
64
105
143
175
64
105
142
173
64
