127
128
127
126
127
128
128
128
128
128
128
128
129
130
129
128
128
129
128
128
127
127
127
127
128
129
128
129
130
130
129
129
130
131
130
131
132
131
131
131
129
129
128
128
127
128
129
130
130
131
130
131
130
130
131
129
128
127
126
127
128
129
128
127
127
127
126
125
126
127
128
129
129
130
130
129
130
130
130
129
129
130
129
127
128
127
128
127
127
128
128
127
127
127
128
127
128
127
128
127
128
129
129
128
127
128
128
128
128
127
128
127
127
127
127
126
127
128
127
127
127
128
129
128
127
128
128
128
128
129
128
129
130
128
128
129
129
128
128
128
127
128
127
126
125
124
125
124
124
124
123
124
125
126
125
125
125
124
124
124
125
125
126
126
125
124
123
125
124
123
123
123
124
125
124
124
125
126
127
128
129
129
129
129
128
128
128
127
127
126
125
124
126
126
127
127
128
127
128
127
128
129
129
129
128
128
128
127
127
126
126
125
124
125
128
130
131
133
135
137
136
136
138
139
138
140
140
140
141
140
140
139
140
140
139
139
138
138
140
142
143
144
144
145
145
146
148
150
152
151
153
153
153
154
154
153
154
153
152
155
155
156
157
157
160
160
160
162
163
163
163
165
164
165
164
164
164
163
166
168
169
170
171
171
173
172
172
171
172
171
171
170
171
170
173
174
177
178
179
180
179
178
179
178
178
179
179
178
178
177
180
183
185
184
185
184
184
184
184
183
183
183
184
184
184
185
187
189
190
190
190
190
64
75
88
98
107
114
122
131
137
145
150
154
159
163
165
168
172
175
178
180
183
185
188
189
191
64
78
89
101
111
119
128
135
144
151
156
161
165
168
173
177
181
182
185
186
188
190
64
78
92
103
115
124
134
141
147
154
160
167
173
177
183
186
190
64
79
93
104
115
126
137
146
154
160
166
171
177
180
183
185
191
64
81
97
111
121
131
141
148
155
162
169
177
183
188
64
81
95
108
121
132
141
152
161
168
174
180
186
190
64
82
99
113
124
137
147
156
164
171
179
185
64
82
97
111
123
134
143
153
163
171
180
187
64
81
97
112
128
140
151
160
170
179
186
191
64
82
99
114
128
140
151
160
168
176
186
64
84
102
118
133
144
155
165
174
184
64
83
99
115
128
141
152
163
173
183
189
64
82
98
114
129
142
153
164
173
181
190
64
81
98
117
131
143
156
166
177
185
191
64
83
102
119
133
147
157
167
177
183
64
83
101
117
130
143
155
165
173
182
191
64
83
100
116
131
144
156
169
179
188
64
83
101
118
131
144
154
165
176
187
64
83
102
119
132
144
156
166
177
187
64
84
103
117
131
142
154
166
176
184
64
82
99
116
129
143
155
166
177
186
64
83
102
116
129
144
157
169
178
187
64
83
100
117
129
144
156
167
177
184
64
83
99
116
130
144
156
166
176
184
64
83
100
118
134
147
160
169
178
186
64
83
102
118
132
145
157
168
177
186
64
84
102
118
132
144
157
167
176
183
189
64
85
104
119
133
147
158
169
177
185
64
84
102
120
133
145
156
165
173
180
188
64
83
100
117
131
144
156
165
173
182
190
64
82
99
114
128
141
151
162
172
183
64
83
100
116
129
140
151
163
172
183
190
64
84
101
117
129
142
155
166
176
183
191
64
84
102
118
130
143
156
168
179
188
64
82
100
114
130
145
158
167
178
185
64
84
101
116
131
144
156
167
175
184
64
83
100
116
130
144
157
168
176
183
190
64
82
102
118
133
147
160
170
177
185
64
84
102
118
134
148
158
169
179
186
64
83
103
120
135
148
160
171
178
185
191
64
84
101
116
132
145
156
167
176
184
64
85
104
119
132
144
154
164
172
181
191
64
83
101
118
133
146
156
167
176
185
64
84
101
116
130
144
154
163
171
179
189
64
82
100
117
130
142
151
163
174
182
191
64
82
100
117
131
143
155
167
176
185
191
64
84
100
116
128
141
153
163
172
179
187
64
81
98
116
132
145
157
168
178
186
64
83
102
119
134
146
159
168
178
186
64
82
101
119
132
145
158
168
178
186
64
82
101
117
133
147
159
168
176
185
191
64
83
102
119
134
147
158
169
179
185
64
85
104
119
134
148
158
169
177
185
64
84
102
117
131
144
154
164
172
180
190
64
83
99
117
132
143
153
164
173
183
191
64
82
99
115
129
140
150
160
172
181
188
64
84
100
117
130
143
155
165
175
185
191
64
84
102
118
132
143
155
165
174
181
189
64
82
99
113
127
140
152
164
172
182
188
64
82
99
115
131
145
158
169
179
187
64
82
100
116
130
142
155
167
175
182
189
64
83
100
116
130
143
156
167
176
183
189
64
81
98
115
131
143
154
165
173
181
188
64
83
101
118
131
144
154
165
174
181
189
64
84
102
117
131
142
153
164
172
182
189
64
84
101
117
132
144
155
164
175
183
190
64
83
99
114
129
142
152
163
172
180
188
64
82
100
115
130
144
158
169
179
188
64
84
100
115
127
140
154
164
174
184
190
64
83
100
114
129
142
153
163
172
182
190
64
81
98
114
130
143
155
166
175
184
190
64
83
100
114
127
137
148
160
170
178
186
64
83
98
112
126
137
147
155
164
171
179
187
64
83
98
111
125
138
147
155
163
169
174
181
184
188
191
64
82
98
111
122
133
144
152
159
166
171
175
179
182
186
188
64
80
93
105
115
125
135
145
154
161
166
171
175
180
183
187
189
190
64
78
90
103
112
122
130
138
145
149
154
158
163
165
167
170
172
175
176
177
179
180
182
181
182
181
182
182
183
184
183
182
183
181
180
181
180
180
179
177
177
175
175
173
173
172
170
171
171
171
171
171
171
170
168
169
169
167
167
165
164
164
164
162
163
161
162
162
163
162
160
159
159
159
157
156
155
155
153
153
154
154
153
153
153
153
153
154
153
152
150
150
150
149
149
149
148
148
148
149
147
146
147
146
145
143
143
144
144
143
143
142
143
144
145
143
142
141
141
141
142
141
142
142
141
141
142
142
143
144
143
142
141
140
141
141
142
141
141
142
142
142
140
140
139
140
140
138
137
138
137
137
135
136
136
136
135
135
136
136
135
134
135
134
135
135
135
135
136
135
136
134
135
135
135
135
133
134
133
132
132
133
132
133
132
132
133
133
134
133
133
132
131
130
129
130
129
130
130
129
128
129
130
129
128
130
129
128
128
128
128
127
127
127
128
129
129
130
130
131
132
133
132
132
130
131
132
131
130
131
130
129
128
128
129
128
129
128
128
130
130
130
131
129
130
130
131
132
131
132
130
130
129
128
128
127
128
129
129
128
128
127
128
129
128
127
128
129
130
130
130
131
132
131
131
131
131
130
129
129
129
129
130
130
131
130
131
130
130
130
130
128
127
127
129
129
130
128
127
128
127
129
128
128
127
127
126
125
125
127
127
128
129
129
128
127
128
127
127
127
127
126
126
125
125
125
127
126
126
125
124
124
124
125
125
124
125
124
123
123
122
122
121
123
123
122
122
121
123
124
126
127
127
128
129
128
128
127
127
128
127
127
127
128
127
126
127
127
128
129
129
130
130
129
129
129
129
129
128
129
129
129
129
128
127
128
129
130
128
127
127
126
128
127
126
125
124
123
123
122
124
124
125
125
126
125
126
125
126
125
124
124
123
125
124
124
126
126
126
126
125
125
125
126
127
127
128
129
129
129
128
128
129
130
130
129
128
128
129
130
130
128
129
129
130
130
129
128
129
130
129
130
131
131
132
131
131
130
128
127
127
126
127
126
125
125
126
126
127
126
125
126
125
125
126
125
124
125
125
125
124
124
123
123
123
124
124
124
123
124
123
123
122
122
121
122
121
122
123
123
124
123
124
125
124
124
126
126
127
127
126
127
126
127
127
128
127
126
127
128
128
128
128
129
130
131
129
129
128
129
129
129
128
128
127
126
126
127
126
125
125
126
125
126
126
127
127
126
128
128
128
128
128
127
127
127
128
128
128
129
128
127
126
127
128
127
128
129
130
131
130
130
130
128
127
128
127
128
127
128
129
128
129
129
129
130
128
128
128
128
127
127
126
127
128
128
128
127
128
128
127
126
125
125
126
127
126
126
125
126
128
127
128
127
127
127
128
128
129
130
129
130
129
128
127
128
128
128
129
129
129
127
127
126
128
129
127
127
126
126
125
124
125
127
128
128
129
129
129
129
130
130
130
128
129
129
129
129
128
128
127
127
126
127
128
128
128
128
127
128
129
128
127
128
128
129
130
130
129
128
129
128
129
129
128
129
129
129
130
131
130
131
130
131
131
130
129
130
129
129
130
131
131
131
132
130
131
130
129
129
128
127
128
128
128
128
127
126
127
128
128
129
129
128
129
129
128
128
128
129
130
130
131
130
129
129
129
130
129
130
131
132
131
130
129
127
128
128
129
129
130
131
130
129
130
129
130
129
128
128
127
128
127
126
127
127
128
127
128
127
128
129
130
129
129
127
128
127
126
128
128
127
127
128
128
129
128
128
128
127
128
129
128
128
128
128
127
126
125
125
126
126
126
125
125
126
125
127
128
128
129
128
128
127
127
127
127
127
126
126
126
126
125
125
126
125
126
127
128
128
128
127
128
128
127
128
129
130
130
129
128
129
128
129
128
127
127
127
128
127
127
126
125
126
127
128
128
129
128
129
130
131
130
128
128
128
129
130
131
129
130
131
130
129
130
130
129
128
128
127
126
127
126
125
125
127
126
126
127
126
125
125
126
126
125
126
125
125
124
124
126
126
125
125
126
128
129
129
129
130
131
131
130
130
129
128
128
127
126
127
128
129
129
128
128
127
127
126
125
126
126
127
127
128
128
127
128
128
128
127
126
126
126
127
127
127
127
126
125
125
125
124
124
124
125
125
126
127
127
128
128
127
126
127
126
125
125
125
125
126
125
125
125
126
125
126
126
125
125
126
126
125
125
125
125
127
126
125
125
124
126
127
128
128
128
128
128
127
127
127
126
125
126
126
127
126
125
124
125
125
126
127
128
129
128
129
128
127
128
129
128
129
129
127
128
127
126
127
127
128
129
128
127
128
127
128
128
128
127
127
126
127
127
128
128
128
128
127
126
127
126
126
127
128
127
127
126
128
128
128
128
128
127
127
127
127
126
126
126
125
125
124
123
123
122
124
123
123
125
126
127
128
127
126
126
125
125
125
126
127
128
129
129
130
129
130
130
130
131
131
130
130
131
131
131
131
129
130
130
131
129
130
131
132
131
131
131
131
132
132
132
132
133
131
130
131
131
131
132
132
131
129
130
131
131
130
130
131
130
130
129
129
128
129
127
128
128
128
128
129
128
127
127
127
128
129
129
130
129
127
128
129
129
128
129
128
127
127
128
129
130
130
129
129
128
128
128
128
127
126
125
125
126
126
125
125
124
124
125
126
126
126
127
128
128
129
129
128
129
127
127
126
127
126
127
126
125
124
126
125
126
125
125
127
126
127
126
127
128
128
128
128
127
127
128
129
130
129
129
130
131
131
130
130
130
131
130
130
130
131
129
130
131
129
130
130
131
130
130
130
129
130
130
131
131
129
130
131
131
130
131
131
131
130
129
129
129
129
130
129
130
129
129
130
129
130
129
130
130
129
129
128
127
126
126
127
127
128
127
128
127
128
127
128
127
128
127
127
128
129
129
129
129
128
127
127
127
127
128
129
130
130
130
131
132
131
132
132
132
130
129
130
129
130
129
130
131
132
131
132
132
132
130
130
130
131
129
129
128
128
127
128
129
128
129
128
127
126
126
127
128
129
130
129
128
127
128
127
127
127
126
127
126
127
126
126
126
127
127
126
127
128
129
129
130
130
130
129
128
128
129
130
129
129
128
128
128
129
128
127
128
128
129
130
129
129
129
130
131
131
130
131
130
130
129
130
128
127
128
128
127
126
127
128
128
128
127
126
125
127
128
128
127
128
128
127
127
127
127
127
126
127
126
127
127
127
128
127
126
126
126
125
126
126
125
126
127
127
128
127
126
126
126
126
127
126
126
125
126
125
125
125
124
124
125
126
127
128
127
126
127
127
126
127
126
128
128
128
129
128
127
126
126
127
128
129
128
129
127
126
126
126
126
127
128
129
128
129
129
130
128
129
128
127
128
128
128
129
129
129
130
130
129
129
128
127
128
129
128
129
128
128
129
127
127
128
127
128
127
128
127
127
126
126
128
127
127
127
126
125
124
125
125
125
125
127
126
127
127
126
125
126
127
128
128
127
128
128
128
128
127
128
128
128
129
129
130
130
131
130
129
129
130
130
130
129
127
128
129
128
129
128
129
129
128
128
129
127
127
128
129
130
130
129
128
128
129
128
128
128
127
126
125
127
128
127
127
127
126
127
128
129
130
129
130
129
128
129
129
128
128
128
129
130
129
130
129
128
129
128
129
129
129
130
129
130
128
127
127
127
128
129
129
130
130
130
129
128
128
129
129
130
129
128
128
128
128
129
129
130
131
130
130
129
129
129
128
127
126
126
125
125
126
126
125
125
125
125
125
124
125
125
126
125
126
127
128
128
129
128
127
127
127
128
129
129
128
128
127
126
127
128
127
126
125
124
125
124
123
123
122
124
125
126
127
126
127
128
128
127
126
127
126
126
127
127
128
128
129
129
129
130
129
128
127
126
126
126
127
127
126
126
126
125
126
126
127
127
126
125
126
125
127
128
128
129
130
129
130
131
132
130
130
129
128
129
127
128
127
126
126
127
128
129
130
130
129
128
128
127
126
125
126
127
127
127
126
126
126
125
126
126
126
128
128
128
128
129
128
129
129
130
129
128
128
128
128
129
128
128
129
128
128
128
127
127
128
127
126
127
128
128
129
130
130
128
128
128
127
126
125
126
127
127
127
128
129
128
128
128
128
128
127
128
128
127
128
129
129
128
127
126
125
124
124
124
125
124
124
123
122
122
124
124
125
127
127
126
125
126
126
126
128
127
127
127
128
128
127
127
127
126
127
126
125
126
128
127
126
126
125
126
125
125
125
126
127
128
128
128
129
128
127
127
128
128
127
126
125
125
127
127
127
127
127
127
127
128
128
128
127
128
129
128
127
128
128
129
128
127
127
128
129
128
128
128
127
127
127
127
128
128
129
129
128
129
128
128
127
128
127
128
129
129
130
131
130
131
131
130
129
130
131
130
129
129
130
129
127
126
127
128
127
127
126
126
125
124
124
125
126
126
126
125
125
125
126
128
128
128
127
127
127
127
127
128
129
