128
129
129
129
130
130
130
128
128
129
128
127
128
129
130
131
131
130
129
130
128
129
130
129
130
130
130
130
131
130
129
129
128
129
130
130
129
129
129
128
128
128
127
128
130
130
132
132
132
132
133
134
135
136
135
134
133
134
133
132
134
136
136
139
139
139
141
142
142
142
141
141
143
145
146
147
148
150
150
150
150
150
151
152
154
154
155
156
155
157
158
158
161
161
161
162
163
163
164
165
168
167
168
168
168
167
167
168
64
75
84
94
103
111
120
127
132
138
141
146
151
156
160
162
164
166
169
64
78
88
100
111
120
127
135
141
147
155
160
163
167
64
77
90
101
112
124
135
142
148
156
162
167
64
78
94
107
119
129
138
148
155
163
64
82
97
109
123
135
145
154
163
64
82
98
113
126
136
146
157
167
64
80
97
114
128
142
154
163
64
83
100
117
131
145
157
168
64
86
105
123
140
154
166
64
86
104
124
140
154
168
64
85
106
126
143
161
64
88
111
130
146
163
64
88
110
131
150
167
64
88
111
133
151
64
90
111
133
151
167
64
88
111
132
149
165
64
87
111
130
147
163
64
86
108
129
147
163
64
89
113
134
155
64
89
113
132
151
168
64
91
115
135
157
64
92
117
139
160
64
93
118
140
160
64
93
118
144
165
64
94
122
146
64
93
122
147
169
64
96
124
151
64
95
122
149
64
97
126
151
64
97
125
151
64
98
128
154
64
98
127
156
64
96
126
155
64
98
128
154
64
97
128
155
64
97
129
158
64
98
129
159
64
98
129
157
64
98
128
156
64
99
129
159
64
99
130
160
64
101
132
161
64
101
131
162
64
100
131
160
64
100
133
164
64
99
132
163
64
100
133
164
64
101
133
163
64
100
132
161
64
101
133
163
64
102
135
166
64
100
133
162
64
100
132
161
64
101
133
163
64
101
135
167
64
100
133
165
64
102
136
166
64
101
133
163
64
101
134
163
64
100
133
164
64
102
136
166
64
101
134
165
64
103
135
165
64
103
136
168
64
103
137
169
64
103
136
168
64
103
136
166
64
103
136
167
64
102
135
168
64
102
136
168
64
101
135
165
64
103
138
64
101
136
166
64
102
137
166
64
102
138
167
64
101
137
166
64
100
135
166
64
102
138
169
64
102
136
165
64
100
134
165
64
102
138
169
64
101
137
168
64
102
138
169
64
100
136
166
64
101
137
168
64
101
136
167
64
102
136
167
64
100
136
167
64
101
136
167
64
100
134
164
64
102
137
168
64
101
136
167
64
101
135
167
64
100
136
166
64
101
136
167
64
101
136
167
64
100
134
165
64
102
137
167
64
101
135
165
64
100
135
167
64
102
136
167
64
101
137
167
64
102
138
169
64
101
136
167
64
100
135
166
64
101
135
167
64
102
137
168
64
102
137
167
64
101
137
169
64
102
137
167
64
102
138
169
64
101
135
166
64
100
137
168
64
102
137
169
64
101
135
165
64
101
136
167
64
101
135
165
64
102
138
168
64
102
138
168
64
102
136
168
64
100
135
166
64
100
137
166
64
101
137
167
64
102
138
168
64
102
137
167
64
102
138
64
103
139
64
102
139
64
104
139
64
104
140
64
105
141
64
104
142
64
104
140
64
104
141
64
106
144
64
107
146
64
107
144
64
105
146
64
108
147
64
106
147
64
109
150
64
109
150
64
108
150
64
110
153
64
109
150
64
109
153
64
111
155
64
112
157
64
114
157
64
113
158
64
114
160
64
112
159
64
114
159
64
116
163
64
114
159
64
115
163
64
118
166
64
116
165
64
117
165
64
118
167
64
121
64
119
169
64
121
64
118
64
120
64
120
64
122
64
121
64
123
64
122
64
124
64
122
64
124
64
124
64
124
64
127
64
126
64
126
64
128
64
127
64
127
64
128
64
129
64
129
64
128
64
131
64
132
64
133
64
133
64
134
64
133
64
135
64
135
64
137
64
136
64
138
64
138
64
139
64
140
64
141
64
142
64
141
64
143
64
142
64
144
64
144
64
145
64
143
64
146
64
144
64
147
64
147
64
147
64
148
64
147
64
146
64
147
64
149
64
148
64
148
64
148
64
150
64
150
64
150
64
150
64
149
64
152
64
151
64
152
64
151
64
152
64
151
64
152
64
152
64
152
64
154
64
154
64
154
64
152
64
154
64
153
64
155
64
155
64
153
64
154
64
154
64
153
64
155
64
156
64
156
64
155
64
156
64
154
64
155
64
155
64
155
64
157
64
156
64
157
64
157
64
157
64
156
64
157
64
155
64
156
64
155
64
155
64
157
64
156
64
158
64
157
64
158
64
157
64
158
64
158
64
157
64
156
64
156
64
157
64
156
64
157
64
156
64
156
64
156
64
156
64
157
64
157
64
156
64
156
64
159
64
158
64
158
64
158
64
158
64
158
64
159
64
159
64
157
64
159
64
158
64
157
64
159
64
159
64
157
64
159
64
158
64
159
64
158
64
157
64
157
64
158
64
158
64
159
64
159
64
159
64
159
64
157
64
159
64
158
64
157
64
157
64
157
64
158
64
158
64
158
64
158
64
158
64
159
64
157
64
157
64
158
64
158
64
157
64
157
64
158
64
159
64
159
64
157
64
157
64
157
64
159
64
159
64
157
64
157
64
158
64
157
64
157
64
159
64
159
64
157
64
158
64
157
64
157
64
158
64
159
64
158
64
158
64
159
64
158
64
159
64
158
64
158
64
159
64
157
64
159
64
158
64
159
64
158
64
159
64
160
64
160
64
159
64
159
64
159
64
159
64
158
64
159
64
159
64
159
64
160
64
159
64
159
64
159
64
159
64
159
64
158
64
158
64
160
64
159
64
160
64
160
64
158
64
160
64
159
64
158
64
160
64
159
64
159
64
160
64
158
64
160
64
158
64
159
64
159
64
158
64
160
64
158
64
159
64
158
64
158
64
159
64
159
64
160
64
160
64
158
64
160
64
158
64
159
64
160
64
158
64
160
64
158
64
160
64
160
64
158
64
158
64
158
64
159
64
159
64
160
64
159
64
160
64
160
64
158
64
159
64
158
64
158
64
160
64
159
64
158
64
158
64
160
64
158
64
160
64
158
64
159
64
158
64
159
64
160
64
160
64
159
64
158
64
160
64
160
64
158
64
159
64
160
64
158
64
158
64
158
64
160
64
160
64
160
64
159
64
160
64
159
64
158
64
160
64
159
64
159
64
158
64
160
64
160
64
158
64
160
64
159
64
159
64
158
64
160
64
158
64
159
64
160
64
160
64
159
64
158
64
158
64
160
64
158
64
160
64
159
64
160
64
158
64
160
64
158
64
160
64
160
64
160
64
158
64
159
64
159
64
159
64
160
64
160
64
159
64
160
64
159
64
159
64
159
64
159
64
158
64
160
64
160
64
159
64
160
64
160
64
158
64
160
64
160
64
158
64
159
64
158
64
160
64
160
64
160
64
160
64
158
64
160
64
158
64
160
64
160
64
158
64
158
64
159
64
158
64
159
64
158
64
158
64
160
64
159
64
158
64
159
64
160
64
159
64
160
64
159
64
160
64
159
64
160
64
160
64
159
64
159
64
160
64
158
64
160
64
160
64
159
64
160
64
160
64
158
64
160
64
159
64
158
64
160
64
160
64
158
64
159
64
159
64
158
64
160
64
160
64
159
64
158
64
158
64
159
64
158
64
158
64
158
64
158
64
159
64
159
64
158
64
160
64
160
64
160
64
158
64
160
64
159
64
160
64
160
64
160
64
158
64
158
64
158
64
158
64
160
64
160
64
160
64
160
64
160
64
160
64
158
64
160
64
160
64
159
64
159
64
159
64
158
64
160
64
159
64
159
64
158
64
159
64
158
64
159
64
158
64
158
64
159
64
160
64
158
64
159
64
160
64
160
64
158
64
159
64
159
64
158
64
159
64
159
64
158
64
158
64
159
64
160
64
159
64
159
64
160
64
158
64
160
64
158
64
159
64
158
64
159
64
159
64
159
64
159
64
160
64
158
64
160
64
159
64
158
64
158
64
160
64
160
64
160
64
160
64
160
64
159
64
159
64
158
64
159
64
160
64
160
64
160
64
160
64
160
64
160
64
160
64
158
64
158
64
158
64
158
64
158
64
160
64
158
64
158
64
158
64
160
64
158
64
159
64
159
64
160
64
159
64
159
64
160
64
159
64
160
64
158
64
160
64
158
64
159
64
160
64
159
64
160
64
160
64
158
64
160
64
158
64
158
64
158
64
159
64
158
64
159
64
159
64
158
64
160
64
159
64
158
64
160
64
160
64
158
64
158
64
160
64
160
64
160
64
160
64
160
64
160
64
160
64
160
64
160
64
159
64
160
64
160
64
160
64
160
64
160
64
159
64
160
64
160
64
160
64
160
64
159
64
159
64
158
64
158
64
160
64
160
64
160
64
159
64
160
64
159
64
158
64
159
64
158
64
160
64
158
64
159
64
159
64
158
64
158
64
158
64
159
64
158
64
158
64
159
64
160
64
159
64
159
64
158
64
158
64
160
64
159
64
159
64
160
64
158
64
160
64
