128
129
128
128
129
128
129
129
130
129
129
128
128
129
129
129
130
130
131
132
131
130
130
129
130
129
129
128
127
126
127
126
126
125
126
125
126
127
126
126
125
127
128
129
129
128
128
127
127
127
127
128
128
127
128
128
129
129
128
128
127
126
125
124
125
126
127
126
125
126
128
127
126
125
124
124
126
126
127
127
128
128
129
130
129
130
129
129
128
129
130
130
130
130
130
129
127
127
128
127
126
127
128
127
126
127
128
127
128
128
129
128
129
129
129
130
129
128
129
129
128
128
129
129
130
129
130
129
128
127
128
129
130
131
131
130
129
128
129
130
130
131
132
130
131
132
132
133
133
136
137
138
139
141
143
142
141
141
142
141
141
141
141
142
142
141
140
141
140
142
141
142
141
142
142
143
144
146
147
148
150
151
151
153
152
153
154
153
153
153
154
153
154
154
155
156
156
158
158
159
161
163
164
165
164
166
166
165
166
167
166
165
166
167
168
169
169
169
170
171
173
174
174
173
174
175
173
174
174
176
177
179
179
179
179
181
180
179
179
178
178
177
176
177
177
179
181
182
184
186
186
186
188
186
186
185
185
187
190
190
190
64
77
88
99
109
119
127
133
139
147
153
159
164
168
173
177
178
179
181
183
183
185
185
189
64
77
91
102
112
121
129
136
143
149
155
162
168
173
177
179
182
184
187
188
189
191
64
78
92
103
114
124
134
142
148
154
158
164
171
176
182
185
187
64
79
92
104
116
129
139
147
156
164
169
173
179
182
186
191
64
81
95
107
119
129
140
147
156
164
173
180
187
191
64
81
95
109
120
131
142
151
159
168
174
181
185
190
64
83
100
116
128
140
150
160
166
172
179
187
64
82
97
113
124
137
146
155
162
170
178
185
190
64
82
97
110
124
136
147
158
168
175
182
188
64
81
98
114
129
140
152
161
171
178
185
190
64
83
99
115
127
140
150
159
168
178
185
64
82
100
116
131
143
153
165
176
185
64
84
100
116
131
145
156
168
179
187
64
84
101
118
133
145
157
168
176
186
64
85
104
122
138
151
164
173
183
64
86
104
120
135
149
160
171
181
64
85
104
120
134
147
160
173
184
64
84
101
119
133
147
162
174
185
64
85
104
121
135
151
163
175
185
64
85
104
121
139
154
168
180
189
64
83
102
121
137
151
162
175
185
64
84
106
123
139
154
167
179
189
64
85
106
125
140
153
164
176
187
64
87
106
124
139
152
165
175
188
64
85
106
122
137
151
162
176
186
64
85
103
122
137
150
165
179
189
64
86
107
124
140
155
168
179
188
64
86
104
120
139
155
167
180
190
64
86
104
123
141
155
168
180
191
64
84
105
124
140
154
167
178
189
64
87
108
126
143
156
170
180
189
64
86
107
124
140
153
165
176
188
64
85
104
123
139
152
165
179
191
64
87
108
126
141
155
168
181
64
86
105
124
140
154
169
182
64
85
104
122
139
154
168
181
64
87
107
124
141
155
170
181
191
64
86
105
123
137
152
167
180
191
64
85
105
122
139
153
167
180
190
64
85
106
126
141
157
170
183
64
84
105
123
139
153
167
179
189
64
85
105
123
141
154
167
177
188
64
88
108
128
143
156
168
179
190
64
86
106
123
140
154
165
176
188
64
86
107
126
141
154
166
180
64
85
105
122
138
153
166
178
188
64
85
104
123
140
153
168
182
64
85
104
123
140
153
167
179
190
64
85
105
122
138
154
168
181
64
85
104
120
139
156
171
182
64
85
105
121
139
156
170
182
64
85
105
123
142
158
172
183
64
87
106
124
142
158
171
183
64
85
105
124
140
157
170
182
64
87
106
125
143
158
170
183
64
87
106
125
144
158
170
181
190
64
86
109
128
144
160
171
183
64
86
107
125
143
159
172
184
64
84
105
125
141
157
169
180
191
64
88
108
126
144
157
169
181
191
64
87
106
124
141
156
169
179
64
88
107
126
143
157
168
179
190
64
86
106
123
139
154
168
181
64
87
109
125
140
156
169
182
64
87
109
125
141
154
168
180
64
87
108
126
141
156
169
181
64
86
106
125
140
155
166
179
191
64
87
106
124
140
155
169
180
64
86
107
124
140
155
169
181
191
64
86
107
125
141
156
171
184
64
87
108
125
139
155
168
180
64
85
106
124
141
155
169
181
64
86
105
123
139
155
169
182
64
87
106
122
137
153
168
181
191
64
85
104
121
137
153
166
177
189
64
85
106
125
143
157
170
182
64
85
104
124
140
154
168
178
190
64
84
106
126
142
157
170
183
191
64
88
107
125
140
155
171
184
64
87
108
126
146
161
176
189
64
86
107
126
145
160
175
188
64
87
110
130
148
165
180
64
88
109
129
148
164
180
64
88
111
133
153
168
184
64
89
112
132
152
172
187
64
91
113
135
155
173
188
64
93
117
140
160
177
64
92
118
140
159
180
64
91
116
137
158
176
64
91
117
142
164
182
64
93
120
145
165
185
64
93
121
146
168
188
64
94
122
147
169
64
95
124
148
173
64
94
121
148
173
64
96
126
154
177
64
97
127
154
179
64
98
128
155
181
64
96
126
155
180
64
96
128
155
181
64
99
130
156
180
64
99
129
158
184
64
98
128
158
183
64
98
131
158
185
64
101
133
162
186
64
99
131
161
188
64
98
130
161
186
64
101
133
163
188
64
101
134
164
64
102
135
166
64
102
136
166
64
104
139
173
64
101
138
171
64
104
142
174
64
104
139
174
64
104
142
177
64
106
144
177
64
105
142
176
64
104
145
179
64
107
146
180
64
106
143
181
64
106
146
180
64
109
150
184
64
107
146
182
64
106
149
186
64
109
149
184
64
110
151
189
64
107
148
185
64
109
150
185
64
108
150
189
64
110
153
191
64
110
152
189
64
111
152
190
64
110
153
64
109
152
189
64
111
154
191
64
110
152
64
112
152
190
64
110
153
190
64
111
155
64
112
155
64
113
155
64
111
155
64
111
155
64
113
155
64
112
156
64
113
156
64
111
154
191
64
111
154
64
112
154
64
113
154
64
111
154
64
111
152
191
64
112
156
64
112
156
64
110
153
64
111
155
64
111
154
64
112
157
64
112
155
64
111
157
64
112
157
64
110
155
64
111
157
64
110
155
64
111
157
64
112
156
64
110
156
64
110
156
64
110
154
64
110
156
64
113
156
64
112
157
64
112
155
64
112
156
64
112
156
64
112
156
64
113
156
64
115
160
64
116
163
64
115
163
64
116
164
64
116
164
64
119
169
64
118
169
64
120
171
64
121
174
64
122
175
64
121
173
64
123
175
64
121
176
64
123
176
64
122
176
64
126
181
64
125
182
64
127
180
64
124
179
64
127
183
64
126
184
64
128
184
64
125
184
64
129
186
64
128
185
64
129
188
64
129
187
64
129
188
64
127
187
64
130
189
64
129
187
64
130
189
64
128
189
64
130
188
64
129
190
64
132
64
130
190
64
131
64
129
189
64
131
190
64
129
191
64
131
64
132
64
133
64
132
64
133
64
133
64
131
64
133
64
133
64
133
64
133
64
132
64
133
64
131
64
132
64
133
64
132
64
132
64
134
64
132
64
132
64
132
64
132
64
133
64
133
64
132
64
132
64
134
64
132
64
132
64
134
64
134
64
133
64
133
64
133
64
134
64
133
64
132
64
133
64
133
64
133
64
134
64
135
64
134
64
133
64
133
64
133
64
135
64
133
64
133
64
135
64
133
64
134
64
133
64
135
64
135
64
134
64
134
64
133
64
133
64
135
64
135
64
135
64
133
64
134
64
134
64
133
64
133
64
133
64
133
64
134
64
134
64
135
64
135
64
133
64
134
64
135
64
134
64
135
64
134
64
133
64
133
64
134
64
133
64
133
64
135
64
133
64
134
64
135
64
133
64
133
64
133
64
134
64
133
64
133
64
134
64
133
64
133
64
133
64
133
64
133
64
134
64
135
64
135
64
133
64
133
64
133
64
134
64
134
64
135
64
134
64
133
64
134
64
133
64
135
64
135
64
134
64
135
64
135
64
135
64
135
64
133
64
133
64
133
64
133
64
133
64
134
64
134
64
135
64
134
64
135
64
134
64
134
64
133
64
133
64
135
64
135
64
134
64
133
64
134
64
135
64
134
64
135
64
133
64
134
64
134
64
135
64
135
64
135
64
133
64
135
64
133
64
133
64
134
64
134
64
133
64
135
64
133
64
134
64
134
64
135
64
134
64
134
64
134
64
133
64
134
64
135
64
133
64
134
64
135
64
134
64
134
64
134
64
135
64
135
64
134
64
133
64
133
64
134
64
135
64
134
64
133
64
133
64
134
64
135
64
134
64
135
64
133
64
135
64
133
64
133
64
135
64
133
64
134
64
135
64
135
64
133
64
133
64
133
64
134
64
135
64
135
64
135
64
135
64
134
64
133
64
135
64
133
64
133
64
135
64
133
64
133
64
134
64
134
64
133
64
133
64
133
64
135
64
135
64
133
64
133
64
133
64
135
64
135
64
134
64
134
64
135
64
134
64
135
64
135
64
133
64
135
64
134
64
134
64
134
64
133
64
133
64
134
64
134
64
135
64
134
64
135
64
133
64
133
64
134
64
133
64
133
64
133
64
134
64
135
64
133
64
134
64
134
64
134
64
135
64
133
64
135
64
134
64
134
64
135
64
135
64
135
64
135
64
134
64
135
64
134
64
133
64
135
64
133
64
133
64
134
64
135
64
135
64
133
64
135
64
134
64
135
64
135
64
135
64
134
64
133
64
135
64
134
64
135
64
135
64
135
64
134
64
135
64
135
64
134
64
133
64
135
64
135
64
135
64
133
64
133
64
134
64
135
64
135
64
135
64
135
64
135
64
133
64
134
64
135
64
135
64
133
64
134
64
134
64
135
64
134
64
135
64
133
64
135
64
134
64
135
64
133
64
134
64
134
64
133
64
135
64
135
64
134
64
134
64
134
64
135
64
135
64
135
64
134
64
134
64
134
64
133
64
134
64
134
64
135
64
133
64
135
64
133
64
133
64
135
64
134
64
134
64
134
64
133
64
134
64
133
64
134
64
134
64
134
64
134
64
134
64
134
64
134
64
133
64
134
64
133
64
135
64
133
64
135
64
135
64
133
64
134
64
134
64
135
64
133
64
133
64
133
64
133
64
133
64
133
64
133
64
135
64
135
64
135
64
134
64
133
64
135
64
135
64
133
64
133
64
135
64
134
64
133
64
133
64
135
64
135
64
135
64
133
64
133
64
133
64
135
64
135
64
133
64
133
64
133
64
133
64
134
64
133
64
134
64
135
64
134
64
133
64
134
64
135
64
133
64
135
64
135
64
134
64
135
64
133
64
133
64
133
64
133
64
135
64
135
64
134
64
135
64
133
64
134
64
133
64
135
64
134
64
133
64
133
64
133
64
135
64
135
64
134
64
134
64
134
64
134
64
134
64
135
64
135
64
135
64
133
64
133
64
134
64
133
64
135
64
133
64
133
64
134
64
134
64
133
64
134
64
135
64
134
64
134
64
135
64
134
64
133
64
135
64
135
64
135
64
133
64
135
64
135
64
134
64
133
64
135
64
133
64
135
64
135
64
133
64
135
64
133
64
135
64
134
64
134
64
133
64
134
64
135
64
135
64
133
64
134
64
134
64
133
64
134
64
133
64
134
64
134
64
133
64
133
64
133
64
133
64
133
64
134
64
134
64
134
64
133
64
134
64
133
64
135
64
135
64
135
64
135
64
133
64
135
64
134
64
133
64
134
64
134
64
135
64
133
64
134
64
135
64
134
64
134
64
135
64
133
64
135
64
133
64
135
64
133
64
133
64
134
64
134
64
135
64
133
64
134
64
134
64
133
64
134
64
134
64
134
64
133
64
134
64
135
64
134
64
134
64
135
64
134
64
135
64
133
64
135
64
134
64
135
64
135
64
133
64
133
64
135
64
133
64
133
64
134
64
135
64
133
64
133
64
133
64
134
64
134
64
134
64
133
64
133
64
133
64
133
64
135
64
134
64
134
64
133
64
135
64
134
64
134
64
135
64
134
64
133
64
134
64
133
64
133
64
133
64
134
64
134
64
133
64
134
64
133
64
134
64
133
64
135
64
135
64
133
64
133
64
133
64
133
64
135
64
133
64
135
64
134
64
135
64
135
64
134
64
134
64
133
64
133
64
133
64
135
64
133
64
134
64
135
64
135
64
135
64
133
64
133
64
134
64
134
64
135
64
134
64
135
64
134
64
135
64
133
64
133
64
133
64
134
64
133
64
135
64
133
64
134
64
133
64
135
64
133
64
134
64
135
64
135
64
135
64
135
64
135
64
133
64
133
64
134
64
133
64
135
64
134
64
133
64
133
64
133
64
135
64
135
64
135
64
134
64
133
64
134
64
135
64
133
64
134
64
135
64
133
64
135
64
133
64
135
64
134
64
133
64
133
64
133
64
134
64
133
64
133
64
133
64
133
64
133
64
133
64
133
64
133
64
134
64
134
64
134
64
134
64
134
64
135
64
134
64
133
64
134
64
135
64
135
64
134
64
135
64
133
64
133
64
134
64
133
64
134
64
135
64
133
64
133
64
134
64
133
64
135
64
133
64
135
64
135
64
133
64
133
64
133
64
133
64
133
64
133
64
135
64
135
64
134
64
135
64
135
64
133
64
134
64
135
64
133
64
134
64
134
64
133
64
135
64
135
64
135
64
133
64
133
64
135
64
134
64
133
64
133
64
133
64
134
64
134
64
133
64
134
64
134
64
133
64
133
64
133
64
133
64
133
64
133
64
134
64
133
64
133
64
134
64
135
64
133
64
134
64
133
64
133
64
135
64
133
64
134
64
133
64
135
64
135
64
134
64
135
64
133
64
133
64
133
64
133
64
134
64
135
64
133
64
134
64
135
64
133
64
134
64
133
64
134
64
135
64
135
64
133
64
134
64
133
64
133
64
135
64
135
64
135
64
134
64
134
64
135
64
135
64
133
64
133
64
134
64
135
64
134
64
135
64
134
64
135
64
133
64
134
64
135
64
135
64
135
64
134
64
135
64
134
64
133
64
133
64
134
64
135
64
135
64
133
64
134
64
135
64
135
64
135
64
133
64
133
64
134
64
135
64
133
64
134
64
135
64
135
64
134
64
133
64
134
64
133
64
133
64
133
64
133
64
134
64
134
64
135
64
134
64
134
64
135
64
134
64
135
64
133
64
135
64
135
64
135
64
135
64
134
64
135
64
134
64
134
64
135
64
133
64
135
64
134
64
135
64
133
64
133
64
133
64
135
64
134
64
133
64
134
64
135
64
135
64
135
64
135
64
134
64
135
64
133
64
133
64
133
64
134
64
134
64
133
64
135
64
133
64
135
64
134
64
133
64
135
64
134
64
135
64
133
64
135
64
133
64
133
64
134
64
134
64
135
64
134
64
134
64
134
64
135
64
135
64
135
64
133
64
134
64
134
64
134
64
135
64
135
64
135
64
134
64
134
64
135
64
133
64
135
64
134
64
133
64
134
64
135
64
133
64
133
64
133
64
134
64
135
64
135
64
135
64
135
64
135
64
134
64
133
64
135
64
135
64
135
64
133
64
135
64
135
64
135
64
134
64
133
64
135
64
135
64
133
64
133
64
133
64
133
64
133
64
133
64
134
64
134
64
133
64
133
64
133
64
135
64
135
64
133
64
133
64
135
64
133
64
135
64
134
64
134
64
134
64
135
64
133
64
134
64
135
64
134
64
133
64
135
64
135
64
133
64
135
64
133
64
133
64
135
64
133
64
133
64
133
64
135
64
135
64
135
64
135
64
133
64
133
64
134
64
135
64
135
64
135
64
133
64
134
64
135
64
135
64
133
64
133
64
134
64
133
64
134
64
135
64
133
64
134
64
135
64
135
64
134
64
133
64
133
64
133
64
133
64
133
64
135
64
133
64
134
64
134
64
134
64
134
64
133
64
134
64
135
64
134
64
134
64
133
64
135
64
134
64
135
64
133
64
135
64
134
64
134
64
134
64
134
64
133
64
135
64
133
64
135
64
134
64
134
64
135
64
133
64
135
64
134
64
134
64
134
64
135
64
134
64
133
64
134
64
133
64
134
64
133
64
135
64
134
64
133
64
135
64
135
64
134
64
135
64
135
64
133
64
134
64
135
64
133
64
134
64
133
64
133
64
134
64
135
64
135
64
133
64
134
64
134
64
134
64
133
64
134
64
133
64
133
64
134
64
135
64
133
64
134
64
135
64
134
64
134
64
133
64
134
64
135
64
135
64
135
64
134
64
134
64
135
64
134
64
134
64
135
64
135
64
135
64
134
64
134
64
133
64
134
64
134
64
135
64
134
64
133
64
133
64
133
64
133
64
133
64
133
64
135
64
134
64
133
64
135
64
135
64
134
64
133
64
133
64
134
64
134
64
135
64
134
64
135
64
135
64
134
64
133
64
135
64
135
64
134
64
134
64
135
64
134
64
135
64
134
64
133
64
133
64
133
64
134
64
133
64
135
64
134
64
135
64
135
64
135
64
135
64
133
64
134
64
135
64
135
64
135
64
135
64
133
64
133
64
133
64
135
64
133
64
133
64
135
64
133
64
135
64
134
64
135
64
133
64
133
64
133
64
134
64
133
64
134
64
135
64
134
64
133
64
134
64
135
64
133
64
134
64
134
64
135
64
133
64
134
64
135
64
134
64
134
64
134
64
134
64
134
64
133
64
133
64
134
64
134
64
133
64
135
64
133
64
134
64
135
64
134
64
135
64
134
64
134
64
135
64
134
64
134
64
135
64
134
64
134
64
135
64
134
64
135
64
133
64
134
64
135
64
135
64
135
64
133
64
133
64
135
64
134
64
134
64
135
64
134
64
133
64
133
64
135
64
134
64
133
64
134
64
134
64
133
64
135
64
134
64
135
64
133
64
133
64
133
64
135
64
134
64
133
64
135
64
135
64
135
64
133
64
134
64
134
64
134
64
133
64
134
64
133
64
135
64
134
64
134
64
133
64
133
64
134
64
135
64
134
64
135
64
134
64
134
64
135
64
135
64
135
64
133
64
133
64
133
64
134
64
134
64
134
64
135
64
134
64
134
64
134
64
133
64
135
64
135
64
135
64
135
64
134
64
135
64
133
64
135
64
135
64
133
64
134
64
134
64
135
64
135
64
133
64
135
64
135
64
134
64
133
64
133
64
133
64
135
64
134
64
134
64
133
64
134
64
133
64
133
64
135
64
135
64
133
64
135
64
135
64
134
64
133
64
135
64
135
64
134
64
134
64
134
64
133
64
133
64
133
64
134
64
135
64
135
64
135
64
134
64
135
64
135
64
135
64
135
64
133
64
134
64
135
64
133
64
133
64
134
64
133
64
133
64
134
64
135
64
133
64
135
64
134
64
135
64
133
64
134
64
135
64
135
64
135
64
134
64
134
64
134
64
134
64
133
64
133
64
134
64
134
64
133
64
134
64
133
64
134
64
134
64
135
64
135
64
133
64
135
64
