128
129
127
127
128
128
129
128
129
129
128
128
127
128
128
129
128
127
127
127
127
128
129
130
130
129
129
130
130
130
129
129
129
129
128
127
128
128
126
127
126
126
127
128
128
130
130
130
131
131
131
131
130
131
130
131
131
133
134
136
136
136
139
139
141
142
141
140
141
142
141
140
142
144
144
145
145
145
146
147
147
147
147
149
149
151
153
154
156
156
156
157
156
157
158
160
161
163
163
163
162
163
165
165
167
167
167
168
169
64
75
86
95
102
109
118
125
132
136
140
145
150
153
158
161
164
165
64
77
90
101
109
116
123
132
140
145
151
156
162
166
169
64
80
94
105
115
124
133
140
149
155
160
166
64
78
90
104
115
124
134
145
153
160
166
64
79
93
106
120
131
142
151
161
169
64
81
99
112
124
135
147
157
166
64
81
98
113
129
141
151
163
64
82
101
117
131
145
157
167
64
84
103
121
136
150
163
64
86
107
124
141
157
64
85
108
126
142
159
64
86
108
128
146
164
64
88
110
130
147
164
64
89
112
133
151
169
64
88
112
133
149
165
64
86
108
128
145
161
64
86
107
126
144
161
64
88
110
131
148
162
64
88
110
129
146
161
64
87
109
128
147
162
64
89
109
130
147
164
64
87
111
132
151
169
64
88
111
133
153
64
88
110
131
149
166
64
88
113
134
155
64
92
116
139
157
64
92
117
140
160
64
91
118
142
163
64
93
119
143
166
64
94
121
147
167
64
93
122
147
169
64
95
124
150
64
95
122
149
64
96
125
151
64
96
125
153
64
97
127
154
64
96
125
153
64
96
127
154
64
97
126
153
64
97
127
154
64
99
129
159
64
98
129
159
64
100
129
157
64
98
129
159
64
99
131
161
64
100
131
161
64
99
132
162
64
101
131
160
64
100
132
162
64
99
132
161
64
99
132
162
64
100
133
163
64
99
131
162
64
100
133
164
64
100
131
163
64
102
134
163
64
102
134
166
64
102
135
165
64
102
134
163
64
101
135
167
64
101
133
164
64
102
134
166
64
102
134
166
64
101
134
165
64
101
136
166
64
102
135
167
64
101
135
167
64
101
133
165
64
103
136
166
64
103
135
166
64
102
135
166
64
103
135
167
64
103
137
169
64
101
136
167
64
102
135
168
64
102
135
166
64
101
135
165
64
102
135
165
64
101
134
165
64
102
135
167
64
103
138
64
102
137
166
64
101
136
166
64
100
134
165
64
102
136
167
64
102
136
165
64
102
137
166
64
101
136
168
64
101
137
168
64
100
134
165
64
101
136
166
64
102
138
169
64
100
134
164
64
100
135
166
64
101
136
168
64
100
134
166
64
102
136
168
64
101
137
167
64
100
136
168
64
102
138
168
64
100
135
166
64
102
138
168
64
100
134
166
64
102
136
167
64
100
135
166
64
100
134
164
64
102
136
166
64
100
136
167
64
101
137
169
64
100
137
166
64
102
138
64
102
136
168
64
103
138
64
102
138
169
64
102
137
167
64
101
137
168
64
100
136
167
64
102
138
64
103
136
169
64
102
137
64
100
136
165
64
103
140
64
105
140
64
104
139
64
105
139
64
102
137
168
64
105
143
64
104
142
64
104
141
64
106
143
64
104
144
64
106
143
64
106
143
64
105
144
64
108
147
64
109
146
64
105
146
64
108
148
64
107
148
64
109
149
64
108
148
64
111
152
64
111
154
64
111
153
64
110
154
64
113
155
64
112
157
64
115
160
64
114
160
64
113
157
64
116
162
64
114
160
64
115
164
64
117
166
64
117
165
64
119
167
64
118
169
64
121
64
119
167
64
119
169
64
122
64
122
64
123
64
122
64
122
64
123
64
122
64
124
64
125
64
125
64
127
64
124
64
126
64
128
64
126
64
128
64
129
64
127
64
129
64
130
64
128
64
130
64
131
64
132
64
132
64
132
64
135
64
135
64
137
64
137
64
136
64
139
64
138
64
140
64
141
64
141
64
140
64
141
64
141
64
144
64
143
64
143
64
145
64
144
64
147
64
147
64
146
64
146
64
147
64
147
64
147
64
147
64
150
64
149
64
150
64
149
64
150
64
151
64
150
64
150
64
152
64
152
64
151
64
153
64
152
64
154
64
154
64
154
64
154
64
154
64
153
64
153
64
155
64
155
64
154
64
154
64
155
64
155
64
156
64
154
64
156
64
157
64
157
64
157
64
156
64
155
64
156
64
158
64
157
64
156
64
157
64
156
64
158
64
157
64
156
64
157
64
158
64
157
64
157
64
157
64
157
64
159
64
158
64
158
64
157
64
157
64
158
64
159
64
157
64
158
64
158
64
160
64
160
64
160
64
160
64
160
64
159
64
160
64
158
64
159
64
159
64
158
64
158
64
160
64
158
64
159
64
159
64
158
64
160
64
160
64
158
64
158
64
158
64
160
64
160
64
159
64
160
64
160
64
160
64
160
64
161
64
161
64
161
64
161
64
161
64
159
64
161
64
159
64
159
64
160
64
161
64
160
64
161
64
159
64
161
64
161
64
161
64
160
64
161
64
160
64
161
64
160
64
161
64
160
64
161
64
160
64
160
64
160
64
161
64
160
64
161
64
160
64
161
64
161
64
160
64
159
64
160
64
160
64
161
64
161
64
160
64
160
64
159
64
160
64
161
64
159
64
161
64
160
64
161
64
159
64
159
64
159
64
161
64
161
64
159
64
159
64
159
64
159
64
160
64
160
64
159
64
159
64
160
64
160
64
161
64
161
64
160
64
161
64
160
64
160
64
161
64
160
64
161
64
161
64
161
64
159
64
159
64
159
64
159
64
160
64
161
64
161
64
160
64
160
64
160
64
160
64
160
64
161
64
160
64
161
64
161
64
160
64
160
64
160
64
159
64
160
64
159
64
159
64
160
64
161
64
160
64
159
64
161
64
160
64
161
64
160
64
161
64
160
64
161
64
161
64
161
64
159
64
159
64
160
64
159
64
161
64
160
64
159
64
160
64
160
64
161
64
159
64
161
64
160
64
161
64
161
64
159
64
159
64
161
64
159
64
159
64
161
64
160
64
160
64
160
64
160
64
160
64
159
64
160
64
160
64
161
64
161
64
159
64
160
64
159
64
160
64
160
64
160
64
161
64
160
64
160
64
160
64
160
64
159
64
159
64
159
64
160
64
160
64
159
64
160
64
161
64
161
64
160
64
160
64
159
64
160
64
160
64
159
64
159
64
160
64
159
64
159
64
160
64
159
64
161
64
160
64
159
64
160
64
161
64
160
64
160
64
160
64
159
64
161
64
161
64
161
64
161
64
160
64
160
64
161
64
160
64
159
64
160
64
160
64
161
64
160
64
160
64
159
64
161
64
160
64
159
64
160
64
161
64
159
64
159
64
161
64
161
64
159
64
159
64
159
64
159
64
161
64
159
64
159
64
161
64
159
64
160
64
160
64
161
64
161
64
160
64
160
64
159
64
160
64
159
64
159
64
160
64
161
64
161
64
161
64
161
64
159
64
160
64
160
64
159
64
160
64
159
64
161
64
160
64
159
64
161
64
159
64
161
64
159
64
159
64
159
64
160
64
159
64
160
64
160
64
161
64
160
64
161
64
159
64
159
64
160
64
159
64
159
64
159
64
159
64
160
64
161
64
161
64
159
64
161
64
161
64
160
64
161
64
159
64
160
64
160
64
161
64
159
64
159
64
161
64
161
64
159
64
159
64
160
64
161
64
159
64
161
64
159
64
161
64
161
64
159
64
161
64
160
64
159
64
160
64
159
64
159
64
160
64
159
64
161
64
160
64
159
64
160
64
161
64
159
64
159
64
159
64
161
64
161
64
161
64
161
64
159
64
161
64
160
64
160
64
159
64
161
64
161
64
159
64
161
64
159
64
159
64
161
64
160
64
160
64
160
64
161
64
161
64
159
64
159
64
160
64
160
64
159
64
160
64
159
64
161
64
159
64
161
64
159
64
159
64
159
64
159
64
160
64
159
64
161
64
160
64
160
64
161
64
159
64
159
64
159
64
160
64
160
64
160
64
160
64
161
64
161
64
159
64
159
64
161
64
161
64
159
64
161
64
160
64
160
64
160
64
159
64
161
64
159
64
161
64
159
64
161
64
161
64
161
64
159
64
159
64
159
64
160
64
161
64
159
64
161
64
159
64
160
64
161
64
160
64
160
64
160
64
161
64
159
64
160
64
160
64
159
64
161
64
161
64
160
64
159
64
160
64
159
64
160
64
161
64
161
64
161
64
161
64
161
64
160
64
159
64
161
64
159
64
160
64
159
64
159
64
159
64
159
64
160
64
159
64
159
64
161
64
161
64
159
64
159
64
159
64
160
64
159
64
160
64
159
64
159
64
161
64
161
64
159
64
161
64
159
64
161
64
159
64
159
64
159
64
159
64
159
64
160
64
161
64
161
64
159
64
160
64
161
64
160
64
160
64
161
64
160
64
161
64
159
64
159
64
160
64
160
64
160
64
160
64
160
64
160
64
159
64
161
64
159
64
159
64
160
64
160
64
160
64
161
64
161
64
161
64
159
64
159
64
