129
127
126
128
127
126
126
126
125
125
126
125
126
126
125
127
126
125
124
124
124
123
125
124
123
124
125
125
125
127
128
129
128
127
126
125
124
125
125
124
123
125
124
124
125
125
124
126
126
126
126
127
127
127
126
125
125
124
123
124
123
125
124
123
124
123
122
122
124
123
124
126
127
127
128
129
130
129
128
128
129
129
128
128
128
127
127
127
128
129
128
128
127
128
129
130
128
127
128
128
127
127
127
128
128
128
129
129
128
128
131
132
134
136
137
138
138
139
138
138
139
141
140
139
139
140
139
140
141
143
145
146
148
148
149
151
150
151
152
153
152
152
153
154
157
157
159
160
161
162
162
161
162
162
161
163
165
165
167
169
64
76
86
96
102
111
120
128
135
141
146
150
154
158
160
161
164
167
64
78
89
99
108
118
124
131
138
145
150
155
161
164
167
64
78
92
104
115
124
132
139
149
155
163
169
64
80
93
107
118
130
141
150
156
165
64
82
96
109
120
133
144
155
165
64
81
97
113
128
141
152
162
64
82
101
116
130
143
157
167
64
82
100
116
130
143
156
168
64
82
101
119
136
149
162
64
86
105
121
135
148
159
64
85
104
121
137
151
166
64
87
107
125
139
155
169
64
86
104
121
140
156
169
64
85
106
124
142
157
64
87
110
130
147
163
64
87
108
127
145
160
64
88
111
132
149
164
64
88
110
131
148
165
64
87
110
129
148
164
64
87
110
130
149
167
64
89
114
136
154
64
89
114
134
154
64
90
113
134
152
64
92
115
137
157
64
91
117
139
159
64
92
119
141
163
64
93
118
142
163
64
94
120
144
166
64
94
119
145
169
64
94
123
147
168
64
96
125
150
64
95
122
148
169
64
94
123
147
64
96
125
150
64
95
124
148
64
97
125
149
64
96
125
149
64
97
125
151
64
96
125
152
64
96
127
153
64
98
126
153
64
97
127
153
64
98
127
153
64
98
129
156
64
98
128
153
64
97
128
155
64
96
126
152
64
97
126
152
64
97
128
154
64
99
130
155
64
98
128
155
64
98
128
155
64
98
128
154
64
97
127
156
64
97
129
155
64
98
130
156
64
99
129
157
64
97
129
156
64
97
128
154
64
97
127
156
64
98
129
157
64
98
128
155
64
97
129
157
64
98
129
156
64
99
129
158
64
98
128
156
64
99
130
157
64
99
130
157
64
100
129
158
64
100
131
162
64
98
129
157
64
99
131
161
64
100
131
162
64
100
130
161
64
99
130
161
64
97
130
160
64
98
130
160
64
97
130
158
64
97
129
159
64
97
128
156
64
99
129
160
64
99
130
160
64
99
130
160
64
98
131
159
64
99
131
162
64
98
131
160
64
97
128
156
64
99
131
161
64
99
130
160
64
97
128
158
64
98
129
159
64
97
129
159
64
97
128
157
64
98
129
157
64
97
128
158
64
98
129
158
64
97
128
158
64
97
130
158
64
99
132
162
64
97
131
159
64
100
133
163
64
101
133
160
64
99
131
160
64
101
132
160
64
100
132
161
64
99
132
161
64
101
134
163
64
101
133
164
64
99
132
162
64
100
133
163
64
101
134
166
64
102
134
165
64
100
136
166
64
102
136
166
64
101
137
169
64
102
137
64
101
138
169
64
104
141
64
103
140
64
105
142
64
106
141
64
106
143
64
106
144
64
104
141
64
105
142
64
104
141
64
107
145
64
107
143
64
105
144
64
107
144
64
105
142
64
107
146
64
105
144
64
107
145
64
106
145
64
107
144
64
108
147
64
106
146
64
108
148
64
106
145
64
108
146
64
106
146
64
108
148
64
108
147
64
106
148
64
108
149
64
109
152
64
111
153
64
111
154
64
111
155
64
113
157
64
113
157
64
113
160
64
115
161
64
115
162
64
115
161
64
116
163
64
118
167
64
117
166
64
118
166
64
117
166
64
118
168
64
120
169
64
119
168
64
119
64
120
64
120
64
119
64
120
64
120
64
122
64
121
64
121
64
121
64
121
64
122
64
121
64
121
64
121
64
123
64
121
64
123
64
123
64
123
64
124
64
122
64
122
64
122
64
123
64
123
64
125
64
124
64
123
64
125
64
125
64
123
64
124
64
124
64
125
64
124
64
125
64
124
64
125
64
125
64
125
64
125
64
124
64
125
64
124
64
124
64
124
64
126
64
125
64
124
64
124
64
126
64
126
64
125
64
125
64
125
64
127
64
126
64
126
64
125
64
125
64
125
64
125
64
126
64
126
64
127
64
126
64
125
64
125
64
125
64
127
64
125
64
127
64
125
64
125
64
127
64
125
64
125
64
125
64
127
64
126
64
126
64
127
64
126
64
126
64
128
64
126
64
128
64
127
64
128
64
126
64
126
64
127
64
128
64
127
64
126
64
126
64
128
64
128
64
127
64
126
64
127
64
127
64
126
64
126
64
128
64
126
64
127
64
128
64
127
64
126
64
127
64
128
64
128
64
128
64
127
64
126
64
128
64
128
64
128
64
128
64
127
64
128
64
126
64
126
64
126
64
128
64
126
64
126
64
126
64
126
64
127
64
127
64
127
64
126
64
126
64
127
64
126
64
127
64
126
64
126
64
127
64
128
64
127
64
126
64
127
64
127
64
128
64
126
64
128
64
127
64
127
64
126
64
128
64
126
64
128
64
126
64
128
64
127
64
127
64
128
64
127
64
128
64
127
64
127
64
128
64
128
64
128
64
126
64
126
64
127
64
126
64
126
64
128
64
126
64
127
64
126
64
128
64
128
64
126
64
127
64
128
64
128
64
127
64
127
64
128
64
128
64
128
64
126
64
126
64
128
64
127
64
126
64
128
64
128
64
128
64
126
64
126
64
126
64
127
64
128
64
127
64
128
64
126
64
128
64
127
64
128
64
127
64
126
64
127
64
128
64
128
64
128
64
126
64
127
64
128
64
128
64
128
64
126
64
126
64
126
64
128
64
126
64
127
64
128
64
127
64
128
64
128
64
126
64
128
64
127
64
127
64
128
64
128
64
126
64
126
64
128
64
127
64
127
64
126
64
127
64
128
64
127
64
127
64
126
64
128
64
127
64
128
64
128
64
127
64
127
64
126
64
126
64
127
64
128
64
127
64
127
64
128
64
128
64
128
64
128
64
127
64
128
64
127
64
128
64
126
64
126
64
126
64
126
64
126
64
128
64
126
64
126
64
126
64
127
64
127
64
128
64
126
64
127
64
127
64
127
64
126
64
126
64
127
64
128
64
127
64
127
64
126
64
128
64
126
64
127
64
126
64
127
64
126
64
128
64
127
64
126
64
126
64
128
64
127
64
128
64
126
64
128
64
126
64
126
64
127
64
126
64
128
64
126
64
127
64
127
64
127
64
126
64
127
64
128
64
128
64
128
64
126
64
128
64
128
64
128
64
128
64
126
64
128
64
126
64
126
64
126
64
127
64
127
64
127
64
128
64
128
64
128
64
126
64
127
64
128
64
127
64
126
64
128
64
126
64
126
64
127
64
126
64
128
64
128
64
126
64
127
64
126
64
127
64
128
64
126
64
126
64
128
64
127
64
126
64
127
64
127
64
128
64
128
64
126
64
126
64
126
64
126
64
126
64
127
64
127
64
127
64
126
64
128
64
127
64
126
64
128
64
128
64
128
64
128
64
126
64
128
64
128
64
126
64
128
64
126
64
126
64
127
64
128
64
127
64
126
64
128
64
127
64
126
64
128
64
126
64
127
64
127
64
126
64
126
64
126
64
128
64
128
64
127
64
127
64
127
64
127
64
127
64
126
64
128
64
127
64
128
64
128
64
126
64
126
64
126
64
126
64
128
64
126
64
126
64
126
64
126
64
128
64
128
64
126
64
128
64
128
64
127
64
127
64
127
64
126
64
126
64
127
64
128
64
127
64
128
64
127
64
128
64
128
64
126
64
128
64
126
64
127
64
126
64
127
64
127
64
128
64
128
64
126
64
128
64
126
64
128
64
127
64
127
64
128
64
128
64
127
64
128
64
128
64
126
64
126
64
128
64
128
64
128
64
126
64
127
64
127
64
127
64
127
64
126
64
128
64
127
64
127
64
127
64
127
64
126
64
128
64
126
64
126
64
126
64
126
64
127
64
126
64
128
64
128
64
127
64
127
64
127
64
126
64
128
64
126
64
128
64
127
64
127
64
128
64
126
64
126
64
128
64
128
64
128
64
126
64
127
64
127
64
126
64
126
64
128
64
126
64
128
64
126
64
127
64
127
64
128
64
128
64
126
64
128
64
126
64
127
64
128
64
128
64
127
64
128
64
128
64
126
64
127
64
127
64
127
64
127
64
127
64
127
64
128
64
127
64
127
64
127
64
128
64
126
64
126
64
126
64
126
64
126
64
127
64
127
64
127
64
126
64
126
64
127
64
128
64
128
64
126
64
127
64
128
64
126
64
128
64
127
64
128
64
126
64
128
64
128
64
127
64
128
64
126
64
127
64
127
64
128
64
126
64
127
64
128
64
126
64
127
64
128
64
128
64
126
64
128
64
127
64
126
64
127
64
128
64
128
64
127
