128
127
127
128
128
129
130
129
129
130
131
130
130
131
132
132
133
133
133
132
131
130
130
129
130
130
131
130
130
130
129
130
129
128
128
127
126
126
126
125
125
125
126
126
126
127
128
127
128
129
128
127
128
129
130
129
129
130
130
130
130
130
131
131
130
131
130
129
128
127
127
127
126
126
128
128
127
126
126
126
126
126
127
128
128
128
128
127
126
127
127
127
126
125
126
127
128
128
127
126
125
124
124
124
124
125
124
123
124
123
125
126
127
127
126
126
127
128
129
128
127
128
129
129
130
131
129
129
128
129
130
129
128
129
129
130
131
130
131
130
129
128
128
129
129
130
130
129
128
128
127
128
128
129
130
131
131
130
131
130
129
129
129
130
129
129
130
131
131
132
133
133
132
131
132
131
131
130
128
128
129
128
128
129
129
128
129
128
128
127
128
127
127
127
126
126
126
125
126
126
126
126
125
125
125
125
125
126
128
128
128
129
127
127
127
126
128
127
126
126
125
125
127
130
133
133
135
135
136
137
137
137
136
137
139
139
140
141
142
141
142
142
143
144
144
143
143
141
140
139
138
140
142
142
145
145
148
150
149
149
149
150
150
150
151
151
151
150
151
152
152
153
156
158
160
160
162
162
163
163
164
165
166
166
166
167
167
166
165
165
165
166
167
169
170
172
172
173
174
175
174
172
172
171
170
170
169
172
173
176
177
178
179
180
180
181
180
179
180
179
180
179
178
179
179
179
182
182
182
182
183
183
183
184
185
183
182
183
184
186
186
188
189
190
191
191
64
76
88
99
108
117
127
136
143
149
154
157
163
166
169
172
173
174
176
178
180
184
186
188
189
190
64
78
90
102
112
121
131
140
148
154
158
165
169
174
176
179
181
182
186
191
64
78
92
104
115
123
131
139
147
153
161
166
173
177
182
184
187
188
191
64
77
91
106
118
128
138
146
153
159
164
170
174
181
187
64
80
95
107
119
131
140
148
157
166
173
178
184
189
64
80
93
105
118
129
139
148
157
163
169
175
181
188
64
82
98
111
123
135
146
155
164
174
181
187
64
80
95
111
124
136
149
158
167
174
180
186
191
64
84
100
114
129
141
152
161
171
177
184
64
83
99
114
128
139
150
160
171
180
189
64
84
100
116
128
140
151
162
171
180
188
64
82
98
114
129
141
153
163
174
183
191
64
82
102
119
134
148
159
168
177
183
190
64
85
102
118
131
143
155
166
174
185
64
83
100
117
132
145
155
166
176
186
64
85
102
119
134
145
157
168
179
188
64
83
100
117
131
142
152
162
173
182
191
64
83
101
118
132
144
156
167
177
187
64
84
101
117
132
147
159
170
181
188
64
84
101
118
134
148
159
170
180
187
64
83
99
118
132
147
158
170
180
188
64
84
102
119
135
147
159
169
178
185
64
85
103
119
135
147
158
169
178
186
64
84
103
119
134
148
158
168
176
184
64
85
105
121
135
146
157
167
175
182
190
64
85
102
118
134
146
158
167
177
188
64
85
103
118
132
145
156
167
175
183
64
85
104
119
134
145
156
167
177
187
64
85
103
118
131
144
154
165
175
185
64
84
101
118
131
145
155
167
177
186
64
84
103
118
132
145
159
169
179
187
64
82
99
114
129
143
155
166
175
183
190
64
82
100
115
131
143
155
166
175
183
64
82
98
115
129
143
155
167
175
185
191
64
84
101
118
133
147
160
171
181
188
64
84
102
119
134
148
161
172
180
189
64
84
102
117
133
146
158
168
178
185
64
83
102
117
132
144
157
166
175
182
191
64
83
102
117
133
146
157
166
174
183
191
64
83
102
116
131
144
155
168
178
186
64
83
100
115
129
142
152
163
173
183
190
64
84
103
119
133
145
158
168
177
187
64
83
101
116
129
142
154
164
175
185
64
82
98
114
128
142
155
167
178
185
64
82
100
116
131
145
156
166
176
185
64
82
100
114
129
144
156
166
176
185
191
64
82
98
115
131
145
157
169
178
185
191
64
84
103
120
134
148
160
170
178
184
191
64
84
103
120
133
146
156
166
174
182
190
64
83
101
117
132
144
156
166
174
185
64
84
101
118
133
145
155
166
173
184
191
64
82
101
118
130
143
154
165
175
183
190
64
82
98
114
129
142
154
165
174
182
190
64
84
100
114
130
143
157
167
177
184
64
84
101
116
132
147
157
167
175
185
191
64
83
100
117
133
145
157
168
177
184
64
81
98
115
129
143
154
163
174
183
189
64
81
97
113
129
141
153
162
172
181
187
64
83
99
115
129
144
154
165
173
181
187
64
83
100
113
127
140
153
164
174
183
189
64
83
98
112
126
140
153
163
173
181
189
64
82
98
111
127
140
152
161
169
177
185
191
64
84
103
119
133
144
154
162
170
178
188
64
83
101
115
130
143
155
165
174
183
190
64
82
100
116
133
145
157
169
179
186
64
86
104
122
137
151
162
174
184
64
84
104
119
137
151
165
177
188
64
84
105
125
140
155
168
178
190
64
86
106
124
140
153
166
180
191
64
85
106
125
143
159
174
184
64
89
111
130
146
160
173
186
64
87
109
128
145
161
177
190
64
88
109
131
150
167
182
64
86
110
132
151
166
179
64
89
113
132
151
168
182
64
88
113
132
150
166
183
64
89
111
133
150
169
184
64
89
113
133
152
170
184
64
89
113
134
153
171
186
64
88
112
133
152
170
187
64
92
115
136
155
172
188
64
92
115
138
155
173
189
64
89
114
135
155
172
188
64
90
114
135
155
174
189
64
89
112
134
155
172
188
64
90
114
137
156
174
189
64
92
118
139
159
177
64
88
113
134
154
173
190
64
92
117
140
161
179
64
92
120
142
162
181
64
93
118
144
166
185
64
96
123
147
168
188
64
95
123
150
173
64
95
124
150
174
64
96
125
150
173
64
97
127
154
175
64
97
126
152
174
64
96
126
153
177
64
96
125
151
175
64
95
126
151
173
64
95
124
151
175
64
95
124
151
174
64
97
128
152
176
64
96
125
150
174
64
96
125
152
175
64
95
125
150
172
191
64
97
125
149
171
64
95
124
151
173
64
97
125
150
173
64
96
124
149
173
64
95
123
150
172
64
96
124
150
172
64
96
124
148
170
191
64
95
122
146
170
64
97
124
149
174
64
95
123
149
174
64
95
124
148
173
64
96
123
147
172
64
97
125
149
172
64
96
124
149
172
64
96
124
150
173
64
95
123
147
171
191
64
95
124
150
174
64
95
124
151
175
64
94
122
150
174
64
96
125
153
177
64
96
125
153
175
64
96
124
151
175
64
96
123
150
175
64
95
123
149
174
64
94
121
149
172
64
95
124
152
174
64
95
124
151
175
64
94
122
149
173
64
96
123
150
173
64
94
122
149
173
64
95
123
150
173
64
96
124
152
174
64
95
122
148
172
64
95
123
150
175
64
94
123
151
176
64
96
124
150
174
64
94
121
147
171
64
94
121
149
173
64
94
121
147
170
64
95
122
149
174
64
96
124
150
173
64
96
125
153
176
64
98
127
154
178
64
96
126
152
179
64
98
127
156
180
64
98
128
155
179
64
100
130
156
182
64
97
129
157
184
64
98
129
158
183
64
98
131
161
185
64
101
134
161
185
64
99
131
159
187
64
98
130
161
188
64
99
132
161
187
64
101
133
165
64
101
136
168
64
104
139
169
64
104
139
173
64
103
140
172
64
105
141
173
64
105
141
176
64
104
143
178
64
105
142
176
64
106
143
178
64
104
144
178
64
107
146
179
64
107
145
182
64
108
149
183
64
108
147
182
64
107
147
185
64
106
148
185
64
108
148
183
64
110
150
188
64
109
150
187
64
110
150
186
64
110
150
189
64
109
152
188
64
111
154
191
64
111
151
188
64
109
151
190
64
110
155
64
113
158
64
113
160
64
116
162
64
116
164
64
116
163
64
117
165
64
119
169
64
117
167
64
119
168
64
119
170
64
121
172
64
120
171
64
121
173
64
123
177
64
123
175
64
124
179
64
123
178
64
124
179
64
125
180
64
124
179
64
125
182
64
125
181
64
126
181
64
126
184
64
128
184
64
128
187
64
128
184
64
127
186
64
128
185
64
128
187
64
129
186
64
128
189
64
130
187
64
129
189
64
130
189
64
129
189
64
129
189
64
131
64
130
190
64
132
64
132
64
130
189
64
131
64
130
64
131
64
132
64
130
64
131
64
132
64
131
64
130
64
132
64
130
64
132
64
132
64
132
64
130
64
130
64
132
64
132
64
132
64
133
64
131
64
131
64
132
64
133
64
133
64
131
64
133
64
133
64
133
64
131
64
131
64
132
64
133
64
132
64
132
64
132
64
133
64
132
64
131
64
131
64
134
64
132
64
134
64
134
64
133
64
134
64
133
64
133
64
134
64
132
64
134
64
133
64
134
64
134
64
132
64
133
64
134
64
133
64
133
64
132
64
132
64
133
64
133
64
133
64
132
64
134
64
134
64
134
64
133
64
132
64
134
64
134
64
132
64
133
64
132
64
132
64
134
64
132
64
132
64
132
64
133
64
133
64
132
64
132
64
134
64
134
64
134
64
133
64
134
64
132
64
134
64
132
64
132
64
133
64
134
64
133
64
134
64
134
64
132
64
133
64
133
64
132
64
133
64
133
64
133
64
132
64
133
64
132
64
132
64
133
64
133
64
133
64
132
64
133
64
132
64
133
64
134
64
133
64
132
64
134
64
134
64
132
64
132
64
133
64
133
64
134
64
133
64
132
64
132
64
132
64
133
64
132
64
132
64
134
64
132
64
132
64
132
64
133
64
134
64
133
64
132
64
132
64
134
64
133
64
132
64
133
64
132
64
133
64
133
64
134
64
134
64
133
64
133
64
133
64
132
64
134
64
133
64
134
64
134
64
133
64
134
64
132
64
132
64
132
64
134
64
132
64
134
64
133
64
133
64
134
64
133
64
134
64
133
64
133
64
133
64
134
64
134
64
133
64
134
64
134
64
134
64
132
64
133
64
133
64
134
64
132
64
134
64
133
64
132
64
133
64
134
64
134
64
132
64
132
64
133
64
134
64
132
64
134
64
134
64
133
64
134
64
134
64
132
64
132
64
133
64
132
64
133
64
133
64
133
64
133
64
134
64
133
64
133
64
134
64
132
64
132
64
133
64
133
64
133
64
134
64
132
64
134
64
132
64
134
64
133
64
133
64
133
64
134
64
133
64
133
64
132
64
134
64
132
64
134
64
133
64
133
64
132
64
133
64
133
64
132
64
132
64
134
64
134
64
133
64
132
64
133
64
134
64
132
64
132
64
132
64
132
64
132
64
133
64
132
64
133
64
132
64
133
64
132
64
133
64
132
64
133
64
133
64
132
64
134
64
134
64
134
64
133
64
134
64
133
64
133
64
132
64
132
64
134
64
134
64
132
64
134
64
133
64
132
64
133
64
132
64
132
64
133
64
132
64
134
64
134
64
132
64
132
64
133
64
133
64
134
64
134
64
132
64
132
64
132
64
134
64
133
64
133
64
133
64
133
64
132
64
132
64
134
64
132
64
132
64
133
64
133
64
133
64
134
64
133
64
132
64
134
64
132
64
134
64
133
64
134
64
133
64
133
64
132
64
134
64
134
64
134
64
132
64
134
64
134
64
134
64
133
64
132
64
132
64
134
64
134
64
133
64
134
64
132
64
134
64
134
64
132
64
133
64
132
64
133
64
134
64
132
64
133
64
134
64
132
64
133
64
132
64
132
64
133
64
132
64
133
64
132
64
133
64
133
64
134
64
133
64
132
64
133
64
134
64
134
64
132
64
133
64
134
64
134
64
134
64
134
64
133
64
133
64
133
64
134
64
132
64
133
64
133
64
134
64
132
64
133
64
133
64
133
64
132
64
134
64
133
64
133
64
134
64
133
64
134
64
132
64
132
64
132
64
133
64
132
64
132
64
134
64
132
64
132
64
133
64
132
64
132
64
134
64
132
64
134
64
133
64
132
64
133
64
132
64
134
64
133
64
133
64
134
64
133
64
132
64
133
64
134
64
133
64
134
64
133
64
132
64
132
64
133
64
134
64
133
64
133
64
133
64
134
64
134
64
134
64
134
64
133
64
132
64
132
64
134
64
133
64
132
64
132
64
134
64
132
64
134
64
132
64
132
64
132
64
133
64
133
64
134
64
134
64
132
64
132
64
133
64
134
64
134
64
134
64
132
64
134
64
132
64
132
64
133
64
132
64
133
64
132
64
132
64
132
64
134
64
132
64
134
64
132
64
132
64
132
64
134
64
134
64
132
64
132
64
133
64
132
64
134
64
134
64
134
64
134
64
133
64
133
64
134
64
132
64
134
64
132
64
133
64
133
64
132
64
134
64
133
64
134
64
134
64
133
64
134
64
133
64
133
64
133
64
133
64
133
64
134
64
133
64
134
64
132
64
133
64
132
64
134
64
134
64
133
64
132
64
134
64
134
64
134
64
134
64
132
64
133
64
133
64
134
64
133
64
134
64
134
64
132
64
134
64
134
64
133
64
133
64
134
64
133
64
134
64
134
64
133
64
132
64
133
64
133
64
133
64
133
64
133
64
133
64
133
64
132
64
133
64
132
64
134
64
133
64
132
64
134
64
134
64
132
64
133
64
133
64
132
64
133
64
133
64
133
64
132
64
133
64
134
64
133
64
132
64
133
64
134
64
132
64
134
64
133
64
133
64
134
64
133
64
132
64
132
64
133
64
133
64
133
64
132
64
132
64
133
64
133
64
133
64
134
64
133
64
132
64
134
64
133
64
132
64
132
64
133
64
132
64
133
64
133
64
132
64
133
64
134
64
133
64
132
64
132
64
134
64
132
64
134
64
134
64
132
64
132
64
132
64
132
64
132
64
134
64
132
64
132
64
133
64
132
64
132
64
134
64
133
64
134
64
134
64
134
64
133
64
133
64
133
64
132
64
132
64
133
64
134
64
134
64
133
64
133
64
134
64
133
64
133
64
134
64
133
64
132
64
133
64
134
64
133
64
132
64
134
64
133
64
132
64
133
64
132
64
133
64
134
64
132
64
133
64
133
64
132
64
132
64
133
64
133
64
133
64
132
64
132
64
132
64
132
64
134
64
132
64
134
64
133
64
134
64
132
64
133
64
134
64
132
64
133
64
133
64
132
64
132
64
134
64
132
64
133
64
134
64
133
64
134
64
134
64
133
64
133
64
134
64
133
64
133
64
132
64
132
64
132
64
134
64
133
