129
127
128
127
127
127
127
126
125
125
126
126
125
125
125
125
126
126
125
126
127
126
127
126
126
125
125
125
126
126
125
127
128
129
128
128
129
127
127
128
127
126
126
128
129
128
127
128
127
128
129
129
129
130
129
127
128
129
130
130
131
130
130
131
130
131
131
130
131
132
130
129
129
129
128
128
129
130
130
129
129
129
129
130
130
131
131
130
129
130
130
129
129
129
129
130
130
128
129
130
131
129
128
127
126
126
126
128
127
126
126
127
126
127
127
128
127
128
128
127
128
128
128
127
126
126
125
125
124
124
126
125
124
124
126
127
128
129
129
129
128
129
128
129
128
129
128
129
129
128
129
128
127
127
127
127
126
127
127
126
126
127
128
129
128
130
131
133
135
137
137
137
138
137
138
137
137
137
138
139
139
139
138
137
137
138
140
143
145
144
144
144
143
145
145
146
146
147
146
147
150
150
151
152
154
154
154
156
156
155
157
158
157
158
160
160
160
161
163
162
163
162
162
163
163
164
166
167
169
169
171
170
172
172
172
173
172
174
176
178
178
179
179
178
179
178
177
180
181
182
182
182
181
181
182
184
186
188
190
190
64
76
89
99
107
117
127
133
140
146
150
155
158
164
170
174
179
180
183
186
186
190
64
79
94
105
117
127
136
144
151
157
162
167
172
176
180
185
189
191
64
80
95
108
120
131
140
150
156
162
170
176
181
185
189
64
80
96
110
121
132
141
153
162
169
177
183
188
64
83
98
112
125
136
149
158
167
174
182
189
64
83
101
117
131
143
156
167
175
182
189
64
82
101
117
130
143
153
164
174
182
190
64
84
103
120
134
146
160
171
180
188
64
86
104
122
138
151
163
176
187
64
85
106
124
141
155
168
181
64
85
106
123
141
157
169
180
189
64
87
106
124
139
156
169
180
190
64
88
110
128
145
161
175
186
64
86
107
125
144
158
173
185
64
87
108
129
148
164
177
191
64
89
112
132
151
167
181
64
90
112
131
151
168
182
64
91
114
136
154
172
187
64
90
115
137
156
174
189
64
89
114
135
156
174
188
64
92
116
136
157
175
64
91
118
139
159
177
64
91
115
137
158
177
64
92
118
141
162
181
64
92
116
139
160
179
64
92
118
141
162
180
64
93
119
141
163
182
64
91
118
141
161
179
64
92
118
142
165
185
64
91
119
142
163
183
64
92
118
141
162
183
64
93
120
143
163
182
64
93
120
142
163
184
64
93
121
145
167
185
64
94
121
144
167
185
64
92
119
144
166
183
64
92
119
142
165
184
64
93
119
143
166
186
64
94
122
144
168
186
64
92
120
145
167
185
64
95
120
143
166
187
64
92
119
144
167
185
64
93
120
142
165
184
64
94
122
146
167
186
64
94
120
143
165
185
64
93
122
146
168
188
64
95
123
146
168
188
64
92
121
146
167
186
64
95
122
146
169
190
64
92
119
145
167
185
64
95
121
145
167
186
64
94
123
147
169
187
64
95
122
147
170
191
64
92
120
145
168
188
64
93
119
143
165
186
64
93
122
146
167
185
64
95
123
146
168
188
64
92
121
145
166
184
64
95
122
147
169
190
64
93
120
144
166
185
64
95
121
145
168
187
64
92
120
145
166
186
64
94
120
143
167
188
64
92
119
145
166
185
64
93
121
146
169
189
64
93
122
147
170
190
64
94
122
145
168
187
64
92
121
147
170
188
64
94
121
146
168
187
64
92
119
144
166
187
64
94
120
144
167
186
64
94
123
148
169
188
64
93
120
145
167
188
64
92
121
146
169
189
64
93
119
144
167
187
64
92
119
145
166
185
64
94
122
145
168
189
64
94
123
148
171
189
64
94
121
144
168
189
64
92
119
144
166
186
64
93
121
146
169
188
64
92
121
145
168
188
64
93
119
144
167
188
64
94
122
147
168
186
64
93
120
145
167
186
64
94
121
146
167
185
64
93
121
146
168
188
64
93
120
146
169
187
64
93
120
143
167
188
64
94
123
147
168
187
64
95
121
144
167
186
64
93
120
144
167
188
64
94
121
146
168
187
64
93
120
144
167
188
64
93
120
145
167
188
64
94
123
148
170
189
64
93
120
145
168
187
64
94
121
147
169
187
64
93
120
145
169
188
64
93
121
146
168
186
64
93
120
145
169
188
64
94
123
149
171
189
64
94
120
143
167
188
64
92
121
147
168
188
64
95
123
146
170
189
64
92
120
145
167
188
64
93
120
143
166
186
64
94
123
148
171
190
64
95
122
145
168
187
64
94
121
147
168
186
64
93
120
144
168
189
64
92
120
144
165
185
64
93
119
145
167
187
64
93
120
146
169
187
64
93
119
145
168
190
64
94
121
145
166
187
64
93
119
143
166
186
64
93
120
146
168
188
64
95
121
145
167
186
64
92
120
145
168
187
64
94
122
147
169
190
64
93
120
146
168
187
64
94
120
145
168
189
64
94
123
147
169
187
64
93
120
144
167
189
64
93
122
146
167
185
64
93
119
143
167
187
64
93
121
145
167
186
64
95
122
147
171
64
93
119
145
168
187
64
95
122
146
167
186
64
95
120
146
169
189
64
94
121
146
169
189
64
95
120
145
167
187
64
94
121
146
169
189
64
95
122
149
171
190
64
95
123
148
171
191
64
94
120
146
167
186
64
94
123
148
170
190
64
95
120
145
166
187
64
95
124
148
170
190
64
94
122
146
167
187
64
95
123
146
167
188
64
93
119
144
167
188
64
94
123
146
167
187
64
93
121
147
170
190
64
94
121
144
166
187
64
94
120
146
168
187
64
93
122
147
168
188
64
94
120
144
165
185
64
95
124
149
169
189
64
93
120
144
168
188
64
95
122
145
166
188
64
94
121
147
170
191
64
95
123
147
168
187
64
95
122
148
169
187
64
95
124
148
169
189
64
93
120
145
167
187
64
94
123
147
168
187
64
94
121
146
168
188
64
93
120
146
166
188
64
94
122
148
169
189
64
95
122
145
168
187
64
93
121
147
168
187
64
94
121
146
169
189
64
94
122
148
169
189
64
95
124
148
168
189
64
95
122
147
170
188
64
93
121
147
167
189
64
94
121
146
168
189
64
94
123
146
167
186
64
95
122
147
168
189
64
93
122
145
168
190
64
93
120
144
168
186
64
93
121
146
167
188
64
94
121
145
166
186
64
93
120
145
167
187
64
95
122
147
169
189
64
93
122
146
168
188
64
94
122
148
169
190
64
95
123
148
171
191
64
95
120
147
169
190
64
95
124
149
171
191
64
95
120
145
168
189
64
95
122
145
166
188
64
93
119
143
165
185
64
93
122
145
168
189
64
95
120
146
168
188
64
93
122
145
168
189
64
94
120
144
166
185
64
93
121
145
166
186
64
94
122
147
170
190
64
93
120
144
166
188
64
94
122
147
169
190
64
95
123
146
168
189
64
95
121
147
170
188
64
93
121
147
167
187
64
94
120
144
166
186
64
93
120
146
167
189
64
95
122
148
171
191
64
93
122
146
169
189
64
93
121
145
166
185
64
95
123
147
170
191
64
95
121
147
168
188
64
95
122
146
168
188
64
93
121
147
168
189
64
94
122
147
168
187
64
95
120
146
167
188
64
94
122
147
170
191
64
94
120
146
167
186
64
93
120
146
168
189
64
95
121
147
170
190
64
95
122
146
167
187
64
95
121
148
169
188
64
95
122
146
169
190
64
93
119
144
166
185
64
93
120
145
167
189
64
95
121
147
168
187
64
93
120
144
165
186
64
95
122
148
169
187
64
93
122
146
168
188
64
94
121
146
167
188
64
93
120
145
166
186
64
93
120
144
167
186
64
94
121
146
167
189
64
95
122
148
170
188
64
93
121
146
167
189
64
95
121
148
169
188
64
93
121
147
167
188
64
95
122
147
169
189
64
93
122
146
168
188
64
95
121
146
168
188
64
93
120
145
166
188
64
95
121
148
171
191
64
93
120
144
164
184
64
95
122
148
170
189
64
93
122
146
169
190
64
93
121
146
167
187
64
95
124
149
169
189
64
93
120
146
169
188
64
95
123
147
170
189
64
93
120
145
166
186
64
93
120
145
166
187
64
93
119
144
167
187
64
93
122
145
166
186
64
93
119
143
165
184
64
95
123
148
170
191
64
93
120
144
166
185
64
93
120
145
165
187
64
95
120
147
170
189
64
94
122
146
168
188
64
93
119
143
165
186
64
95
124
148
169
190
64
93
119
144
166
187
64
93
120
145
167
188
64
94
122
147
170
190
64
94
121
146
168
188
64
95
122
147
168
188
64
93
120
144
164
185
64
93
121
145
168
188
64
93
121
147
168
188
64
94
120
144
166
185
64
93
122
145
168
190
64
93
120
146
167
188
64
95
122
146
168
187
64
95
120
146
169
188
64
95
124
149
169
191
64
93
121
145
168
187
64
94
123
146
167
187
64
94
122
147
168
189
64
95
124
149
170
191
64
95
122
149
171
190
64
95
123
146
167
188
64
94
121
147
168
188
64
95
122
146
167
186
64
95
121
148
169
188
64
94
122
145
168
189
64
95
121
148
171
191
64
93
121
147
167
188
64
95
121
147
170
188
64
94
123
146
168
189
64
95
121
148
169
187
64
94
122
147
170
189
64
93
119
143
167
188
64
93
120
144
166
187
64
94
121
146
168
189
64
95
123
147
170
190
64
95
121
147
169
189
64
93
120
146
167
188
64
94
121
147
168
187
64
95
124
149
169
190
64
94
122
146
168
189
64
93
122
147
169
189
64
94
121
146
169
188
64
94
121
145
166
186
64
93
119
144
166
187
64
94
122
147
168
188
64
95
121
147
170
190
64
93
120
145
166
186
64
93
121
147
169
190
64
93
122
147
170
190
64
95
121
148
169
188
64
94
121
145
167
187
64
93
119
145
168
186
64
94
121
144
167
188
64
94
122
146
167
187
64
95
123
148
170
191
64
94
120
145
168
187
64
94
122
147
170
191
64
93
120
144
168
188
64
93
122
147
168
188
64
93
119
145
168
187
64
93
121
146
168
189
64
93
121
146
167
186
64
94
123
148
169
189
64
95
120
145
166
186
64
93
121
147
169
190
64
94
120
144
166
186
64
93
120
145
167
189
64
94
122
146
167
188
64
93
122
147
169
189
64
93
121
145
168
189
64
95
122
147
169
190
64
94
120
145
166
185
64
94
121
146
167
189
64
93
119
144
168
186
64
94
121
145
166
188
64
94
122
148
171
189
64
94
121
146
167
187
64
93
120
146
167
186
64
93
122
147
169
189
64
94
121
145
168
187
64
94
122
147
168
187
64
93
119
145
168
187
64
94
122
145
166
188
64
95
122
148
170
190
64
93
121
145
166
187
64
94
122
148
170
189
64
93
122
146
169
188
64
94
122
148
169
188
64
94
121
146
168
189
64
93
121
145
167
187
64
94
123
146
168
189
64
94
122
146
167
186
64
94
121
146
167
187
64
95
120
145
167
187
64
95
122
145
166
187
64
93
121
146
168
189
64
94
123
146
167
187
64
95
121
147
170
188
64
93
120
144
166
186
64
95
120
145
167
187
64
94
123
148
170
189
64
93
119
143
166
186
64
94
123
148
171
191
64
93
121
146
167
187
64
93
120
145
166
187
64
95
122
149
171
191
64
95
124
148
169
190
64
93
121
145
166
185
64
93
122
145
167
187
64
93
120
144
167
185
64
94
121
145
168
188
64
95
122
149
172
191
64
95
122
147
170
191
64
94
121
147
170
190
64
93
122
146
167
189
64
93
119
143
165
184
64
95
123
147
170
190
64
95
120
145
167
186
64
94
121
144
167
188
64
95
120
145
168
189
64
94
123
146
169
189
64
95
120
146
169
190
64
94
122
146
169
190
64
95
120
145
167
186
64
93
120
145
166
187
64
94
122
146
168
189
64
93
120
144
165
185
64
95
122
148
169
189
64
94
121
144
167
188
64
93
119
145
167
185
64
95
123
148
171
190
64
94
120
145
167
188
64
95
123
146
168
189
64
94
120
144
165
185
64
93
120
145
166
187
64
94
121
145
167
187
64
93
120
144
166
187
64
94
121
145
166
185
64
93
120
144
166
187
64
94
121
146
169
189
64
94
123
148
169
188
64
93
119
145
168
186
64
94
122
147
170
189
64
95
120
145
166
185
64
94
121
145
167
189
64
94
121
147
170
190
64
93
121
146
168
190
64
94
122
146
168
189
64
93
120
146
168
188
64
95
120
147
168
189
64
95
123
147
169
188
64
94
121
146
168
187
64
95
122
145
168
187
64
94
120
145
167
188
64
95
122
147
168
189
64
94
121
147
168
188
64
93
122
146
167
189
64
95
122
149
170
188
64
95
122
145
167
189
64
95
120
145
168
188
64
94
122
146
169
189
64
94
121
145
167
188
64
95
124
147
170
190
64
94
120
146
169
188
64
93
120
145
167
188
64
95
120
145
168
187
64
93
122
147
170
190
64
95
122
147
169
188
64
95
122
146
167
186
64
95
122
147
168
188
64
95
124
148
168
188
64
94
121
145
167
187
64
94
122
146
168
189
64
93
120
145
166
186
64
95
122
146
169
190
64
95
121
146
168
187
64
94
122
147
170
190
64
93
120
146
167
187
64
93
122
146
169
188
64
94
120
145
168
189
64
94
122
145
166
187
64
95
121
147
169
189
64
94
123
148
169
189
64
95
122
148
169
188
64
93
121
145
166
188
64
94
122
148
171
191
64
93
122
147
169
190
64
93
121
145
168
187
64
94
122
147
169
190
64
95
120
147
169
189
64
93
120
144
164
186
64
94
122
146
168
189
64
95
122
146
167
187
64
94
120
145
168
188
64
95
122
147
168
189
64
94
122
148
171
191
64
95
123
147
170
189
64
95
120
147
169
190
64
93
122
145
167
188
64
95
122
148
171
190
64
95
123
148
169
188
64
94
121
146
169
189
64
94
122
146
169
189
64
95
121
147
169
189
64
95
123
146
169
189
64
93
120
144
167
186
64
95
124
149
169
190
64
95
122
149
172
64
93
121
145
166
186
64
93
121
144
168
189
64
92
120
144
167
188
64
95
122
146
169
189
64
92
119
145
168
188
64
93
120
145
169
188
64
93
121
147
168
186
64
95
122
147
171
190
64
93
121
145
168
188
64
95
123
146
170
190
64
93
122
146
168
188
64
93
121
146
169
190
64
93
122
147
169
188
64
94
122
146
168
189
64
94
123
149
170
190
64
95
121
144
167
188
