129
127
128
129
130
130
131
130
131
131
129
130
131
132
130
130
130
129
128
127
127
128
128
129
129
128
128
129
129
128
128
129
127
126
127
127
126
127
128
129
130
131
129
129
130
129
129
129
128
128
128
128
128
129
128
129
128
129
130
130
129
130
130
129
128
127
127
127
128
128
129
130
129
128
129
127
126
128
129
127
128
129
129
129
130
129
129
128
127
127
127
128
127
127
128
128
127
126
125
126
127
127
128
128
129
129
128
127
127
127
126
127
126
127
126
126
125
126
126
126
126
127
127
127
126
127
127
128
128
127
126
126
128
130
130
133
135
135
137
139
139
141
142
142
141
143
143
142
142
143
144
143
144
144
144
144
145
146
146
148
148
149
149
150
151
151
152
152
152
152
153
154
154
153
153
153
152
151
150
150
150
152
154
156
158
159
161
161
162
161
161
160
159
159
160
159
160
161
160
161
164
164
165
167
168
169
171
171
170
171
171
172
173
171
172
174
174
174
175
175
176
176
176
175
177
178
177
178
179
180
182
184
186
187
189
188
187
187
186
187
188
189
187
186
188
190
191
64
76
87
99
107
116
123
128
135
142
148
155
160
164
167
170
173
174
178
180
180
183
186
188
191
64
77
90
101
112
121
128
135
142
150
158
164
170
173
178
181
184
186
187
190
64
79
94
105
116
126
135
142
148
154
160
165
170
175
180
184
188
191
64
79
94
105
117
128
137
145
154
162
169
173
177
182
186
189
64
82
97
111
123
133
143
151
159
164
171
177
183
189
64
81
95
107
119
130
141
150
160
169
175
180
186
190
64
79
96
111
124
136
146
154
162
168
174
180
186
191
64
80
98
113
126
138
147
155
163
172
179
187
64
82
98
113
125
137
148
158
166
173
180
187
64
82
98
113
126
140
151
159
169
176
184
189
64
82
100
116
130
142
152
161
170
177
183
64
83
101
115
130
141
150
161
170
180
187
64
82
98
112
127
139
151
163
174
183
191
64
82
100
116
130
143
154
166
175
184
191
64
81
101
118
131
146
156
165
175
184
64
83
101
117
133
145
156
165
177
188
64
83
102
119
134
147
159
171
183
64
85
103
120
134
148
161
171
181
190
64
85
103
122
138
152
166
175
186
64
84
104
122
138
153
165
176
185
64
87
105
122
137
152
165
175
184
64
87
106
122
138
152
163
172
184
64
84
104
122
137
149
161
173
184
64
85
105
121
137
152
164
177
187
64
85
104
121
138
152
165
176
188
64
85
103
119
135
152
164
176
186
64
85
105
124
141
154
166
178
189
64
85
104
122
139
154
166
176
187
64
87
109
128
142
155
167
177
186
64
86
106
123
139
153
165
176
189
64
85
104
122
138
152
163
178
189
64
86
106
124
140
154
167
179
190
64
87
106
122
139
155
170
181
191
64
86
107
125
142
157
169
180
189
64
85
105
123
141
157
171
182
64
84
102
122
139
154
167
179
189
64
86
106
126
142
157
168
181
64
86
107
125
141
155
168
180
190
64
87
106
126
142
157
169
180
189
64
85
105
124
140
156
168
178
191
64
85
104
122
137
150
164
177
188
64
85
105
124
141
154
167
179
191
64
85
106
122
138
155
167
179
191
64
84
104
122
138
153
167
180
64
86
107
123
140
157
170
181
191
64
84
105
123
141
157
171
183
64
86
106
124
142
158
172
183
64
84
103
121
137
152
164
176
188
64
84
104
123
141
155
168
180
189
64
87
108
126
143
158
172
182
191
64
87
108
127
142
157
170
182
64
86
105
124
142
157
168
180
64
87
108
127
142
157
169
181
64
88
107
124
140
155
166
178
189
64
85
105
122
137
151
165
178
190
64
85
105
124
140
155
169
180
190
64
85
104
120
136
151
165
177
187
64
85
104
121
139
155
167
178
188
64
86
107
127
144
158
171
182
64
85
105
125
141
155
167
178
189
64
85
106
126
141
155
169
182
64
85
106
124
142
155
169
182
64
84
105
123
141
157
169
180
191
64
88
107
125
142
156
169
180
189
64
86
105
122
138
151
164
176
187
64
87
106
123
139
153
165
177
188
64
86
105
122
137
150
164
176
188
64
86
107
125
141
158
172
185
64
86
107
123
138
153
168
180
64
87
105
122
137
154
167
178
189
64
87
105
123
141
157
170
182
64
86
105
123
142
156
170
181
191
64
85
104
122
140
156
168
181
190
64
85
106
124
141
154
167
179
189
64
86
108
127
142
158
170
181
191
64
86
105
122
138
151
164
177
189
64
86
108
124
139
152
165
179
64
86
106
124
141
154
167
181
191
64
85
106
124
140
153
166
179
191
64
87
106
123
140
154
167
180
190
64
85
105
122
140
156
169
181
64
85
104
121
139
156
170
181
64
87
105
122
140
156
170
183
64
86
105
122
139
153
168
180
64
86
104
123
141
157
170
182
64
87
107
125
143
159
172
182
64
86
104
123
141
155
168
180
64
85
105
124
140
156
169
182
191
64
85
105
125
143
159
172
182
64
85
105
125
143
157
170
180
64
84
103
121
139
155
168
180
190
64
86
107
125
141
156
169
182
64
86
107
126
142
157
170
182
64
86
107
125
140
155
167
178
188
64
87
106
124
139
155
167
178
188
64
86
107
124
141
156
169
180
64
88
108
126
141
155
169
181
64
87
107
125
141
156
168
178
190
64
86
107
125
142
156
170
183
64
85
107
123
138
154
168
180
190
64
87
108
127
146
160
173
186
64
87
110
129
146
160
174
187
64
88
109
128
145
160
173
184
64
89
109
129
145
160
173
187
64
86
108
128
146
159
173
186
64
86
109
127
143
159
175
187
64
87
108
130
147
164
177
189
64
87
109
129
148
163
176
187
64
88
110
131
148
163
179
64
90
112
133
149
165
180
64
90
113
132
151
168
183
64
88
111
132
150
168
184
64
88
113
133
152
169
184
64
91
116
138
155
172
187
64
91
115
136
154
170
186
64
89
113
132
150
169
184
64
90
112
133
152
170
186
64
91
114
135
154
173
189
64
89
114
137
157
175
191
64
91
115
137
156
174
190
64
91
115
136
154
170
187
64
90
114
135
155
174
191
64
91
116
138
160
177
64
90
114
137
157
177
64
91
114
137
157
174
190
64
89
112
134
156
175
64
89
113
137
158
176
191
64
91
116
139
159
178
64
90
115
138
157
175
190
64
92
118
139
158
176
191
64
91
116
137
156
174
64
90
115
137
157
174
64
91
117
140
161
177
64
93
118
139
159
175
64
92
117
139
159
176
64
93
117
138
159
176
64
92
117
140
159
176
64
91
115
137
156
174
64
93
116
138
156
173
189
64
90
116
138
156
174
191
64
90
115
137
158
177
64
91
116
137
158
176
191
64
92
116
138
159
177
64
91
116
139
161
180
64
92
116
139
160
179
64
90
115
138
160
177
64
92
115
137
159
177
64
90
113
135
157
175
64
90
115
139
159
178
64
92
116
139
159
177
64
91
116
139
160
177
64
92
115
137
159
178
64
90
115
137
156
175
191
64
89
112
134
154
173
190
64
90
113
134
153
172
188
64
89
113
133
150
170
186
64
91
114
135
153
169
186
64
90
113
133
151
167
181
64
90
114
134
151
166
181
64
89
111
131
149
166
180
64
87
108
130
147
163
176
190
64
88
110
131
150
165
178
190
64
87
108
128
147
164
178
190
64
87
107
127
146
162
177
189
64
86
106
124
143
158
172
184
64
88
107
126
142
157
171
185
64
87
108
126
142
157
172
184
64
87
107
124
140
155
170
182
64
86
106
125
141
155
169
182
64
87
106
123
140
154
168
182
64
86
107
124
139
153
169
180
191
64
85
105
124
138
153
168
179
191
64
85
104
123
141
155
170
181
191
64
85
105
123
139
154
167
180
190
64
84
106
125
141
156
170
180
64
84
106
126
144
158
172
185
64
84
105
125
142
156
170
181
64
84
104
124
142
157
169
181
64
86
107
125
141
155
168
180
189
64
87
107
126
143
158
170
181
190
64
87
108
126
142
155
167
179
64
87
108
126
142
155
167
177
189
64
85
107
124
139
153
167
179
191
64
87
106
125
141
154
169
183
64
87
106
123
139
152
165
178
190
64
87
106
124
139
154
168
182
191
64
87
105
122
140
156
171
184
64
86
106
122
139
155
168
181
191
64
86
106
125
142
158
172
184
64
86
105
123
139
154
169
181
64
86
105
123
139
154
168
178
189
64
84
104
122
140
154
166
177
187
64
86
107
124
142
157
170
182
191
64
86
106
124
141
154
166
178
191
64
85
107
124
140
154
167
179
191
64
87
107
125
139
152
166
177
188
64
87
106
123
139
155
170
182
64
85
104
120
137
154
169
182
64
86
107
123
139
154
169
182
191
64
86
104
123
139
154
169
182
191
64
85
106
125
141
155
168
181
191
64
85
107
126
141
156
170
181
64
86
106
126
141
155
168
179
190
64
88
108
128
143
156
169
179
189
64
87
108
125
141
155
167
177
188
64
85
106
125
141
156
169
182
64
87
107
126
143
156
167
181
64
87
107
125
140
155
168
181
64
87
107
124
140
154
167
179
191
64
85
105
123
138
153
168
182
64
87
108
127
143
157
168
179
191
64
87
107
123
139
151
166
179
189
64
87
106
124
140
155
170
181
64
87
106
124
140
155
169
180
191
64
85
106
123
140
154
169
182
191
64
84
103
123
139
153
167
178
187
64
84
106
126
142
157
170
181
191
64
86
105
124
140
156
169
181
191
64
86
107
125
142
155
167
177
190
64
87
106
123
138
151
164
178
190
64
87
106
125
141
156
170
182
64
86
106
124
138
152
167
180
190
64
87
106
124
138
154
167
180
190
64
86
105
123
140
154
168
180
190
64
85
106
125
141
155
169
180
190
64
86
106
124
141
155
168
181
191
64
86
107
126
141
157
170
181
64
86
106
123
139
154
168
180
189
64
88
108
125
140
153
167
177
190
64
85
105
122
138
152
166
179
191
64
85
106
123
140
153
164
177
188
64
86
105
121
137
152
167
180
64
85
105
122
138
151
165
178
190
64
86
106
124
140
155
168
180
190
64
84
105
123
140
155
168
180
191
64
86
106
125
142
156
169
179
191
64
86
107
125
141
157
168
180
191
64
86
107
125
141
155
168
180
191
64
85
106
123
139
154
165
177
188
64
86
106
123
139
152
166
180
191
64
85
104
123
140
155
169
182
64
85
106
125
140
155
168
182
64
87
106
125
139
153
164
178
190
64
87
106
123
137
151
165
176
188
64
86
106
122
137
153
167
180
191
64
84
105
123
139
155
169
182
64
84
104
122
137
152
167
178
190
64
85
105
121
138
153
165
178
188
64
86
104
120
137
152
165
176
185
64
86
105
122
138
152
166
178
189
64
86
106
126
143
156
169
180
189
64
85
105
124
140
156
169
179
188
64
87
108
125
141
154
165
176
189
64
86
105
124
141
153
167
180
191
64
87
108
125
140
153
167
180
191
64
86
105
124
139
154
168
181
191
64
84
103
121
138
153
166
177
187
64
84
103
123
139
155
169
180
191
64
86
107
125
142
156
169
182
64
85
105
124
141
155
167
180
189
64
86
105
125
142
155
169
179
189
64
87
108
125
141
156
168
180
64
85
107
126
142
157
170
182
64
86
106
125
142
157
170
181
64
86
107
126
143
157
168
180
64
85
107
124
141
155
169
180
191
64
85
107
123
139
153
166
178
190
64
85
106
123
139
153
166
179
191
64
85
104
122
139
152
164
176
188
64
85
103
121
137
151
166
179
191
64
85
104
121
138
154
168
180
191
64
84
103
119
136
151
164
178
187
64
85
103
119
137
152
165
176
185
64
84
103
121
139
154
167
178
189
64
84
102
120
136
150
163
175
185
64
83
104
122
139
154
166
177
186
64
85
106
124
139
152
166
176
187
64
85
104
122
137
151
165
177
186
64
87
107
124
139
153
165
176
188
64
85
106
124
140
154
167
179
190
64
85
105
123
139
152
166
177
188
64
84
105
123
138
153
168
180
190
64
86
106
122
139
156
170
183
64
84
104
120
136
153
166
179
191
64
85
104
120
136
152
166
177
187
64
85
105
124
139
154
166
178
189
64
85
107
125
140
155
168
180
191
64
85
106
123
140
154
165
176
185
64
86
106
125
140
154
168
180
190
64
85
106
124
139
154
165
179
189
64
86
105
123
138
152
166
180
190
64
85
105
123
137
152
167
178
188
64
84
103
121
139
155
170
181
64
85
106
124
142
158
172
183
64
85
105
121
138
153
166
179
191
64
84
105
124
140
155
168
180
189
64
86
108
127
144
159
171
183
64
86
106
125
142
157
171
181
190
64
88
109
127
144
158
171
182
64
86
107
126
143
158
170
181
191
64
87
109
128
144
156
170
180
64
87
108
125
140
154
167
179
190
64
85
105
124
141
156
169
182
64
86
106
124
139
154
168
182
64
85
107
125
142
155
168
180
64
85
105
124
139
154
167
179
191
64
86
107
126
142
156
169
180
191
64
85
104
122
139
156
171
183
64
85
105
123
139
154
168
181
64
85
104
121
138
155
168
179
190
64
87
106
123
142
157
170
183
64
86
104
122
140
155
170
182
64
85
105
122
139
154
168
181
191
64
85
104
122
138
153
166
178
188
64
86
107
127
143
158
171
183
64
85
106
126
142
156
168
179
188
64
86
106
125
140
154
168
178
187
64
86
105
124
142
157
168
178
191
64
86
106
123
138
151
164
176
189
64
86
105
124
140
155
170
183
64
85
105
122
138
151
167
180
64
87
108
126
142
156
171
183
64
85
105
122
139
152
167
180
190
64
86
106
122
139
156
168
182
64
87
107
126
140
155
170
182
64
86
107
125
139
154
168
180
64
87
105
123
140
154
169
180
190
64
86
104
122
140
156
170
181
190
64
86
107
125
141
157
172
184
64
84
103
121
137
153
165
177
187
64
84
105
125
143
158
171
181
64
85
106
125
143
156
168
179
188
64
88
109
127
144
158
170
182
190
64
88
109
126
141
155
169
179
191
64
85
107
124
140
154
166
179
64
87
107
125
141
154
166
178
188
64
87
107
124
139
153
169
182
64
87
108
126
142
156
169
181
64
86
107
126
142
156
171
184
64
86
106
124
141
154
168
179
190
64
86
105
122
139
155
169
182
64
85
106
124
140
156
170
182
64
87
107
125
141
158
170
183
64
86
106
124
140
154
167
179
190
64
87
106
124
141
158
171
184
64
86
104
121
137
152
166
178
189
64
85
104
123
139
154
167
180
189
64
84
104
123
140
156
168
180
64
85
106
126
142
158
171
183
64
84
104
122
139
155
168
179
188
64
86
107
126
143
158
169
181
191
64
87
108
127
142
155
167
177
188
64
87
108
127
142
155
167
179
190
64
86
107
126
140
154
167
180
190
64
85
104
120
135
150
164
177
188
64
85
105
122
138
154
167
180
190
64
85
106
124
141
156
169
180
191
64
85
106
124
142
155
167
178
189
64
88
108
128
143
156
169
180
189
64
88
108
126
143
157
168
179
191
64
87
108
126
141
155
166
178
189
64
85
106
123
138
153
168
182
64
87
108
126
141
156
169
181
191
64
87
108
125
140
153
165
179
191
64
87
106
122
139
154
166
178
189
64
85
106
124
138
154
166
180
190
64
85
105
123
141
157
171
182
64
85
105
122
140
155
168
181
190
64
86
105
124
142
157
169
180
190
64
86
106
125
141
154
166
178
188
64
86
105
123
139
155
166
179
190
64
85
107
124
141
155
169
178
190
64
85
105
122
139
152
165
177
189
64
86
105
122
136
150
161
173
184
64
86
104
121
138
153
164
176
188
64
87
106
123
140
152
167
179
189
64
86
106
123
138
153
167
178
190
64
85
104
122
138
154
168
180
191
64
86
106
126
142
157
171
182
191
64
85
106
124
142
155
168
180
191
64
86
106
123
140
153
165
177
188
64
87
106
125
140
154
166
177
188
64
87
106
124
140
155
166
178
189
64
85
106
123
140
154
169
181
191
64
85
105
123
138
154
168
181
64
86
106
123
139
155
170
182
64
86
105
122
137
154
167
179
191
64
85
104
121
140
155
170
180
191
64
86
105
124
141
156
170
182
191
64
86
108
125
142
157
168
181
190
64
86
107
125
142
157
169
179
190
64
86
108
127
142
156
167
179
190
64
86
105
123
140
154
166
179
191
64
87
107
125
142
156
170
183
64
87
106
124
140
154
168
181
191
64
87
106
123
137
152
165
177
188
64
85
105
122
139
154
168
180
191
64
84
104
122
139
154
167
180
189
64
84
104
124
142
157
168
181
191
64
87
106
124
139
154
168
180
191
64
88
107
126
142
156
170
182
64
86
106
124
140
155
166
178
191
64
87
108
125
142
156
167
180
64
87
106
125
140
154
168
182
64
86
107
125
142
155
166
179
191
64
86
107
125
139
154
167
179
190
64
86
107
123
138
154
167
180
190
64
87
105
123
141
156
169
181
64
85
103
122
139
154
168
181
64
87
105
123
138
153
168
181
64
85
105
123
137
152
167
180
191
64
84
104
121
137
153
168
181
190
64
85
104
123
139
153
167
177
189
64
84
105
123
138
154
166
177
187
64
88
108
125
142
155
168
178
187
64
85
107
125
141
154
167
179
189
64
86
107
124
140
153
165
176
188
64
87
106
124
138
151
164
178
190
64
87
107
124
140
155
170
183
64
87
108
125
140
155
169
182
64
86
106
122
138
151
164
177
188
64
87
106
124
140
154
167
178
188
64
84
103
119
137
151
166
178
188
64
86
104
122
140
154
167
178
188
64
84
106
125
142
158
172
184
64
84
106
126
141
155
167
178
187
64
88
107
126
141
155
167
178
189
64
87
108
127
144
158
171
183
64
87
107
124
141
154
168
178
190
64
87
108
126
143
158
170
182
64
85
106
124
140
153
164
176
189
64
85
106
124
138
151
166
180
191
64
87
107
124
138
155
168
180
64
86
105
124
138
155
170
181
64
85
106
124
141
155
170
181
191
64
86
106
124
142
157
171
182
191
64
85
104
123
139
153
166
177
188
64
85
105
125
141
156
170
181
191
64
87
107
127
143
156
169
181
190
64
87
106
123
139
153
166
178
189
64
87
106
124
140
153
167
180
64
85
106
124
141
156
169
183
64
86
106
125
142
155
169
179
190
64
86
105
124
139
153
164
176
189
64
85
106
123
139
152
164
177
187
64
85
104
123
139
154
166
179
189
64
84
104
123
137
151
165
176
188
64
86
107
125
139
154
166
177
187
64
84
103
121
139
155
169
181
191
64
86
106
125
141
157
171
181
64
84
103
123
140
155
167
178
187
64
84
105
123
140
155
167
180
189
64
88
108
125
142
156
168
180
190
64
87
108
125
142
157
170
180
64
85
106
124
141
155
167
178
190
64
85
106
125
140
153
164
176
187
64
87
108
125
141
154
169
183
64
86
105
122
137
151
166
178
190
64
85
105
124
138
155
170
182
191
64
