127
128
127
126
125
125
126
126
126
125
124
123
124
123
125
125
126
126
127
128
129
130
129
129
129
128
128
128
129
129
129
129
130
130
128
129
129
128
128
128
127
128
128
128
129
130
129
128
128
129
128
128
128
129
129
128
127
127
128
127
127
126
126
127
126
126
126
126
125
125
124
125
124
123
123
122
124
125
124
126
127
126
126
126
125
125
127
129
129
129
132
132
134
135
137
138
138
140
140
139
139
140
141
141
143
145
145
147
146
148
147
149
149
148
148
151
151
151
153
155
157
157
157
157
156
158
160
162
162
162
163
164
164
164
164
166
168
64
74
85
95
104
112
119
125
132
136
143
148
153
157
162
165
168
64
77
87
97
107
116
125
134
142
148
156
161
167
64
77
90
104
116
125
133
141
150
158
166
64
78
92
106
119
131
141
150
159
167
64
81
97
112
127
138
147
156
165
64
82
100
113
128
140
151
160
64
84
101
117
133
148
161
64
85
104
122
138
154
167
64
84
104
122
137
153
167
64
87
108
127
145
160
64
87
107
127
143
161
64
86
109
129
148
163
64
88
111
132
150
168
64
89
110
130
150
168
64
90
113
136
156
64
91
116
137
158
64
92
119
142
163
64
91
117
141
164
64
93
118
141
165
64
94
121
146
169
64
95
122
146
168
64
96
125
151
64
95
125
151
64
94
124
149
64
96
126
153
64
97
128
154
64
96
128
154
64
99
128
154
64
97
128
158
64
98
128
157
64
101
132
161
64
102
134
164
64
101
135
167
64
103
139
64
104
139
64
103
141
64
103
141
64
107
143
64
104
142
64
108
145
64
106
146
64
109
147
64
108
147
64
108
148
64
108
151
64
111
152
64
108
151
64
111
154
64
110
153
64
110
152
64
112
156
64
111
154
64
110
155
64
111
155
64
111
154
64
113
157
64
113
157
64
113
157
64
114
160
64
115
158
64
114
161
64
115
161
64
115
161
64
114
158
64
115
160
64
116
161
64
115
162
64
114
160
64
114
162
64
115
163
64
115
162
64
115
160
64
114
162
64
116
162
64
116
163
64
116
162
64
115
162
64
117
163
64
115
162
64
117
165
64
115
162
64
117
164
64
116
163
64
117
164
64
115
163
64
117
165
64
115
164
64
117
164
64
117
166
64
117
166
64
117
167
64
117
166
64
118
167
64
118
167
64
116
164
64
116
165
64
118
165
64
118
164
64
117
166
64
119
166
64
117
167
64
117
166
64
117
166
64
118
165
64
118
167
64
119
167
64
117
167
64
118
166
64
117
165
64
118
167
64
118
166
64
119
166
64
116
165
64
119
168
64
116
166
64
119
166
64
117
165
64
117
166
64
118
166
64
117
165
64
118
168
64
117
164
64
116
166
64
119
167
64
117
167
64
118
166
64
117
167
64
117
166
64
117
167
64
118
166
64
117
167
64
118
167
64
118
168
64
117
165
64
118
168
64
117
165
64
118
169
64
118
168
64
116
166
64
118
168
64
117
166
64
118
167
64
118
168
64
119
167
64
118
168
64
118
168
64
118
167
64
118
166
64
116
167
64
118
166
64
116
165
64
119
167
64
118
169
64
117
167
64
118
168
64
118
166
64
117
168
64
117
165
64
117
167
64
119
169
64
118
167
64
118
166
64
118
168
64
117
166
64
116
166
64
119
169
64
117
168
64
117
166
64
118
168
64
119
169
64
117
168
64
118
166
64
117
167
64
119
169
64
117
167
64
118
167
64
119
168
64
118
166
64
119
168
64
119
167
64
119
167
64
119
167
64
119
168
64
119
167
64
117
166
64
117
167
64
119
167
64
119
168
64
119
169
64
118
166
64
118
167
64
119
169
64
118
168
64
118
166
64
118
166
64
119
167
64
117
167
64
118
167
64
118
168
64
119
168
64
119
167
64
118
166
64
118
168
64
117
166
64
117
167
64
117
167
64
118
168
64
118
166
64
117
165
64
117
166
64
119
167
64
118
168
64
119
168
64
117
167
64
117
165
64
118
166
64
118
166
64
119
168
64
119
168
64
117
165
64
119
169
64
118
166
64
118
168
64
118
166
64
119
167
64
118
168
64
117
166
64
117
167
64
119
167
64
119
169
64
119
167
64
119
168
64
117
166
64
119
167
64
117
167
64
119
168
64
119
168
64
119
168
64
118
167
64
117
166
64
119
168
64
117
166
64
117
165
64
117
165
64
119
167
64
118
168
64
119
168
64
119
167
64
118
168
64
117
166
64
117
166
64
119
169
64
119
169
64
117
165
64
117
166
64
119
167
64
119
169
64
119
167
64
119
168
64
119
167
64
117
166
64
119
169
64
119
168
64
118
167
64
119
169
64
119
168
64
117
166
64
117
167
64
118
168
64
119
167
64
119
169
64
118
168
64
117
165
64
118
167
64
118
166
64
118
166
64
119
169
64
117
165
64
117
166
64
118
167
64
118
168
64
117
166
64
119
167
64
118
168
64
118
167
64
118
168
64
117
167
64
118
166
64
117
166
64
119
168
64
118
167
64
117
165
64
118
167
64
118
168
64
118
168
64
117
165
64
118
166
64
117
165
64
118
168
64
118
168
64
118
168
64
118
166
64
118
167
64
117
166
64
118
167
64
117
165
64
118
167
64
118
168
64
118
167
64
118
166
64
119
168
64
118
168
64
117
165
64
117
167
64
119
169
64
118
167
64
118
166
64
117
165
64
118
168
64
118
167
64
117
166
64
119
167
64
119
167
64
118
166
64
117
167
64
117
166
64
117
165
64
119
168
64
118
168
64
117
167
64
118
168
64
117
167
64
118
168
64
117
166
64
117
166
64
117
165
64
119
167
64
119
168
64
117
165
64
119
169
64
117
165
64
118
166
64
117
166
64
117
166
64
119
167
64
118
167
64
118
167
64
119
167
64
118
167
64
119
168
64
118
168
64
118
166
64
118
168
64
118
167
64
119
168
64
119
168
64
118
167
64
119
169
64
117
167
64
118
168
64
119
169
64
118
168
64
119
169
64
118
166
64
117
165
64
117
165
64
118
167
64
118
168
64
117
165
64
119
168
64
117
166
64
119
167
64
118
168
64
117
167
64
117
166
64
119
168
64
118
167
64
118
166
64
119
167
64
118
168
64
118
168
64
117
167
64
117
166
64
117
165
64
117
167
64
119
168
64
118
168
64
118
168
64
119
169
64
119
168
64
119
167
64
119
167
64
117
166
64
118
166
64
117
166
64
118
168
64
119
169
64
117
167
64
117
165
64
118
167
64
118
167
64
118
166
64
117
166
64
117
167
64
118
168
64
118
166
64
118
168
64
117
166
64
117
165
64
118
167
64
117
166
64
117
167
64
118
166
64
119
168
64
117
165
64
119
169
64
118
166
64
119
167
64
117
165
64
118
168
64
117
166
64
119
169
64
118
167
64
117
166
64
119
168
64
118
166
64
117
166
64
117
167
64
119
167
64
118
166
64
118
167
64
117
167
64
118
168
64
118
167
64
118
167
64
118
168
64
117
165
64
117
165
64
118
166
64
118
168
64
118
168
64
119
167
64
117
166
64
118
168
64
119
169
64
119
167
64
118
166
64
119
167
64
118
167
64
117
167
64
119
169
64
119
168
64
118
166
64
119
167
64
118
166
64
119
169
64
117
166
64
118
167
64
118
168
64
119
169
64
119
169
64
117
166
64
118
166
64
118
166
64
117
166
64
118
168
64
118
166
64
119
168
64
118
166
64
119
168
64
117
167
64
119
169
64
119
168
64
117
166
64
118
166
64
118
167
64
119
169
64
117
167
64
117
167
64
117
165
64
117
167
64
117
165
64
118
168
64
118
167
64
118
167
64
118
167
64
119
167
64
118
168
64
119
167
64
117
166
64
118
166
64
117
166
64
119
168
64
117
165
64
119
168
64
117
167
64
117
166
64
118
167
64
118
168
64
119
169
64
118
167
64
117
166
64
118
167
64
119
169
64
119
168
64
118
168
64
118
166
64
119
167
64
119
167
64
117
165
64
117
166
64
118
168
64
118
168
64
119
167
64
118
166
64
117
166
64
119
167
64
117
167
64
117
165
64
119
169
64
117
165
64
117
167
64
118
168
64
118
168
64
117
165
64
119
169
64
119
168
64
118
167
64
119
168
64
118
168
64
119
167
64
119
169
64
118
168
64
117
165
64
119
169
64
118
168
64
117
166
64
119
169
64
117
166
64
119
168
64
117
166
64
118
167
64
119
169
64
118
168
64
117
167
64
117
166
64
119
169
64
118
168
64
119
168
64
118
167
64
117
165
64
117
166
64
118
168
64
118
168
64
119
169
64
119
169
64
117
165
64
117
167
64
119
167
64
117
166
64
117
167
64
119
167
64
117
165
64
117
167
64
117
165
64
117
165
64
119
167
64
118
167
64
117
166
64
118
168
64
118
167
64
119
168
64
119
167
64
118
167
64
117
167
64
119
167
64
117
165
64
119
168
64
119
167
64
119
167
64
117
167
64
118
166
64
117
166
64
117
167
64
117
165
64
118
168
64
118
167
64
117
166
64
117
167
64
119
169
