129
128
129
129
128
129
129
130
128
128
128
127
126
127
127
128
128
127
128
127
126
127
126
126
127
128
129
130
128
127
126
125
127
127
128
128
129
130
130
130
131
132
130
131
132
132
131
131
132
133
133
133
133
132
133
132
131
131
130
129
129
130
129
128
128
127
126
127
128
129
129
129
128
128
129
130
128
129
129
130
130
128
128
128
127
128
128
129
129
129
128
129
128
127
127
127
126
127
126
125
126
126
127
127
126
125
124
126
125
124
125
125
125
125
124
126
127
126
126
127
128
128
129
130
131
131
131
134
135
135
137
138
139
141
142
141
143
143
144
143
144
143
144
144
147
147
148
150
151
153
153
154
156
156
157
158
157
159
160
160
163
165
166
168
169
64
75
86
97
107
114
120
126
132
136
140
145
149
155
160
164
167
64
77
90
101
111
121
130
139
145
152
160
167
64
78
91
104
117
130
141
150
159
167
64
81
97
111
124
136
147
158
167
64
81
100
114
127
140
152
164
64
84
102
118
133
147
158
64
84
103
120
137
151
164
64
85
106
125
141
156
64
87
110
128
145
161
64
88
110
129
148
164
64
88
113
135
154
64
90
115
136
155
64
90
115
136
158
64
92
118
142
163
64
92
119
141
163
64
93
120
145
168
64
94
120
146
169
64
95
124
149
64
96
126
153
64
97
128
156
64
97
127
154
64
99
129
159
64
98
130
157
64
99
130
157
64
99
130
159
64
100
133
163
64
102
134
162
64
100
134
166
64
102
137
166
64
100
137
168
64
104
140
64
104
140
64
104
144
64
106
144
64
108
149
64
108
148
64
110
153
64
109
151
64
111
155
64
112
154
64
113
158
64
114
159
64
113
159
64
115
160
64
113
161
64
115
161
64
113
159
64
115
162
64
116
164
64
117
165
64
115
164
64
116
163
64
115
164
64
118
165
64
118
166
64
117
167
64
116
165
64
120
168
64
118
168
64
119
168
64
117
168
64
119
168
64
118
168
64
121
64
119
168
64
119
64
118
169
64
121
64
122
64
120
64
121
64
122
64
120
64
122
64
121
64
122
64
120
64
122
64
121
64
121
64
120
64
122
64
120
64
122
64
122
64
120
64
120
64
122
64
122
64
122
64
121
64
121
64
120
169
64
118
64
118
64
118
64
119
64
118
64
120
64
119
169
64
120
64
120
169
64
119
64
119
64
118
168
64
120
169
64
117
169
64
121
64
119
168
64
119
169
64
120
168
64
117
168
64
118
168
64
118
64
117
168
64
118
168
64
118
168
64
120
64
120
64
118
167
64
118
169
64
120
169
64
119
169
64
120
168
64
117
168
64
119
167
64
117
167
64
120
168
64
119
168
64
118
167
64
118
169
64
120
169
64
118
168
64
118
168
64
119
169
64
119
167
64
119
168
64
119
167
64
117
166
64
120
169
64
119
168
64
120
169
64
117
165
64
120
167
64
116
167
64
119
167
64
117
166
64
120
169
64
117
167
64
120
168
64
118
169
64
118
165
64
117
167
64
119
168
64
116
166
64
118
165
64
116
167
64
119
166
64
117
168
64
118
166
64
116
165
64
119
168
64
116
167
64
119
168
64
116
165
64
118
167
64
116
166
64
119
168
64
116
165
64
119
168
64
117
166
64
120
167
64
118
168
64
120
169
64
117
168
64
119
167
64
117
167
64
119
167
64
118
167
64
120
168
64
117
166
64
118
166
64
118
168
64
118
166
64
118
169
64
120
169
64
117
166
64
118
167
64
117
168
64
120
167
64
116
165
64
120
169
64
116
165
64
120
168
64
117
168
64
118
167
64
118
167
64
120
167
64
118
167
64
118
167
64
117
167
64
120
167
64
116
166
64
119
166
64
118
169
64
120
168
64
118
169
64
118
167
64
118
169
64
120
167
64
116
167
64
120
168
64
116
165
64
119
166
64
117
168
64
119
166
64
118
168
64
119
167
64
117
166
64
120
169
64
117
168
64
118
167
64
118
168
64
119
168
64
117
168
64
119
167
64
118
168
64
118
166
64
118
167
64
120
167
64
118
169
64
120
167
64
117
166
64
120
169
64
116
167
64
119
168
64
117
166
64
120
169
64
118
167
64
118
167
64
118
167
64
119
168
64
116
165
64
119
166
64
118
169
64
119
166
64
117
166
64
120
167
64
117
166
64
119
166
64
118
168
64
119
167
64
117
168
64
120
167
64
117
167
64
119
166
64
118
168
64
120
167
64
118
168
64
121
64
121
64
119
64
120
64
119
64
121
64
123
64
126
64
128
64
129
64
132
64
131
64
134
64
136
64
137
64
138
64
140
64
141
64
142
64
142
64
144
64
145
64
148
64
148
64
149
64
149
64
152
64
153
64
153
64
154
64
155
64
155
64
155
64
158
64
158
64
158
64
160
64
161
64
161
64
162
64
161
64
162
64
162
64
165
64
165
64
164
64
165
64
166
64
166
64
168
64
166
64
168
64
167
64
169
64
64
64
64
64
64
64
169
64
64
64
64
64
64
64
64
64
64
64
64
64
64
64
64
64
64
64
64
64
64
64
64
64
64
64
64
64
64
64
64
64
64
64
64
64
64
64
64
64
64
64
64
64
64
64
64
64
64
64
64
64
64
64
64
64
64
64
64
64
64
64
64
64
64
64
64
64
64
64
64
64
64
64
64
64
64
64
169
64
64
169
64
64
64
169
64
64
64
64
64
64
64
64
169
64
169
64
168
64
169
64
169
64
168
64
64
169
64
169
64
168
64
167
64
167
64
169
64
168
64
167
64
168
64
168
64
169
64
168
64
169
64
169
64
169
64
167
64
169
64
167
64
169
64
166
64
166
64
168
64
167
64
168
64
168
64
167
64
166
64
168
64
166
64
166
64
167
64
167
64
166
64
166
64
166
64
166
64
168
64
168
64
167
64
167
64
168
64
168
64
167
64
166
64
167
64
168
64
166
64
168
64
167
64
166
64
167
64
165
64
167
64
166
64
167
64
167
64
167
64
167
64
166
64
166
64
167
64
165
64
167
64
165
64
167
64
165
64
166
64
166
64
165
64
165
64
167
64
167
64
165
64
165
64
165
64
167
64
167
64
165
64
167
64
165
64
167
64
166
64
165
64
165
64
165
64
166
64
166
64
166
64
166
64
167
64
165
64
166
64
167
64
166
64
167
64
165
64
165
64
166
64
166
64
167
64
166
64
165
64
167
64
167
64
166
64
165
64
166
64
165
64
166
64
165
64
165
64
166
64
165
64
167
64
165
64
165
64
167
64
167
64
166
64
165
64
165
64
165
64
166
64
167
64
167
64
167
64
167
64
167
64
166
64
167
64
167
64
167
64
166
64
166
64
167
64
167
64
166
64
167
64
167
64
166
64
165
64
165
64
166
64
166
64
165
64
167
64
165
64
166
64
166
64
167
64
165
64
167
64
166
64
167
64
165
64
167
64
166
64
167
64
165
64
165
64
167
64
166
64
166
64
167
64
165
64
167
64
166
64
166
64
166
64
165
64
167
64
166
64
167
64
167
64
166
64
166
64
167
64
166
64
166
64
166
64
165
64
167
64
166
64
166
64
165
64
166
64
167
64
166
64
166
64
166
64
166
64
166
64
167
64
167
64
167
64
167
64
166
64
165
64
165
64
166
64
165
64
165
64
166
64
167
64
165
64
167
64
165
64
166
64
166
64
165
64
167
64
167
64
166
64
166
64
166
64
167
64
165
64
166
64
167
64
166
64
165
64
167
64
167
64
167
64
167
64
167
64
165
64
166
64
167
64
165
64
165
64
167
64
165
64
166
64
165
64
167
64
166
64
165
64
167
64
166
64
167
64
166
64
165
64
167
64
166
64
167
64
166
64
167
64
166
64
167
64
167
64
166
64
165
64
166
64
165
64
167
64
165
64
165
64
165
64
165
64
167
64
167
64
165
64
167
64
166
64
165
64
167
64
166
64
166
64
166
64
167
64
165
64
165
64
167
64
167
64
166
64
166
64
165
64
165
64
165
64
165
64
167
64
165
64
165
64
166
64
167
64
165
64
165
64
166
64
167
64
167
64
166
64
166
64
165
64
167
64
165
64
167
64
166
64
166
64
167
64
165
64
165
64
167
64
166
64
166
64
165
64
165
64
167
64
165
64
167
64
165
64
165
64
167
64
165
64
165
64
166
64
165
64
165
64
167
64
166
64
167
64
165
64
166
64
167
64
166
64
166
64
167
64
165
64
167
64
165
64
167
64
166
64
165
64
166
64
165
64
167
64
166
64
166
64
166
64
165
64
167
64
165
64
165
64
166
64
167
64
166
64
166
64
167
64
167
64
167
64
166
64
165
64
166
64
166
64
166
64
166
64
167
64
165
64
167
64
167
64
165
64
166
64
166
64
167
64
167
64
165
64
166
64
167
64
166
64
166
64
165
64
166
64
167
64
167
64
166
64
167
64
167
64
167
64
165
64
167
64
166
64
167
64
166
64
167
64
166
64
165
64
166
64
166
64
165
64
166
64
165
64
166
64
167
64
166
64
165
64
166
64
166
64
166
64
165
64
166
