128
129
128
129
129
130
131
131
130
129
128
129
130
129
130
130
130
129
129
128
128
129
129
130
130
131
132
131
130
130
129
128
129
128
128
128
129
128
128
127
128
127
126
126
126
127
127
126
127
126
126
125
124
125
127
127
127
128
128
129
129
128
128
128
129
128
129
128
127
127
127
128
127
126
126
125
126
125
126
127
128
127
126
125
127
128
129
129
128
127
128
129
130
130
130
128
128
128
127
126
127
126
126
127
126
127
126
125
126
125
126
126
125
126
126
125
126
126
127
127
127
126
126
126
127
126
125
124
123
125
125
126
125
126
126
127
126
127
126
126
125
125
125
125
124
124
123
125
124
124
125
124
123
123
123
124
124
123
123
122
122
121
121
121
121
123
125
129
129
131
133
134
135
135
136
138
139
138
138
137
138
139
138
139
143
144
146
147
148
150
150
151
153
154
156
159
161
164
165
165
165
165
165
167
168
64
77
89
100
108
116
124
129
133
141
145
150
153
158
159
162
163
166
169
64
76
87
98
108
120
128
137
143
149
153
157
163
168
64
79
92
105
116
126
136
144
152
158
166
64
79
94
108
118
129
138
146
153
160
167
64
82
98
111
125
136
145
154
163
64
83
98
114
126
138
151
161
169
64
83
100
114
127
140
152
161
169
64
81
99
116
131
143
155
166
64
84
104
119
135
148
160
64
85
104
123
137
152
164
64
85
105
122
139
153
167
64
87
106
124
140
156
64
84
102
123
140
156
169
64
86
108
126
142
156
169
64
86
106
123
141
157
64
87
109
126
143
160
64
87
110
128
146
162
64
89
111
132
151
168
64
88
113
133
150
167
64
89
114
136
153
64
92
114
137
156
64
90
114
135
156
64
91
115
136
156
64
92
117
140
161
64
90
114
137
156
64
92
116
138
159
64
91
114
138
159
64
92
117
137
157
64
92
118
141
160
64
90
115
137
156
64
90
116
138
159
64
91
115
137
156
64
90
115
136
156
64
90
116
139
160
64
94
118
140
161
64
94
120
142
163
64
92
119
144
166
64
94
124
149
64
96
126
152
64
97
127
154
64
97
130
158
64
98
131
160
64
99
132
159
64
98
132
159
64
97
131
160
64
99
131
161
64
99
133
161
64
100
132
160
64
100
131
160
64
99
131
161
64
100
133
161
64
99
131
160
64
98
129
157
64
99
129
156
64
99
131
158
64
97
127
155
64
98
126
150
64
94
125
150
64
94
124
149
64
95
121
145
167
64
94
119
142
165
64
94
120
143
164
64
91
116
138
159
64
91
116
138
159
64
90
115
137
156
64
89
112
136
157
64
90
113
133
153
64
87
112
132
149
166
64
89
113
131
149
165
64
88
111
131
148
163
64
86
108
126
143
158
64
86
108
125
142
159
64
86
107
125
141
157
169
64
85
106
122
139
154
166
64
86
105
122
137
150
163
64
85
104
121
136
152
163
64
85
103
120
135
149
159
64
85
101
118
134
146
158
169
64
85
102
118
133
146
155
165
64
84
102
117
131
146
156
166
64
82
97
113
127
140
152
161
64
83
101
115
128
142
153
162
64
81
99
116
128
141
152
160
168
64
80
97
111
124
136
146
155
164
64
80
96
113
125
139
149
160
169
64
81
97
112
125
138
148
156
167
64
82
100
113
125
137
147
155
165
64
81
97
111
123
135
147
155
165
64
82
99
113
125
137
146
156
165
64
79
96
109
122
133
143
151
162
64
81
97
112
123
137
146
155
164
64
81
98
112
123
135
144
152
162
169
64
80
95
108
122
132
141
151
160
167
64
82
97
110
124
134
144
153
161
64
80
96
110
122
133
143
153
160
169
64
79
95
109
121
133
142
151
160
167
64
81
95
108
121
132
142
154
162
168
64
81
96
112
125
135
146
155
163
64
79
94
108
120
131
142
150
157
167
64
80
96
109
122
134
145
154
163
64
79
94
109
119
133
142
151
159
166
64
83
99
113
125
136
144
153
161
168
64
80
95
109
121
132
141
150
159
167
64
81
97
112
122
134
142
150
158
167
64
82
98
112
126
137
147
156
165
64
81
96
110
123
135
144
153
161
168
64
81
97
110
123
132
144
153
161
64
81
95
109
122
134
145
155
163
64
79
95
109
122
133
144
153
161
168
64
81
98
110
123
135
145
153
161
169
64
81
96
110
122
134
143
151
159
166
64
80
94
108
121
130
142
151
159
168
64
79
94
108
120
132
143
152
160
166
64
80
97
109
122
133
144
153
162
64
83
99
117
131
145
158
64
85
106
122
139
154
168
64
88
107
128
145
161
64
88
110
130
148
164
64
91
112
134
152
169
64
91
113
136
155
64
89
116
138
161
64
93
118
143
163
64
92
119
142
165
64
95
120
147
168
64
92
122
146
169
64
94
123
150
64
96
123
150
64
96
123
150
64
96
123
152
64
98
128
156
64
96
125
151
64
99
128
155
64
99
128
158
64
99
130
158
64
100
131
159
64
98
131
162
64
103
139
64
103
140
64
107
147
64
110
151
64
112
155
64
115
162
64
116
165
64
120
64
121
64
122
64
122
64
125
64
126
64
128
64
128
64
128
64
129
64
129
64
129
64
130
64
130
64
131
64
131
64
131
64
131
64
131
64
131
64
130
64
130
64
131
64
130
64
130
64
130
64
132
64
130
64
131
64
132
64
131
64
129
64
130
64
128
64
128
64
125
64
126
64
127
64
128
64
126
64
124
64
122
64
121
64
120
168
64
117
165
64
116
163
64
114
158
64
112
154
64
110
151
64
107
147
64
106
145
64
105
140
64
103
138
169
64
100
134
163
64
99
131
157
64
97
126
153
64
95
123
148
169
64
94
121
145
164
64
91
116
137
157
64
92
113
134
151
169
64
90
111
132
150
165
64
87
106
124
140
156
167
64
84
105
120
135
148
160
64
83
101
118
131
144
153
162
64
82
97
111
124
136
146
156
162
169
64
80
96
110
121
132
141
148
154
162
165
64
77
92
104
115
123
132
139
146
152
157
161
166
169
64
77
89
100
110
117
125
132
138
141
146
151
156
159
161
161
164
165
166
166
166
168
169
169
64
73
84
91
101
108
115
121
126
130
133
135
139
140
142
144
145
147
150
150
151
153
155
156
158
159
159
159
159
158
159
157
157
158
159
157
157
155
156
155
156
155
157
156
156
155
155
154
153
152
151
149
151
149
149
148
148
147
147
146
147
145
146
144
145
144
144
142
142
141
140
141
142
141
143
143
145
145
145
144
144
144
146
146
145
143
145
144
144
143
144
144
143
143
142
142
143
143
142
142
143
143
144
144
144
142
143
141
140
138
139
140
139
139
139
138
137
137
137
135
135
134
135
134
134
133
134
134
135
133
133
133
134
133
134
134
134
133
133
133
133
134
133
133
133
134
133
133
135
135
134
132
132
131
133
132
133
131
131
130
131
130
131
130
130
130
131
131
131
131
132
133
132
131
132
131
130
129
129
127
127
127
129
128
128
129
129
128
129
127
129
128
127
126
127
127
129
127
127
127
128
129
131
131
131
130
129
130
130
128
128
129
128
127
128
128
130
130
132
131
132
132
133
134
134
132
132
131
131
130
130
128
130
129
130
130
130
131
132
132
132
131
131
131
131
130
130
129
131
129
130
130
130
128
130
129
130
129
129
130
131
130
130
130
131
130
131
131
130
130
129
129
130
129
131
130
131
131
132
131
130
128
130
129
129
130
129
128
129
127
128
127
128
127
129
128
129
129
130
130
131
129
129
127
128
127
129
128
129
128
129
128
128
126
127
126
128
126
126
125
126
124
124
125
127
126
126
126
127
128
127
128
129
130
129
128
129
129
131
131
132
132
131
130
132
131
131
131
132
131
132
132
133
133
134
134
134
133
134
132
133
132
133
133
132
132
133
132
131
131
131
131
133
132
132
132
133
132
133
133
133
131
132
130
130
131
132
131
131
129
131
131
130
128
128
128
129
129
129
129
128
129
129
127
128
127
129
129
130
128
128
128
127
126
127
128
127
127
127
127
128
126
127
126
127
126
126
127
128
129
130
128
128
126
126
127
127
127
127
126
126
127
128
126
127
126
127
127
128
128
127
126
127
127
128
129
129
130
130
130
131
130
131
130
129
128
130
129
130
129
130
130
131
129
129
127
128
128
129
128
128
126
127
127
129
128
130
130
130
129
129
128
129
128
128
128
127
127
128
129
130
129
130
128
127
128
128
127
128
128
129
128
127
127
128
129
129
127
129
128
129
128
128
128
129
130
131
130
130
130
130
129
130
128
129
130
131
131
132
132
133
131
131
129
129
128
129
129
128
129
129
128
129
127
128
127
128
128
129
127
127
125
126
126
127
127
127
126
127
127
129
127
127
126
126
125
127
128
127
126
126
127
128
126
127
127
128
127
128
126
126
127
128
128
128
127
127
126
127
128
129
128
128
128
129
127
128
128
130
130
131
130
131
129
128
129
130
130
129
129
128
128
129
129
130
128
127
126
128
128
129
128
129
130
129
129
129
128
129
130
131
129
129
127
127
128
128
127
127
126
127
127
127
