127
127
128
129
129
129
129
129
130
129
129
128
127
127
127
128
127
126
127
126
128
127
126
125
126
127
126
127
126
127
127
127
126
126
125
124
125
126
127
128
127
127
128
128
129
128
127
128
128
127
126
127
127
127
126
127
127
127
128
129
129
128
129
130
130
129
130
130
130
130
130
131
131
130
129
128
128
129
128
129
128
128
129
128
127
126
125
125
125
124
125
125
124
124
124
123
125
125
125
125
126
126
125
126
126
126
126
126
127
128
128
127
126
125
125
125
126
126
125
125
125
124
124
124
123
123
124
125
126
126
126
126
125
126
127
127
127
126
127
128
127
128
127
128
127
126
127
127
127
127
128
127
126
127
127
128
129
128
128
127
127
128
129
129
129
128
128
127
126
127
127
127
127
128
128
127
128
128
127
128
129
130
130
129
130
129
129
129
128
128
129
127
127
127
128
129
130
131
131
131
131
130
129
129
129
129
128
129
130
128
127
128
128
129
129
129
130
129
130
129
130
131
129
129
129
129
128
128
129
130
130
129
128
128
128
128
127
128
129
129
129
129
130
131
132
132
133
131
130
129
128
127
128
127
128
128
129
128
129
127
127
128
128
129
128
128
129
128
128
127
126
127
127
127
127
126
125
127
128
128
128
127
126
127
127
128
127
128
127
127
127
128
128
127
126
125
125
125
126
126
125
125
126
126
126
125
124
126
126
125
124
124
124
124
125
126
127
128
128
127
127
128
127
126
127
126
127
127
128
127
128
129
128
128
128
127
127
126
126
126
127
128
129
128
127
126
126
127
126
126
125
126
127
128
129
129
129
130
128
128
127
128
128
129
130
129
128
127
128
127
127
127
128
129
128
128
127
127
127
126
125
125
125
126
127
127
127
126
126
126
127
126
127
127
127
126
127
128
129
130
130
128
129
128
127
127
127
126
127
126
125
125
125
125
125
127
126
127
127
127
127
126
127
126
125
125
125
125
124
125
125
124
126
125
125
125
125
125
126
127
126
126
126
128
127
127
126
126
127
126
127
126
126
125
126
125
126
125
125
126
127
128
127
128
128
127
127
126
127
128
127
128
127
126
126
127
128
129
129
129
129
130
129
130
130
131
130
131
130
129
128
127
127
126
126
127
128
129
129
129
128
128
129
128
128
127
128
129
128
128
129
129
129
128
127
127
127
127
127
126
125
126
125
126
125
124
126
126
126
125
126
127
126
127
128
128
127
128
127
126
125
126
127
128
128
129
129
130
130
129
130
129
130
130
130
130
129
129
129
128
129
128
129
128
128
127
127
128
128
127
128
128
127
127
126
125
125
127
127
127
127
127
126
127
128
128
127
127
128
127
127
126
127
127
128
129
128
128
129
128
128
127
126
126
125
125
126
127
126
126
125
124
125
124
123
123
123
125
126
125
126
127
126
127
127
126
125
124
124
125
124
125
127
127
126
126
125
126
126
126
125
126
126
125
127
127
128
128
127
127
127
128
129
130
129
127
126
127
128
129
128
127
127
128
129
128
129
127
127
127
126
126
127
126
125
124
126
126
127
128
127
128
127
128
128
129
130
129
129
128
129
129
128
129
129
128
129
132
134
134
135
136
137
139
140
141
141
141
140
141
140
143
146
148
148
148
149
149
149
148
150
151
155
156
159
161
162
162
161
161
162
163
164
167
169
64
75
86
94
105
114
121
127
133
137
143
148
155
161
165
169
64
80
94
106
116
126
134
144
153
159
167
64
81
95
110
123
132
143
154
162
64
81
100
114
128
139
151
163
64
83
102
116
131
145
158
169
64
85
104
122
138
152
165
64
88
109
128
143
160
64
86
106
128
146
163
64
88
112
131
148
165
64
88
113
134
154
64
92
118
141
163
64
94
119
141
163
64
92
119
143
164
64
95
122
148
64
95
124
150
64
96
127
154
64
97
127
154
64
99
129
159
64
101
135
165
64
102
136
169
64
103
138
64
104
142
64
106
143
64
106
147
64
109
150
64
107
149
64
110
152
64
109
153
64
111
154
64
112
155
64
114
157
64
113
158
64
114
159
64
113
159
64
116
161
64
115
162
64
118
164
64
117
165
64
118
165
64
117
167
64
118
168
64
118
169
64
119
169
64
120
64
120
64
119
64
121
64
121
64
120
64
119
64
121
64
120
64
122
64
121
64
122
64
120
64
121
64
121
64
121
64
121
64
123
64
123
64
122
64
122
64
122
64
124
64
124
64
124
64
124
64
123
64
125
64
123
64
125
64
125
64
124
64
123
64
123
64
123
64
124
64
124
64
124
64
126
64
124
64
125
64
124
64
124
64
124
64
125
64
124
64
126
64
126
64
126
64
125
64
126
64
124
64
126
64
127
64
125
64
127
64
125
64
127
64
126
64
126
64
127
64
126
64
125
64
126
64
127
64
127
64
126
64
126
64
126
64
126
64
126
64
127
64
127
64
127
64
127
64
125
64
127
64
126
64
125
64
126
64
125
64
125
64
127
64
127
64
125
64
126
64
126
64
126
64
127
64
127
64
128
64
128
64
126
64
126
64
127
64
126
64
127
64
128
64
126
64
126
64
128
64
128
64
128
64
126
64
126
64
126
64
126
64
126
64
127
64
126
64
128
64
127
64
128
64
127
64
127
64
127
64
127
64
126
64
126
64
128
64
127
64
127
64
128
64
126
64
128
64
126
64
128
64
126
64
126
64
128
64
128
64
126
64
127
64
127
64
128
64
127
64
128
64
127
64
127
64
126
64
127
64
126
64
126
64
126
64
127
64
127
64
126
64
128
64
126
64
127
64
126
64
127
64
126
64
126
64
126
64
128
64
128
64
126
64
126
64
126
64
126
64
127
64
127
64
127
64
126
64
128
64
126
64
127
64
128
64
127
64
126
64
128
64
126
64
127
64
126
64
126
64
128
64
128
64
128
64
128
64
127
64
126
64
128
64
128
64
127
64
126
64
128
64
128
64
127
64
128
64
127
64
127
64
128
64
128
64
128
64
127
64
127
64
126
64
127
64
126
64
126
64
126
64
127
64
128
64
128
64
126
64
128
64
127
64
127
64
128
64
126
64
126
64
127
64
126
64
128
64
126
64
128
64
128
64
126
64
128
64
127
64
128
64
127
64
126
64
126
64
126
64
128
64
128
64
126
64
126
64
128
64
128
64
127
64
126
64
128
64
128
64
126
64
126
64
126
64
127
64
127
64
127
64
128
64
127
64
128
64
128
64
127
64
126
64
127
64
127
64
126
64
126
64
126
64
127
64
128
64
128
64
127
64
126
64
127
64
126
64
126
64
126
64
126
64
128
64
126
64
127
64
128
64
128
64
128
64
127
64
127
64
126
64
126
64
128
64
126
64
127
64
128
64
128
64
127
64
127
64
128
64
126
64
127
64
128
64
127
64
128
64
126
64
126
64
128
64
127
64
126
64
126
64
127
64
127
64
127
64
128
64
126
64
127
64
128
64
126
64
128
64
128
64
128
64
126
64
128
64
128
64
128
64
128
64
127
64
126
64
128
64
128
64
128
64
126
64
128
64
128
64
126
64
128
64
128
64
128
64
128
64
128
64
127
64
127
64
126
64
126
64
127
64
126
64
126
64
126
64
127
64
126
64
128
64
127
64
126
64
126
64
127
64
128
64
128
64
128
64
126
64
127
64
128
64
127
64
127
64
128
64
126
64
127
64
126
64
127
64
127
64
128
64
127
64
126
64
128
64
126
64
127
64
127
64
128
64
127
64
127
64
127
64
127
64
127
64
128
64
126
64
126
64
128
64
126
64
128
64
128
64
127
64
127
64
128
64
128
64
126
64
127
64
128
64
128
64
126
64
128
64
126
64
127
64
127
64
126
64
128
64
128
64
128
64
126
64
127
64
128
64
126
64
126
64
126
64
128
64
126
64
126
64
128
64
128
64
126
64
128
64
127
64
128
64
128
64
128
64
128
64
127
64
126
64
128
64
127
64
127
64
128
64
127
64
127
64
128
64
127
64
128
64
128
64
128
64
128
64
128
64
128
64
126
64
126
64
128
64
128
64
128
64
126
64
127
64
126
64
126
64
126
64
127
64
128
64
128
64
127
64
128
64
128
64
128
64
127
64
126
64
126
64
128
64
127
64
128
64
126
64
127
64
126
64
127
64
128
64
127
64
128
64
128
64
128
64
126
64
127
64
127
64
127
64
128
64
127
64
128
64
128
64
128
64
127
64
128
64
128
64
128
64
127
64
126
64
127
64
127
64
128
64
126
64
128
64
128
64
127
64
128
64
128
64
126
64
127
64
127
64
128
64
126
64
128
64
127
64
128
64
128
64
127
64
127
64
128
64
128
64
126
64
128
64
128
64
126
64
127
64
128
64
127
64
127
64
126
64
126
64
126
64
128
64
126
64
128
64
126
64
127
64
126
64
126
64
126
64
126
64
127
64
128
64
128
64
127
64
127
64
126
64
128
64
128
64
128
64
127
64
128
64
126
64
127
64
128
64
127
64
126
64
128
64
128
64
128
64
126
64
127
64
126
64
127
64
126
64
128
64
128
64
128
64
128
64
127
64
