129
129
130
131
131
131
132
130
131
132
132
133
131
132
133
133
133
134
132
131
129
130
129
130
131
131
130
130
128
129
128
128
127
126
126
126
127
126
127
127
128
128
128
127
128
127
126
126
126
125
124
125
126
125
126
127
127
127
127
128
129
130
129
129
130
131
132
130
129
130
128
128
128
127
127
127
127
126
125
125
125
124
124
125
124
125
125
125
126
126
126
127
127
127
128
128
127
128
129
129
130
128
129
130
130
129
128
128
127
128
127
126
125
125
126
125
126
125
125
126
126
127
127
127
126
126
126
125
125
125
125
124
126
127
127
127
126
127
127
126
127
127
126
125
127
128
129
130
128
129
128
129
129
129
128
129
128
127
128
131
131
131
132
134
136
136
136
137
136
137
137
137
138
138
137
138
137
137
139
140
141
142
143
144
145
145
145
147
146
146
147
147
146
145
147
148
150
151
151
151
151
153
152
153
154
156
157
156
156
156
157
157
159
160
161
162
163
163
164
165
164
165
166
167
167
167
167
168
168
169
170
169
170
172
173
174
175
175
176
175
175
175
176
176
178
180
179
179
180
180
182
182
184
185
187
186
188
190
190
191
64
76
90
101
110
120
127
134
139
147
152
157
161
167
170
174
178
183
185
187
189
190
191
191
64
79
93
105
115
126
135
144
152
160
165
169
174
178
184
188
64
79
94
108
120
130
140
150
158
164
170
176
182
187
190
64
81
98
113
125
137
147
155
166
174
180
185
191
64
82
99
115
130
142
152
164
172
179
187
64
81
100
115
128
139
151
162
172
182
188
64
82
99
115
131
144
156
167
177
186
64
84
100
119
135
148
159
168
178
188
64
84
104
121
138
150
162
174
186
64
85
103
121
137
153
167
179
190
64
86
106
125
140
155
167
180
189
64
86
106
124
140
154
168
181
64
85
105
124
142
159
173
184
64
86
108
126
143
160
173
187
64
89
112
130
149
164
180
64
89
113
132
149
168
182
64
88
111
133
153
168
183
64
88
112
134
152
171
185
64
89
112
134
153
170
186
64
91
114
135
153
173
189
64
91
117
138
157
176
191
64
90
115
138
159
178
64
93
119
140
159
179
64
90
116
141
162
179
64
91
116
140
161
179
64
93
118
141
161
180
64
93
119
142
163
182
64
91
118
142
162
180
64
92
117
142
163
184
64
91
116
141
162
182
64
92
118
140
160
180
64
94
119
145
167
185
64
92
119
142
164
185
64
93
120
143
165
183
64
94
119
144
164
183
64
93
119
145
166
185
64
94
121
143
164
185
64
94
120
146
168
188
64
95
123
147
169
187
64
93
121
144
165
184
64
93
119
143
164
183
64
92
120
145
167
187
64
93
120
145
168
187
64
92
119
143
165
184
64
95
122
145
168
189
64
94
120
144
167
187
64
94
121
145
167
186
64
94
121
145
168
188
64
93
121
146
167
189
64
93
119
145
169
187
64
93
121
144
166
186
64
95
120
144
166
185
64
94
121
145
168
188
64
95
121
147
170
189
64
95
124
149
169
188
64
93
118
144
165
186
64
95
124
148
168
188
64
94
121
145
169
189
64
95
122
145
167
186
64
94
119
144
167
186
64
94
121
144
165
186
64
93
121
145
166
186
64
95
123
148
168
190
64
94
120
145
166
185
64
93
120
143
166
188
64
93
120
144
165
184
64
94
121
144
166
188
64
94
120
145
168
187
64
93
120
145
167
189
64
94
120
147
168
187
64
94
123
147
170
189
64
95
121
147
168
189
64
94
121
146
169
189
64
93
120
146
169
188
64
95
124
148
170
191
64
94
120
146
168
187
64
93
120
145
165
185
64
94
120
145
166
185
64
93
121
144
167
188
64
93
119
145
168
188
64
95
124
149
171
190
64
94
120
145
167
186
64
93
120
144
164
186
64
95
121
147
169
188
64
94
122
145
168
189
64
94
120
144
165
184
64
94
123
146
167
187
64
95
122
147
171
191
64
94
121
145
166
187
64
93
119
145
167
187
64
95
122
146
169
188
64
95
121
146
167
186
64
95
123
147
168
187
64
93
119
145
166
186
64
94
122
145
168
188
64
94
122
146
167
188
64
95
122
145
166
188
64
94
120
146
169
188
64
93
120
146
166
187
64
93
119
145
169
189
64
94
122
145
168
189
64
93
120
146
169
190
64
94
122
147
169
188
64
95
120
147
169
189
64
93
121
147
167
187
64
93
119
144
167
186
64
95
122
147
170
189
64
93
121
146
168
187
64
93
120
144
164
185
64
94
121
147
169
190
64
95
124
149
170
64
95
122
147
170
191
64
92
120
145
168
189
64
94
120
144
167
188
64
94
123
147
170
189
64
94
120
144
166
188
64
93
122
146
167
186
64
95
121
144
166
185
64
93
120
145
166
185
64
93
119
143
166
185
64
94
123
149
171
190
64
93
120
143
167
189
64
92
119
144
167
185
64
95
122
146
170
189
64
93
121
145
167
186
64
95
123
148
170
190
64
94
122
148
170
189
64
94
122
145
168
188
64
93
121
145
167
187
64
93
120
143
165
185
64
92
119
145
166
186
64
93
119
143
165
185
64
92
121
146
169
188
64
94
122
146
170
191
64
92
121
147
168
187
64
95
123
146
169
188
64
92
121
146
169
189
64
95
123
146
170
191
64
93
121
146
168
188
64
95
123
146
168
188
64
92
119
143
167
186
64
93
119
143
167
187
64
93
120
146
169
188
64
93
120
144
166
188
64
94
121
145
166
187
64
95
122
147
169
188
64
92
120
146
167
188
64
93
120
143
166
186
64
93
120
146
167
187
64
93
120
144
167
188
64
94
122
147
170
188
64
95
121
145
167
188
64
93
121
146
169
187
64
93
120
145
169
189
64
93
121
146
169
189
64
95
123
146
168
188
64
92
119
143
165
185
64
95
123
146
169
190
64
94
123
148
171
190
64
93
120
144
168
189
64
94
122
146
169
189
64
95
121
144
166
185
64
94
123
149
172
190
64
94
120
143
166
186
64
92
121
145
167
188
64
95
123
146
170
190
64
93
122
146
167
187
64
94
121
144
167
186
64
93
120
145
167
188
64
94
121
145
167
188
64
94
123
148
169
187
64
95
122
146
170
190
64
92
121
145
166
185
64
93
121
145
167
186
64
93
120
146
167
186
64
95
121
146
170
189
64
92
119
143
165
184
64
93
120
145
169
189
64
92
120
144
165
186
64
95
123
146
170
190
64
94
123
147
169
189
64
95
122
146
170
190
64
93
120
144
165
184
64
94
120
144
166
186
64
93
120
144
165
185
64
93
121
144
166
186
64
92
119
145
168
188
64
93
119
145
167
187
64
92
119
145
168
188
64
95
122
145
169
189
64
94
122
146
168
187
64
93
120
144
168
189
64
92
119
144
168
187
64
95
121
146
168
189
64
94
121
145
166
185
64
93
120
143
166
186
64
92
121
147
169
189
64
95
121
146
170
190
64
92
120
146
168
187
64
95
121
146
168
187
64
94
121
146
169
189
64
93
119
144
166
187
64
93
121
147
169
188
64
94
122
145
168
188
64
93
121
146
169
189
64
94
120
143
165
187
64
92
121
147
168
186
64
95
121
145
169
189
64
93
120
145
166
186
64
94
120
143
167
187
64
93
121
147
170
188
64
95
122
146
168
189
64
94
123
148
170
190
64
94
121
144
167
186
64
93
120
146
169
188
64
93
121
144
167
188
64
94
123
147
169
187
64
93
121
146
170
191
64
92
120
146
169
189
64
94
122
147
171
190
64
92
121
146
169
188
64
94
120
145
169
188
64
92
121
145
166
185
64
94
121
146
169
189
64
92
120
146
169
188
64
94
120
145
167
187
64
94
122
146
167
186
64
93
121
144
167
187
64
92
120
146
169
190
64
95
121
144
167
186
64
94
122
146
169
187
64
94
121
146
168
188
64
93
120
145
166
185
64
93
120
143
166
186
64
93
121
145
166
186
64
95
122
147
170
189
64
92
120
145
166
186
64
93
119
144
168
189
64
94
122
148
170
189
64
93
119
144
167
188
64
92
120
145
166
187
64
93
119
143
165
185
64
92
121
146
167
187
64
95
123
147
171
191
64
92
121
147
170
188
64
94
121
146
169
190
64
93
120
144
166
187
64
95
123
147
171
64
95
122
147
170
188
64
94
123
146
169
189
64
94
120
146
168
189
64
94
121
145
167
188
64
93
119
143
167
186
64
93
121
145
165
187
64
94
121
147
169
190
64
94
121
144
167
187
64
95
120
146
167
187
64
93
120
145
165
187
64
94
121
145
168
189
64
93
120
144
165
186
64
94
122
148
170
190
64
95
123
147
169
188
64
95
121
146
169
188
64
95
122
147
168
189
64
93
119
145
169
188
64
95
124
147
168
188
64
95
120
147
168
188
64
94
121
144
165
186
64
95
122
147
170
189
64
95
122
145
166
186
64
94
122
146
169
188
64
94
122
147
168
187
64
93
119
143
166
187
64
93
121
146
166
187
64
94
120
145
167
186
64
94
123
148
171
64
94
120
143
165
186
64
92
121
147
169
188
64
93
119
144
167
188
64
93
122
147
169
187
64
93
120
144
167
188
64
93
120
145
167
188
64
94
120
145
169
189
64
93
120
146
167
188
64
93
121
146
170
190
64
94
122
147
169
187
64
95
122
146
170
189
64
92
121
146
169
189
64
95
123
148
170
191
64
92
120
144
165
185
64
95
122
146
170
189
64
94
123
149
170
190
64
95
121
144
168
187
64
93
120
146
169
189
64
93
120
145
167
187
64
94
122
148
169
188
64
95
122
146
169
188
64
92
121
146
169
187
64
94
120
143
167
188
64
93
122
148
169
189
64
95
121
144
167
187
64
93
122
147
169
188
64
94
122
146
168
189
64
92
121
147
168
187
64
93
119
144
167
187
64
94
121
146
167
186
64
93
120
145
167
188
64
94
122
146
167
185
64
94
120
144
166
188
64
92
120
144
167
187
64
94
121
144
168
189
64
92
120
144
165
184
64
95
123
146
169
189
64
94
123
149
171
189
64
93
120
145
168
188
64
92
119
143
166
185
64
94
121
145
168
188
64
93
120
145
168
187
64
94
122
146
169
189
64
92
121
146
168
188
64
95
121
146
168
189
64
93
122
147
168
186
64
95
121
145
168
189
64
92
121
146
167
188
64
94
120
145
167
186
64
93
121
146
168
188
64
95
121
144
166
185
64
92
119
143
167
187
64
93
120
144
167
189
64
93
122
146
168
186
64
93
119
145
166
188
64
92
119
144
168
188
64
93
120
144
167
188
64
93
122
146
168
186
64
95
121
144
166
187
64
93
120
146
169
188
64
94
120
145
167
186
64
93
120
144
166
185
64
93
119
145
167
189
64
94
121
146
167
185
64
95
122
146
170
190
64
94
123
148
169
188
64
93
119
143
165
186
64
93
122
147
170
188
64
94
121
146
169
190
64
92
119
144
166
186
64
94
122
146
168
187
64
94
121
147
168
186
64
95
122
146
169
189
64
93
120
146
169
188
64
94
120
143
166
188
64
93
122
147
170
188
64
93
121
144
168
188
64
93
121
147
170
190
64
95
123
148
172
190
64
93
121
145
167
188
64
95
123
146
170
190
64
94
121
146
169
189
64
95
121
145
168
187
64
93
122
146
167
187
64
95
122
145
168
189
64
94
122
146
168
188
64
93
119
143
165
184
64
94
121
146
167
185
64
94
122
147
171
64
93
120
146
168
187
64
94
122
146
167
189
64
93
121
147
169
190
64
95
124
148
169
190
64
95
121
148
170
190
64
93
121
147
169
188
64
93
119
143
165
184
64
93
122
145
167
187
64
94
120
144
167
187
64
94
122
146
167
189
64
93
120
144
166
186
64
93
121
146
167
188
64
95
120
145
168
188
64
93
120
144
165
185
64
93
120
145
168
188
64
95
123
146
168
187
64
95
122
148
171
189
64
95
123
146
168
189
64
95
122
149
171
189
64
94
122
147
168
188
64
95
121
147
170
190
64
95
122
146
167
187
64
94
122
146
167
188
64
94
122
147
169
190
64
93
120
144
166
186
64
95
122
145
167
187
64
94
120
144
166
185
64
94
123
146
167
187
64
94
120
144
167
188
64
93
120
144
164
185
64
93
120
146
169
190
64
95
122
146
168
188
64
93
121
147
170
191
64
95
123
147
168
188
64
93
119
143
165
186
64
94
122
146
168
187
64
94
121
146
167
188
64
95
124
147
168
187
64
95
121
146
167
188
64
93
121
146
167
187
64
94
121
147
168
189
64
95
124
148
168
189
64
95
120
146
167
187
64
94
121
145
166
187
64
95
120
147
169
189
64
94
123
147
168
187
64
93
120
145
167
187
64
94
122
146
168
187
64
94
122
147
169
188
64
94
123
146
169
189
64
93
121
146
167
188
64
93
120
145
166
187
64
94
121
145
166
185
64
94
122
146
169
188
64
95
120
145
166
185
64
95
123
147
168
187
64
94
120
146
169
189
64
95
123
148
170
191
64
93
120
146
167
187
64
95
124
148
170
190
64
93
120
144
168
187
64
95
122
145
168
187
64
93
121
146
169
189
64
94
123
148
171
191
64
94
121
145
166
186
64
94
122
145
166
186
64
94
121
146
167
188
64
93
120
145
166
188
64
95
120
146
169
188
64
95
124
148
169
190
64
94
120
145
168
188
64
94
122
146
169
189
64
95
122
147
169
188
64
94
121
144
167
189
64
95
122
148
169
188
64
94
121
144
166
187
64
93
119
144
167
187
64
95
123
146
167
186
64
93
121
146
167
186
64
94
121
144
165
187
64
94
120
146
167
188
64
95
124
148
168
189
64
95
120
146
167
188
64
95
122
147
168
187
64
93
119
143
167
187
64
95
122
147
168
189
64
93
119
143
166
186
64
94
121
146
167
189
64
95
122
149
170
188
64
94
121
145
168
189
64
93
120
144
168
186
64
93
122
147
168
188
64
94
121
145
166
186
64
93
121
147
169
188
64
93
121
147
169
188
64
95
123
146
167
188
64
94
120
146
168
189
64
93
122
145
166
187
64
93
121
147
170
189
64
95
122
146
169
190
64
95
122
147
168
189
64
95
124
149
171
64
94
120
145
169
190
64
92
119
143
167
185
64
93
119
144
167
187
64
92
120
144
167
188
64
95
123
146
170
189
64
92
120
145
166
186
64
93
119
143
166
185
64
93
122
148
170
189
64
93
121
146
169
188
64
94
122
147
169
