127
128
128
129
128
128
127
127
126
125
125
125
125
125
126
125
125
124
124
126
128
129
131
132
133
135
136
135
136
138
139
140
139
139
138
140
141
143
145
146
146
148
150
149
149
149
150
151
150
151
152
153
153
154
155
156
158
159
160
159
161
162
164
164
167
168
169
170
171
173
172
172
172
174
176
177
177
178
179
180
180
180
179
179
180
183
184
186
187
187
187
188
187
188
190
64
76
89
99
110
119
126
133
142
147
154
158
161
166
168
170
176
180
184
186
188
189
191
64
78
92
103
113
123
133
142
152
159
164
169
174
179
182
187
191
64
80
95
106
117
128
139
149
158
165
171
178
183
188
64
79
93
108
121
134
145
154
163
173
181
188
64
81
96
110
125
136
147
157
166
175
183
189
64
81
100
116
130
141
153
164
173
181
189
64
83
102
119
133
145
158
170
181
190
64
86
105
121
137
150
164
174
185
64
84
103
119
134
148
162
175
185
64
85
106
125
139
156
170
181
190
64
88
109
126
143
160
175
187
64
87
108
127
144
160
176
188
64
88
110
129
148
164
180
191
64
90
113
132
150
168
183
64
91
113
134
152
170
186
64
88
112
136
155
174
191
64
92
117
139
159
178
64
91
117
139
161
180
64
91
115
137
157
177
64
90
116
142
165
187
64
94
122
146
168
188
64
93
123
150
173
64
94
123
151
177
64
98
128
154
179
64
97
129
158
182
64
99
130
160
187
64
100
133
162
189
64
100
133
162
187
64
100
134
166
64
99
134
166
64
102
135
164
64
99
133
164
64
100
136
166
64
101
135
166
64
102
134
167
64
103
138
169
64
102
136
167
64
103
138
171
64
102
138
171
64
104
140
170
64
104
140
174
64
102
138
171
64
104
141
175
64
105
141
175
64
104
141
175
64
105
141
173
64
104
139
172
64
102
141
176
64
105
142
175
64
104
140
175
64
105
144
177
64
106
142
173
64
105
144
178
64
106
145
179
64
106
146
180
64
106
143
178
64
106
146
182
64
107
145
182
64
105
145
182
64
107
146
184
64
108
147
185
64
111
153
64
109
152
189
64
111
157
64
112
156
64
113
158
64
114
161
64
113
160
64
114
161
64
116
165
64
117
165
64
117
167
64
117
165
64
118
170
64
120
170
64
119
172
64
122
174
64
120
171
64
122
174
64
120
172
64
124
175
64
121
174
64
124
178
64
124
177
64
125
180
64
124
180
64
126
181
64
124
181
64
126
182
64
126
184
64
128
185
64
125
183
64
127
184
64
127
186
64
130
187
64
127
186
64
131
190
64
128
186
64
130
190
64
129
189
64
129
189
64
129
187
64
130
188
64
129
187
64
131
189
64
130
190
64
131
190
64
130
189
64
130
188
64
127
186
64
129
186
64
128
187
64
130
188
64
127
184
64
129
185
64
127
185
64
127
185
64
127
184
64
127
184
64
126
182
64
126
182
64
126
181
64
124
179
64
124
179
64
126
178
64
123
178
64
125
179
64
121
175
64
125
177
64
122
175
64
123
176
64
121
174
64
121
173
64
121
176
64
123
175
64
120
173
64
121
172
64
120
173
64
121
171
64
118
170
64
121
172
64
119
168
64
119
169
64
118
168
64
119
167
64
118
169
64
119
167
64
117
167
64
119
171
64
119
169
64
119
167
64
117
167
64
121
171
64
120
170
64
122
172
64
119
169
64
121
171
64
121
172
64
120
171
64
119
170
64
122
173
64
119
170
64
122
173
64
119
171
64
120
171
64
120
173
64
122
171
64
120
172
64
122
173
64
118
169
64
120
172
64
119
170
64
120
170
64
120
173
64
120
171
64
119
170
64
121
173
64
120
172
64
122
175
64
120
173
64
122
172
64
121
174
64
120
169
64
120
171
64
120
171
64
119
171
64
122
173
64
119
172
64
121
172
64
122
173
64
121
171
64
119
171
64
123
174
64
120
171
64
121
171
64
121
171
64
121
170
64
122
175
64
121
172
64
120
175
64
122
173
64
121
173
64
124
176
64
120
171
64
120
170
64
121
172
64
121
170
64
120
173
64
122
174
64
119
171
64
121
171
64
120
170
64
120
170
64
121
174
64
121
171
64
118
171
64
121
172
64
118
168
64
120
171
64
120
172
64
120
171
64
120
173
64
120
170
64
118
172
64
122
174
64
119
171
64
123
175
64
121
174
64
122
171
64
121
174
64
121
171
64
119
172
64
122
172
64
121
171
64
122
172
64
119
172
64
121
172
64
122
174
64
120
171
64
118
170
64
120
171
64
119
169
64
121
171
64
121
173
64
120
172
64
122
175
64
120
171
64
119
172
64
123
175
64
119
172
64
123
175
64
121
173
64
120
170
64
120
173
64
121
172
64
120
174
64
120
171
64
120
171
64
123
173
64
120
170
64
121
171
64
119
171
64
119
171
64
118
171
64
122
173
64
118
168
64
121
173
64
121
172
64
119
169
64
121
171
64
120
169
64
119
171
64
120
170
64
119
171
64
122
174
64
120
172
64
120
169
64
121
172
64
122
173
64
118
170
64
121
171
64
121
170
64
120
172
64
121
171
64
120
169
64
119
171
64
119
169
64
120
173
64
122
172
64
120
170
64
121
172
64
120
172
64
120
170
64
119
171
64
120
169
64
119
171
64
122
171
64
120
171
64
122
174
64
121
172
64
120
171
64
120
173
64
121
171
64
118
169
64
120
171
64
118
168
64
120
171
64
121
172
64
119
169
64
121
171
64
119
171
64
120
172
64
122
173
64
120
171
64
121
172
64
120
170
64
119
170
64
121
171
64
121
171
64
118
170
64
120
171
64
118
168
64
121
173
64
120
171
64
120
169
64
120
173
64
119
170
64
119
172
64
120
170
64
120
171
64
120
171
64
121
173
64
121
169
64
121
172
64
119
168
64
118
169
64
122
173
64
120
169
64
122
173
64
121
173
64
119
170
64
119
172
64
119
168
64
119
170
64
122
174
64
121
170
64
122
174
64
121
172
64
120
170
64
122
173
64
122
172
64
118
170
64
121
171
64
121
172
64
122
173
64
120
173
64
121
170
64
122
174
64
122
172
64
119
171
64
122
172
64
120
172
64
121
173
64
121
172
64
119
169
64
121
174
64
120
170
64
121
174
64
123
173
64
121
172
64
123
176
64
121
172
64
121
172
64
120
173
64
122
171
64
119
171
64
120
170
64
120
172
64
122
172
64
120
172
64
119
169
64
119
172
64
122
171
64
119
173
64
122
174
64
119
171
64
123
175
64
122
174
64
121
171
64
122
173
64
121
172
64
121
172
64
121
173
64
119
171
64
121
172
64
121
174
64
121
170
64
122
173
64
122
172
64
119
172
64
120
170
64
118
169
64
123
175
64
119
169
64
120
171
64
121
173
64
120
170
64
118
172
64
122
174
64
119
170
64
123
174
64
119
171
64
119
170
64
121
174
64
120
169
64
119
172
64
120
169
64
120
170
64
120
170
64
118
170
64
119
169
64
120
172
64
119
168
64
118
167
64
121
170
64
118
169
64
119
168
64
118
168
64
121
169
64
120
170
64
120
169
64
119
168
64
120
172
64
121
171
64
121
171
64
119
170
64
120
171
64
118
169
64
120
171
64
118
168
64
123
173
64
119
170
64
121
172
64
120
171
64
120
171
64
119
173
64
120
171
64
120
172
64
123
175
64
122
175
64
122
172
64
120
173
64
121
172
64
119
171
64
122
172
64
120
171
64
121
171
64
122
174
64
122
172
64
121
173
64
120
170
64
119
171
64
122
172
64
121
172
64
121
173
64
120
172
64
120
171
64
121
175
64
121
171
64
119
173
64
122
174
64
120
173
64
122
175
64
121
174
64
120
170
64
122
176
64
121
172
64
121
173
64
121
173
64
121
171
64
121
174
64
120
173
64
121
170
64
120
173
64
121
173
64
120
171
64
122
174
64
119
169
64
122
173
64
119
172
64
121
172
64
121
174
64
120
170
64
118
170
64
121
173
64
120
172
64
123
174
64
119
172
64
119
168
64
120
173
64
121
172
64
117
168
64
119
169
64
120
171
64
120
171
64
120
171
64
121
170
64
119
170
64
120
169
64
117
169
64
122
173
64
118
169
64
121
173
64
119
172
64
119
169
64
121
174
64
120
169
64
120
170
64
120
169
64
119
169
64
119
171
64
120
170
64
119
168
64
121
173
64
120
171
64
120
170
64
120
171
64
119
169
64
121
173
64
120
170
64
119
170
64
119
170
64
120
169
64
120
171
64
120
172
64
120
170
64
121
170
64
121
173
64
121
170
64
119
173
64
122
173
64
120
171
64
123
175
64
120
170
64
119
168
64
119
170
64
122
171
64
118
173
64
122
173
64
121
172
64
121
174
64
120
171
64
120
170
64
119
170
64
121
171
64
120
173
64
122
173
64
120
170
64
121
171
64
119
172
64
121
170
64
121
173
64
120
169
64
117
169
64
120
169
64
119
170
64
119
170
64
121
173
64
121
170
64
120
171
64
121
170
64
120
169
64
120
169
64
119
169
64
119
170
64
119
172
64
121
172
64
120
170
64
120
172
64
120
170
64
121
172
64
122
173
64
120
171
64
121
174
64
122
172
64
120
172
64
122
173
64
120
171
64
120
170
64
120
174
64
120
171
64
119
170
64
121
173
64
121
172
64
122
173
64
119
171
64
122
171
64
121
174
64
123
173
64
119
173
64
121
171
64
119
170
64
123
174
64
122
173
64
122
172
64
120
173
64
121
171
64
118
171
64
120
172
64
120
170
64
123
174
64
120
173
64
121
170
64
121
174
64
121
172
64
118
169
64
122
171
64
120
172
64
123
173
64
121
171
64
119
170
64
120
173
64
121
170
64
120
174
64
120
171
64
121
172
64
121
171
64
120
172
64
121
171
64
122
174
64
121
173
64
118
172
64
120
172
64
119
169
64
121
172
64
119
171
64
119
168
64
121
174
64
121
170
64
118
172
64
122
172
64
118
169
64
122
172
64
121
172
64
119
168
64
121
172
64
122
171
64
120
174
64
121
172
64
120
170
64
122
174
64
120
171
64
121
170
64
120
173
64
119
169
64
120
173
64
120
172
64
121
173
64
123
174
64
120
173
64
121
170
64
120
173
64
119
170
64
120
171
64
122
171
64
121
173
64
123
172
64
121
172
64
119
168
64
121
174
64
122
172
64
119
170
64
121
171
64
120
172
64
122
174
64
119
172
64
121
170
64
121
173
64
122
173
64
120
173
64
120
171
64
120
171
64
122
173
64
119
169
64
121
171
64
121
172
64
119
170
64
117
168
64
121
171
64
119
169
64
119
171
64
119
170
64
120
169
64
119
172
64
122
173
64
120
171
64
122
174
64
121
171
64
120
171
64
121
172
64
122
174
64
121
174
64
121
171
64
121
173
64
122
173
64
120
172
64
120
171
64
119
170
64
119
168
64
120
172
64
122
174
64
118
168
64
121
172
64
119
171
64
121
172
64
121
173
64
120
171
64
123
174
64
121
172
64
119
170
64
123
174
64
119
171
64
121
172
64
119
170
64
119
170
64
121
174
64
120
169
64
118
168
64
120
169
64
119
169
64
120
172
64
119
171
64
121
170
64
117
168
64
121
170
64
118
168
64
120
172
64
119
170
64
121
170
64
122
174
64
122
172
64
120
172
64
120
171
64
120
170
64
119
169
64
121
173
64
120
169
64
122
174
64
122
172
64
118
169
64
122
172
64
120
172
64
118
169
64
121
174
64
121
172
64
121
175
64
120
171
64
120
170
64
120
172
64
120
172
64
121
172
64
120
173
64
122
172
64
121
173
64
121
172
64
121
173
64
122
172
64
120
171
64
119
169
64
120
171
64
121
171
64
120
172
64
121
172
64
119
171
64
122
174
64
119
169
64
119
169
64
120
173
64
120
172
64
121
173
64
123
175
64
119
171
64
123
174
64
119
172
64
119
171
64
120
173
64
121
171
64
120
171
64
121
173
64
120
172
64
121
172
64
121
173
64
121
170
64
120
174
64
122
172
64
119
173
64
122
174
64
119
170
64
121
172
64
121
174
64
121
171
64
120
174
64
123
174
64
122
176
64
121
173
64
119
172
64
121
173
64
119
170
64
121
172
64
119
170
64
119
168
64
120
172
64
120
169
64
119
169
64
122
172
64
119
170
64
121
172
64
120
172
64
119
169
64
120
172
64
121
171
64
118
169
64
120
171
64
119
169
64
121
173
64
120
170
64
121
169
64
119
172
64
120
170
64
119
170
64
118
170
64
120
172
64
120
171
64
121
174
64
122
173
64
120
170
64
122
173
64
121
171
64
121
172
64
120
171
64
121
170
64
122
172
64
121
170
64
118
167
64
122
172
64
119
170
64
119
172
64
120
172
64
121
171
64
119
170
64
121
171
64
119
170
64
123
174
64
119
169
64
120
173
64
120
172
64
122
173
64
121
175
64
123
174
64
120
170
64
123
174
64
121
173
64
121
172
64
121
173
64
121
170
64
121
174
64
121
171
64
119
171
64
123
174
64
119
170
64
119
170
64
120
173
64
121
172
64
121
173
64
120
170
64
120
172
64
121
174
64
121
173
64
122
174
64
121
173
64
121
173
64
121
175
64
121
172
64
119
171
64
121
172
64
119
170
64
122
173
64
120
173
64
121
172
64
122
176
64
122
175
64
119
174
64
121
172
64
122
173
64
121
173
64
120
173
64
121
170
64
122
173
64
122
173
64
118
171
64
120
170
64
118
169
64
119
169
64
121
172
64
120
170
64
120
171
64
121
170
64
118
168
64
121
172
64
121
173
64
119
172
64
120
171
64
122
172
64
121
173
64
120
172
64
120
171
64
122
173
64
120
170
64
119
170
64
119
169
64
119
169
64
119
171
64
121
172
64
119
169
64
120
171
64
119
171
64
121
172
64
119
171
64
120
170
64
122
174
64
122
173
64
120
172
64
121
172
64
121
172
64
120
172
64
121
174
64
120
170
64
121
172
64
121
172
64
120
172
64
122
172
64
120
172
64
121
172
64
122
173
64
122
171
64
122
176
64
121
173
64
121
172
64
121
172
64
121
173
64
119
171
64
121
173
64
121
170
64
122
173
64
121
172
64
118
168
64
121
173
64
119
171
64
119
170
64
120
172
64
121
172
64
122
174
64
121
170
64
119
170
64
120
172
64
120
170
64
121
169
64
121
174
64
120
171
64
120
172
64
120
170
64
118
170
64
122
172
64
119
171
64
121
172
64
120
173
64
120
170
64
120
174
64
121
172
64
120
170
64
122
173
64
119
172
64
121
171
64
120
172
64
121
171
64
120
174
64
120
173
64
121
173
64
122
172
64
120
171
64
121
170
64
122
173
64
122
173
64
120
172
64
120
172
64
120
171
64
122
174
64
121
174
64
120
170
64
122
175
64
122
173
64
121
175
64
121
174
64
120
171
64
122
175
64
121
172
64
122
173
64
122
173
64
122
173
64
120
172
64
121
173
64
121
171
64
121
172
64
120
171
64
120
171
64
122
173
64
121
170
64
120
172
64
120
171
64
119
171
64
121
171
64
120
170
64
120
169
64
121
173
64
121
170
64
118
172
64
120
170
64
120
171
64
122
173
64
120
170
64
121
169
64
119
172
64
119
171
64
120
173
64
120
172
64
118
168
64
122
172
64
118
168
64
121
171
64
121
173
64
120
171
64
118
169
64
122
171
64
118
169
64
120
171
64
119
169
64
121
172
64
122
174
64
122
173
64
120
173
64
122
174
64
121
173
64
123
175
64
121
173
64
122
173
64
120
174
64
122
173
64
119
173
64
123
174
64
121
174
64
122
174
64
122
174
64
121
170
64
122
173
64
122
172
64
120
173
64
121
173
64
120
172
64
123
174
64
121
171
64
120
170
64
122
174
64
121
171
64
120
173
64
122
174
64
121
172
64
123
174
64
121
173
64
119
171
64
121
174
64
121
171
64
119
172
64
120
170
64
121
172
64
120
172
64
119
171
64
120
170
64
121
174
64
122
172
64
121
173
64
121
172
64
121
172
64
121
172
64
122
176
64
120
170
64
123
174
64
122
173
64
119
172
64
122
172
64
122
172
64
121
172
64
122
174
64
120
172
64
123
175
64
122
174
64
120
173
64
122
174
64
121
172
64
121
172
64
120
171
64
122
172
64
120
172
64
121
172
64
118
168
64
121
173
64
120
172
64
121
172
64
121
174
64
122
171
64
121
174
64
121
171
64
118
170
64
122
173
64
120
172
64
120
170
64
120
170
64
119
167
64
119
171
64
120
170
64
120
171
64
120
171
64
119
170
64
120
172
64
120
171
64
120
171
64
122
174
64
120
170
64
119
171
64
123
174
64
121
174
64
120
172
64
121
173
64
121
170
64
121
173
64
122
171
64
119
170
64
120
170
64
121
173
64
120
172
64
121
173
64
120
171
64
122
174
64
122
171
64
120
170
64
121
171
64
119
171
64
120
171
64
120
170
64
120
169
64
121
173
64
121
172
64
119
169
64
120
170
64
120
171
64
119
171
64
120
173
64
121
171
64
121
175
64
122
171
64
120
171
64
122
175
64
121
174
64
120
173
64
122
174
64
122
174
64
122
175
64
122
172
64
122
174
64
121
172
64
120
172
64
123
175
64
122
176
64
120
172
64
120
173
64
121
171
64
121
174
64
122
174
64
121
174
64
122
173
64
120
173
64
120
170
64
121
173
64
120
171
64
121
174
64
121
172
64
120
171
64
123
175
64
120
173
64
122
171
64
120
172
64
122
172
64
120
172
64
122
174
64
121
171
64
123
174
64
120
172
64
122
173
64
120
173
64
120
172
64
119
172
64
122
173
64
118
170
64
121
172
64
120
170
64
119
170
64
119
170
64
121
172
64
118
171
64
122
173
64
120
172
64
120
171
64
119
169
64
119
169
64
120
173
64
120
171
64
117
168
64
120
170
64
118
169
64
120
170
64
120
171
64
119
168
64
120
172
64
120
171
64
118
171
64
122
171
64
118
168
64
122
172
64
121
173
64
120
169
64
120
172
64
121
172
64
120
174
64
122
173
64
120
170
64
121
172
64
119
171
64
121
171
64
122
175
64
120
171
64
119
171
64
122
173
64
120
171
64
120
170
64
118
171
64
120
169
64
121
173
64
120
170
64
120
174
64
122
174
64
119
171
64
121
173
64
120
171
64
121
170
64
121
173
64
119
169
64
117
170
64
121
172
64
120
169
64
122
173
64
120
170
64
121
171
64
120
173
64
120
169
64
118
170
64
121
172
64
119
168
64
119
169
64
121
172
64
120
171
64
120
171
64
121
172
64
120
170
64
122
174
64
119
170
64
121
174
64
122
173
64
122
173
64
120
172
64
120
172
64
119
171
64
121
172
64
120
173
64
121
174
64
122
174
64
121
172
64
121
174
64
121
173
64
121
172
64
123
175
64
120
173
64
121
172
64
122
172
64
121
171
64
121
174
64
121
172
64
119
170
64
