128
128
128
127
128
128
129
128
127
128
128
127
127
128
127
128
128
128
127
127
128
128
129
129
130
128
128
129
130
129
130
130
130
130
131
129
129
129
128
129
128
127
128
129
129
128
129
129
129
129
128
128
129
129
130
129
130
129
130
131
129
130
130
129
128
128
127
127
126
127
126
127
126
127
128
127
126
125
126
125
125
124
125
125
125
125
128
130
132
133
133
134
135
134
135
135
135
136
136
136
136
139
139
143
147
149
150
151
151
154
156
156
155
156
157
157
158
159
160
162
166
169
64
77
86
97
106
114
122
129
135
141
148
152
159
164
168
64
80
93
105
115
124
134
145
154
162
168
64
79
95
109
122
136
146
155
165
64
84
102
118
132
146
157
167
64
85
103
120
133
145
159
64
87
106
124
141
157
64
86
106
126
143
159
64
86
109
127
148
166
64
88
110
133
153
169
64
88
112
133
155
64
93
120
143
163
64
94
121
144
166
64
94
121
146
64
96
124
153
64
97
126
154
64
96
126
154
64
97
129
159
64
99
131
161
64
99
131
160
64
102
136
166
64
102
137
167
64
101
137
169
64
101
135
169
64
102
139
64
104
141
64
103
141
64
105
144
64
108
148
64
106
146
64
108
148
64
109
150
64
111
153
64
110
153
64
111
155
64
113
157
64
112
157
64
111
157
64
114
160
64
115
163
64
115
164
64
116
163
64
115
162
64
117
165
64
116
165
64
116
166
64
116
166
64
117
167
64
118
168
64
119
64
120
64
122
64
121
64
121
64
121
64
121
64
121
64
124
64
122
64
124
64
125
64
125
64
126
64
126
64
127
64
126
64
127
64
131
64
130
64
129
64
132
64
131
64
133
64
132
64
133
64
135
64
136
64
133
64
134
64
135
64
134
64
136
64
138
64
137
64
139
64
138
64
137
64
140
64
139
64
138
64
141
64
139
64
139
64
141
64
140
64
141
64
141
64
142
64
140
64
143
64
142
64
142
64
143
64
142
64
143
64
143
64
145
64
143
64
145
64
145
64
144
64
143
64
144
64
145
64
144
64
147
64
144
64
144
64
147
64
145
64
145
64
147
64
144
64
147
64
146
64
147
64
147
64
146
64
147
64
147
64
148
64
146
64
146
64
146
64
147
64
148
64
149
64
146
64
146
64
148
64
146
64
147
64
148
64
146
64
148
64
147
64
148
64
149
64
149
64
148
64
147
64
150
64
147
64
148
64
149
64
148
64
149
64
149
64
147
64
148
64
149
64
148
64
148
64
150
64
148
64
150
64
148
64
147
64
148
64
149
64
147
64
150
64
150
64
147
64
149
64
148
64
149
64
149
64
149
64
148
64
150
64
148
64
148
64
150
64
149
64
148
64
148
64
151
64
149
64
148
64
151
64
150
64
150
64
150
64
148
64
149
64
150
64
150
64
150
64
149
64
149
64
149
64
149
64
149
64
150
64
150
64
150
64
148
64
150
64
150
64
149
64
149
64
150
64
149
64
151
64
148
64
148
64
151
64
149
64
149
64
150
64
148
64
149
64
150
64
149
64
149
64
149
64
149
64
149
64
150
64
150
64
150
64
150
64
148
64
150
64
150
64
149
64
150
64
150
64
150
64
150
64
149
64
148
64
148
64
149
64
148
64
150
64
150
64
149
64
148
64
151
64
150
64
150
64
150
64
149
64
149
64
150
64
150
64
149
64
150
64
150
64
149
64
151
64
148
64
149
64
149
64
149
64
148
64
149
64
148
64
150
64
150
64
149
64
149
64
149
64
149
64
149
64
149
64
149
64
148
64
149
64
150
64
148
64
149
64
148
64
149
64
149
64
148
64
151
64
150
64
148
64
149
64
149
64
149
64
150
64
149
64
149
64
150
64
150
64
148
64
149
64
151
64
150
64
150
64
151
64
149
64
150
64
150
64
150
64
150
64
149
64
150
64
150
64
151
64
149
64
151
64
151
64
148
64
151
64
150
64
148
64
150
64
149
64
148
64
150
64
150
64
150
64
149
64
150
64
148
64
149
64
151
64
150
64
150
64
150
64
150
64
151
64
151
64
150
64
149
64
150
64
150
64
150
64
149
64
149
64
149
64
151
64
148
64
149
64
151
64
149
64
149
64
149
64
148
64
149
64
150
64
149
64
151
64
149
64
149
64
151
64
150
64
149
64
150
64
151
64
150
64
151
64
149
64
149
64
149
64
151
64
148
64
151
64
149
64
149
64
151
64
149
64
148
64
151
64
149
64
148
64
150
64
151
64
149
64
151
64
150
64
148
64
151
64
149
64
150
64
149
64
150
64
150
64
150
64
149
64
150
64
149
64
150
64
148
64
151
64
151
64
148
64
149
64
149
64
148
64
150
64
150
64
148
64
150
64
151
64
148
64
151
64
149
64
150
64
149
64
150
64
150
64
150
64
149
64
149
64
151
64
149
64
150
64
150
64
150
64
148
64
149
64
151
64
149
64
150
64
149
64
150
64
151
64
150
64
150
64
151
64
150
64
149
64
151
64
151
64
150
64
151
64
150
64
149
64
149
64
151
64
148
64
150
64
149
64
150
64
150
64
149
64
150
64
150
64
149
64
148
64
149
64
151
64
150
64
151
64
149
64
149
64
150
64
151
64
150
64
149
64
150
64
149
64
151
64
149
64
149
64
149
64
150
64
148
64
151
64
149
64
149
64
151
64
150
64
148
64
149
64
151
64
150
64
151
64
149
64
150
64
150
64
149
64
149
64
151
64
151
64
149
64
151
64
151
64
148
64
150
64
150
64
149
64
149
64
151
64
148
64
151
64
151
64
149
64
150
64
149
64
149
64
150
64
150
64
149
64
150
64
150
64
148
64
149
64
150
64
148
64
151
64
149
64
150
64
150
64
151
64
150
64
151
64
151
64
149
64
149
64
150
64
148
64
150
64
151
64
149
64
150
64
151
64
148
64
150
64
150
64
148
64
149
64
151
64
148
64
151
64
150
64
150
64
150
64
150
64
149
64
150
64
151
64
148
64
151
64
149
64
148
64
151
64
151
64
150
64
149
64
149
64
150
64
149
64
151
64
149
64
151
64
151
64
150
64
149
64
150
64
148
64
149
64
151
64
148
64
150
64
151
64
148
64
149
64
149
64
150
64
150
64
150
64
150
64
151
64
151
64
150
64
150
64
149
64
149
64
151
64
149
64
148
64
150
64
150
64
150
64
149
64
150
64
149
64
151
64
150
64
150
64
150
64
149
64
148
64
150
64
150
64
150
64
149
64
151
64
148
64
150
64
149
64
148
64
151
64
151
64
150
64
151
64
151
64
148
64
151
64
150
64
150
64
149
64
151
64
148
64
149
64
151
64
149
64
149
64
149
64
148
64
149
64
149
64
150
64
149
64
151
64
148
64
151
64
151
64
149
64
149
64
150
64
148
64
150
64
150
64
149
64
150
64
150
64
149
64
150
64
151
64
148
64
150
64
149
64
149
64
150
64
149
64
148
64
151
64
150
64
150
64
151
64
150
64
150
64
151
64
150
64
150
64
149
64
151
64
148
64
151
64
149
64
149
64
150
64
150
64
148
64
150
64
150
64
148
64
149
64
150
64
148
64
151
64
149
64
150
64
149
64
150
64
148
64
151
64
149
64
150
64
150
64
151
64
150
64
150
64
150
64
150
64
149
64
151
64
148
64
150
64
151
64
150
64
151
64
150
64
148
64
150
64
151
64
148
64
150
64
151
64
150
64
149
64
151
64
150
64
151
64
149
64
148
64
150
64
151
64
150
64
150
64
150
64
149
64
149
64
149
64
150
64
150
64
151
64
149
64
151
64
149
64
150
64
150
64
151
64
149
64
151
64
149
64
148
64
151
64
151
64
149
64
151
64
151
64
148
64
149
64
151
64
149
64
150
64
149
64
150
64
151
64
151
64
149
64
150
64
150
64
150
64
151
64
151
64
148
64
150
64
151
64
150
64
149
64
151
64
149
64
151
64
149
64
150
64
149
64
149
64
149
64
150
64
151
64
149
64
150
64
149
64
149
64
150
64
150
64
148
64
150
64
149
64
148
64
149
64
150
64
150
64
149
64
150
64
149
64
149
64
150
64
150
64
149
64
151
64
149
64
149
64
150
64
150
64
151
64
150
64
148
64
149
64
151
64
150
64
150
64
149
64
149
64
150
64
149
64
150
64
149
64
149
64
150
64
150
64
151
64
148
64
151
64
150
64
149
64
151
64
149
64
150
64
151
64
151
64
149
64
150
64
150
64
150
64
150
64
149
64
149
64
150
64
151
64
149
64
151
64
150
64
149
64
149
64
150
64
149
64
149
64
151
64
149
64
149
64
150
64
150
64
150
64
150
64
149
64
149
64
151
64
148
64
151
64
151
64
149
64
151
64
150
64
148
64
149
64
149
64
148
64
150
64
151
64
149
64
151
64
150
64
148
64
151
64
150
64
148
64
151
64
151
64
149
64
150
64
149
64
150
64
150
64
150
64
148
64
151
64
150
64
149
64
149
64
150
64
149
64
149
64
149
64
150
64
149
64
150
64
148
64
151
