129
129
130
129
130
131
129
130
130
129
128
129
128
128
127
126
127
126
126
126
126
126
126
125
126
127
126
127
127
127
127
127
128
127
126
126
126
125
126
127
126
129
129
129
130
131
132
133
134
133
135
137
136
136
138
139
139
142
142
142
144
144
145
144
146
146
146
146
149
152
154
155
156
155
157
157
159
160
162
163
165
167
168
169
168
169
64
75
86
95
104
112
119
124
130
135
140
144
147
151
154
159
162
167
64
78
90
103
114
122
129
138
143
152
159
165
64
77
91
105
117
128
137
145
151
159
165
64
81
94
108
121
132
143
152
160
169
64
82
96
113
127
139
149
157
168
64
82
99
114
128
141
154
164
64
85
103
121
136
151
163
64
84
104
122
138
152
164
64
85
107
124
141
157
64
86
108
127
144
159
64
88
108
129
147
162
64
90
114
134
152
168
64
91
116
137
158
64
91
116
139
159
64
92
117
140
161
64
93
120
145
169
64
95
122
148
64
96
126
150
64
96
124
152
64
95
126
151
64
97
128
155
64
98
128
158
64
99
131
159
64
99
131
160
64
99
132
163
64
99
133
162
64
102
137
168
64
102
136
64
105
141
64
104
141
64
107
144
64
107
145
64
110
150
64
109
150
64
110
150
64
109
152
64
113
154
64
111
156
64
113
156
64
113
159
64
115
161
64
114
159
64
117
165
64
116
165
64
115
161
64
116
166
64
118
165
64
117
167
64
118
168
64
119
169
64
118
169
64
121
64
120
64
119
64
121
64
120
64
122
64
121
64
123
64
121
64
122
64
121
64
124
64
122
64
122
64
125
64
123
64
124
64
124
64
124
64
124
64
124
64
127
64
125
64
124
64
126
64
125
64
125
64
127
64
127
64
127
64
125
64
128
64
126
64
127
64
129
64
129
64
128
64
128
64
127
64
127
64
129
64
129
64
129
64
128
64
130
64
128
64
130
64
130
64
129
64
129
64
131
64
130
64
129
64
130
64
131
64
129
64
132
64
129
64
130
64
132
64
132
64
131
64
132
64
132
64
132
64
129
64
132
64
132
64
129
64
132
64
132
64
131
64
132
64
132
64
131
64
131
64
131
64
132
64
132
64
133
64
130
64
130
64
133
64
131
64
131
64
132
64
133
64
132
64
130
64
133
64
130
64
132
64
131
64
133
64
130
64
132
64
132
64
131
64
131
64
132
64
133
64
130
64
133
64
132
64
132
64
133
64
132
64
132
64
132
64
132
64
133
64
131
64
133
64
133
64
132
64
131
64
131
64
133
64
131
64
131
64
132
64
131
64
133
64
132
64
131
64
131
64
133
64
132
64
132
64
133
64
131
64
131
64
131
64
131
64
131
64
132
64
132
64
132
64
132
64
131
64
133
64
130
64
131
64
133
64
132
64
132
64
131
64
131
64
130
64
132
64
133
64
131
64
133
64
133
64
132
64
131
64
132
64
132
64
131
64
133
64
133
64
131
64
131
64
133
64
131
64
134
64
133
64
132
64
134
64
131
64
133
64
132
64
131
64
133
64
132
64
134
64
131
64
132
64
134
64
132
64
131
64
133
64
131
64
133
64
131
64
134
64
132
64
133
64
134
64
133
64
132
64
130
64
131
64
131
64
132
64
133
64
131
64
132
64
132
64
132
64
131
64
132
64
132
64
131
64
132
64
131
64
132
64
131
64
131
64
132
64
131
64
130
64
132
64
133
64
130
64
134
64
132
64
133
64
132
64
131
64
132
64
130
64
133
64
133
64
132
64
132
64
132
64
132
64
132
64
133
64
132
64
131
64
133
64
132
64
132
64
131
64
131
64
131
64
132
64
131
64
131
64
132
64
131
64
133
64
133
64
130
64
132
64
131
64
132
64
132
64
133
64
132
64
130
64
132
64
132
64
130
64
133
64
133
64
130
64
130
64
133
64
131
64
132
64
132
64
133
64
131
64
132
64
132
64
130
64
131
64
133
64
132
64
130
64
133
64
132
64
130
64
130
64
132
64
133
64
130
64
133
64
131
64
131
64
131
64
131
64
132
64
130
64
132
64
132
64
131
64
130
64
131
64
132
64
132
64
133
64
131
64
130
64
133
64
133
64
132
64
130
64
132
64
131
64
132
64
133
64
132
64
132
64
132
64
131
64
132
64
130
64
132
64
132
64
130
64
131
64
133
64
132
64
133
64
133
64
131
64
131
64
133
64
133
64
132
64
133
64
133
64
131
64
131
64
133
64
132
64
132
64
132
64
132
64
131
64
131
64
132
64
132
64
131
64
132
64
131
64
130
64
131
64
133
64
131
64
132
64
131
64
133
64
130
64
132
64
131
64
131
64
130
64
132
64
131
64
130
64
132
64
133
64
132
64
131
64
131
64
131
64
131
64
132
64
131
64
130
64
132
64
132
64
133
64
130
64
131
64
133
64
131
64
131
64
131
64
132
64
131
64
132
64
132
64
132
64
131
64
133
64
133
64
130
64
132
64
132
64
130
64
132
64
132
64
132
64
132
64
132
64
132
64
130
64
130
64
131
64
130
64
130
64
132
64
133
64
132
64
131
64
133
64
131
64
130
64
133
64
131
64
132
64
132
64
133
64
131
64
132
64
132
64
132
64
131
64
133
64
133
64
132
64
130
64
131
64
131
64
131
64
133
64
131
64
132
64
133
64
132
64
130
64
131
64
133
64
132
64
132
64
131
64
131
64
131
64
133
64
132
64
131
64
130
64
132
64
132
64
132
64
132
64
131
64
132
64
130
64
131
64
131
64
131
64
132
64
131
64
132
64
132
64
131
64
131
64
131
64
132
64
133
64
131
64
132
64
132
64
131
64
131
64
132
64
130
64
132
64
131
64
133
64
134
64
131
64
133
64
132
64
132
64
131
64
132
64
133
64
132
64
131
64
132
64
132
64
131
64
133
64
131
64
133
64
130
64
131
64
133
64
132
64
132
64
133
64
131
64
130
64
133
64
132
64
131
64
132
64
131
64
131
64
130
64
133
64
132
64
131
64
132
64
132
64
131
64
133
64
131
64
133
64
133
64
132
64
131
64
131
64
133
64
131
64
131
64
133
64
131
64
131
64
132
64
131
64
133
64
131
64
131
64
131
64
131
64
132
64
132
64
132
64
130
64
133
64
132
64
132
64
133
64
133
64
132
64
133
64
133
64
132
64
130
64
133
64
132
64
130
64
133
64
131
64
130
64
134
64
133
64
132
64
132
64
132
64
132
64
132
64
131
64
131
64
133
64
131
64
132
64
133
64
131
64
131
64
133
64
132
64
131
64
133
64
133
64
132
64
132
64
132
64
131
64
131
64
131
64
133
64
132
64
133
64
132
64
130
64
133
64
132
64
131
64
132
64
133
64
133
64
130
64
131
64
132
64
130
64
130
64
133
64
132
64
131
64
133
64
133
64
130
64
133
64
132
64
131
64
130
64
132
64
131
64
130
64
133
64
133
64
131
64
131
64
131
64
131
64
132
64
132
64
131
64
130
64
132
64
133
64
130
64
132
64
133
64
132
64
132
64
132
64
131
64
131
64
132
64
131
64
132
64
132
64
132
64
133
64
132
64
130
64
133
64
131
64
130
64
130
64
133
64
132
64
132
64
133
64
132
64
130
64
131
64
131
64
132
64
132
64
131
64
131
64
132
64
132
64
132
64
130
64
132
64
132
64
131
64
131
64
132
64
131
64
131
64
132
64
132
64
131
64
132
64
132
64
133
64
132
64
131
64
131
64
130
64
131
64
131
64
131
64
132
64
133
64
132
64
133
64
131
64
132
64
133
64
131
64
131
64
133
64
133
64
132
64
131
64
134
64
131
64
131
64
132
64
132
64
132
64
131
64
132
64
132
64
131
64
134
64
132
64
131
64
132
64
132
64
133
64
130
64
131
64
131
64
130
64
131
64
133
64
131
64
133
64
132
64
133
64
132
64
132
64
133
64
130
64
132
64
131
64
133
64
133
64
133
64
132
64
132
64
133
64
131
64
130
64
131
64
132
64
132
64
133
64
131
64
131
64
130
64
133
64
131
64
130
64
132
64
133
64
132
64
132
64
133
64
132
64
130
64
132
64
132
64
130
64
132
64
131
64
131
64
133
64
133
64
133
64
132
64
131
64
131
64
132
64
131
64
132
64
132
64
132
64
132
64
133
64
130
64
133
64
131
64
132
64
132
64
132
64
133
64
133
64
133
64
133
64
130
64
131
64
132
64
132
64
132
64
133
64
132
64
132
64
132
64
131
64
131
64
132
64
131
64
130
64
132
64
133
64
131
64
132
64
133
64
131
64
131
64
131
64
131
64
132
64
131
64
133
64
132
64
130
64
131
64
132
64
132
64
131
64
131
64
130
64
132
64
132
64
133
64
132
64
132
64
133
64
131
64
132
64
131
64
130
64
134
64
131
64
132
64
130
64
133
64
133
64
132
64
132
64
133
64
131
64
133
64
133
64
131
64
132
64
133
64
131
64
132
64
131
64
132
64
133
64
132
64
133
64
134
64
132
64
131
64
133
64
133
64
132
64
131
64
132
64
131
