129
128
129
129
128
127
126
125
128
129
130
130
131
132
134
134
133
134
134
133
136
137
139
139
140
140
142
142
144
146
148
150
150
152
154
154
155
155
157
159
160
161
163
162
163
165
164
165
168
64
74
86
96
105
111
116
122
129
133
138
143
146
149
152
156
160
162
164
166
169
64
77
90
100
110
118
126
133
139
144
151
157
160
165
64
77
90
102
112
123
131
140
147
152
159
165
64
78
91
105
117
127
137
146
155
163
168
64
81
96
111
124
135
145
153
161
64
79
95
108
123
135
144
154
163
64
80
98
114
127
139
152
163
64
82
99
115
129
141
154
165
64
84
103
119
133
147
160
64
85
103
123
138
152
166
64
87
107
125
142
156
168
64
86
108
126
141
155
168
64
85
105
125
142
156
64
88
109
129
148
165
64
89
110
128
146
162
64
88
111
130
150
167
64
92
117
139
160
64
90
115
138
158
64
92
115
140
161
64
92
119
143
165
64
93
121
143
163
64
93
118
144
167
64
93
122
147
168
64
94
122
146
167
64
95
124
150
64
96
124
149
64
94
123
146
64
97
126
154
64
95
125
152
64
97
126
154
64
98
127
154
64
95
126
153
64
98
128
156
64
98
128
157
64
96
127
156
64
99
131
158
64
99
129
158
64
100
133
163
64
98
130
158
64
100
132
161
64
99
132
164
64
100
137
169
64
103
139
64
105
139
64
106
142
64
104
141
64
106
145
64
107
145
64
106
146
64
109
150
64
107
147
64
111
154
64
111
152
64
112
155
64
112
153
64
112
154
64
110
152
64
111
155
64
111
155
64
110
152
64
111
154
64
112
155
64
113
156
64
111
153
64
111
155
64
111
154
64
112
155
64
114
157
64
110
154
64
113
155
64
112
157
64
113
157
64
113
156
64
111
154
64
112
155
64
111
155
64
111
155
64
113
155
64
112
156
64
114
156
64
111
155
64
110
153
64
113
155
64
112
155
64
113
156
64
112
154
64
112
155
64
112
155
64
112
154
64
110
155
64
112
155
64
112
155
64
111
154
64
111
153
64
110
153
64
112
156
64
110
154
64
112
155
64
111
155
64
110
151
64
111
155
64
113
154
64
111
153
64
111
155
64
112
154
64
110
153
64
110
154
64
111
152
64
111
156
64
111
154
64
110
153
64
113
154
64
110
154
64
112
155
64
112
155
64
111
154
64
112
155
64
111
154
64
111
152
64
112
153
64
109
152
64
111
154
64
110
152
64
110
153
64
111
155
64
111
153
64
109
152
64
112
153
64
110
153
64
111
153
64
112
156
64
110
153
64
112
154
64
112
154
64
109
150
64
111
152
64
110
153
64
110
151
64
112
154
64
110
151
64
111
154
64
111
154
64
111
154
64
112
155
64
109
152
64
109
152
64
110
154
64
110
152
64
111
154
64
112
154
64
110
151
64
111
153
64
110
153
64
109
153
64
111
154
64
111
153
64
112
155
64
110
153
64
109
151
64
113
154
64
111
153
64
111
153
64
112
153
64
112
154
64
112
155
64
110
152
64
109
152
64
113
155
64
111
155
64
110
154
64
110
153
64
112
152
64
110
152
64
111
154
64
111
152
64
111
153
64
111
155
64
109
150
64
110
153
64
112
153
64
109
153
64
111
154
64
109
152
64
112
155
64
109
153
64
110
152
64
112
154
64
112
155
64
111
154
64
112
154
64
109
150
64
113
156
64
110
153
64
112
153
64
110
154
64
111
154
64
109
153
64
110
153
64
110
153
64
111
152
64
111
155
64
110
150
64
112
155
64
112
155
64
111
155
64
110
153
64
109
152
64
112
153
64
111
154
64
111
152
64
111
153
64
110
151
64
109
153
64
112
155
64
109
153
64
111
154
64
109
152
64
111
151
64
112
154
64
111
154
64
111
154
64
111
152
64
109
153
64
111
153
64
111
155
64
111
151
64
110
154
64
112
153
64
109
152
64
110
154
64
110
152
64
111
152
64
109
151
64
112
154
64
112
154
64
110
152
64
110
154
64
111
152
64
111
152
64
111
154
64
111
153
64
110
150
64
112
154
64
110
152
64
111
153
64
110
153
64
109
151
64
112
154
64
111
155
64
112
154
64
110
152
64
112
153
64
110
154
64
111
152
64
110
152
64
112
154
64
111
153
64
112
152
64
111
153
64
110
151
64
110
154
64
111
152
64
110
151
64
113
154
64
111
153
64
110
152
64
111
154
64
111
152
64
111
155
64
112
154
64
111
152
64
109
153
64
109
151
64
110
151
64
111
155
64
110
153
64
109
152
64
111
153
64
111
153
64
110
153
64
111
154
64
110
150
64
109
153
64
112
153
64
110
152
64
113
154
64
110
154
64
111
152
64
112
153
64
110
150
64
109
153
64
112
153
64
111
154
64
112
153
64
109
153
64
110
152
64
110
154
64
112
154
64
109
153
64
111
154
64
111
153
64
112
154
64
109
151
64
110
152
64
110
153
64
110
153
64
111
155
64
110
153
64
111
152
64
113
155
64
109
152
64
111
151
64
112
156
64
112
155
64
111
153
64
111
153
64
109
150
64
111
153
64
109
153
64
112
153
64
112
154
64
110
152
64
109
152
64
110
153
64
111
154
64
111
153
64
110
152
64
110
151
64
112
154
64
112
153
64
109
151
64
111
153
64
110
153
64
112
155
64
110
154
64
111
153
64
112
155
64
112
154
64
111
154
64
110
154
64
109
153
64
111
153
64
111
155
64
110
151
64
112
155
64
111
153
64
111
155
64
112
155
64
111
153
64
111
154
64
110
154
64
111
151
64
111
155
64
112
155
64
111
155
64
112
155
64
110
152
64
111
153
64
109
152
64
111
153
64
110
153
64
112
153
64
109
153
64
112
153
64
110
152
64
112
155
64
110
152
64
111
151
64
111
154
64
110
153
64
110
154
64
112
155
64
110
152
64
112
155
64
111
155
64
112
153
64
112
156
64
111
154
64
110
152
64
110
153
64
109
153
64
110
152
64
109
153
64
111
153
64
111
154
64
110
153
64
109
150
64
110
154
64
110
154
64
109
153
64
111
154
64
110
151
64
111
154
64
110
152
64
110
151
64
110
152
64
109
151
64
109
153
64
111
154
64
111
153
64
111
153
64
112
155
64
111
152
64
110
152
64
109
152
64
109
153
64
111
153
64
111
153
64
112
156
64
110
151
64
110
151
64
112
153
64
111
154
64
111
153
64
112
154
64
111
151
64
112
156
64
112
155
64
110
151
64
112
155
64
111
154
64
110
153
64
110
153
64
110
150
64
111
154
64
110
153
64
110
153
64
111
152
64
111
154
64
109
153
64
112
155
64
111
152
64
110
152
64
111
154
64
110
152
64
113
154
64
110
152
64
111
153
64
111
154
64
110
153
64
110
152
64
111
153
64
111
154
64
111
153
64
110
152
64
110
153
64
112
154
64
110
151
64
110
154
64
110
151
64
110
151
64
112
154
64
109
152
64
111
151
64
112
155
64
110
151
64
110
152
64
110
151
64
111
153
64
111
154
64
111
153
64
111
153
64
112
154
64
110
153
64
109
152
64
111
154
64
110
151
64
112
155
64
111
153
64
111
153
64
112
155
64
111
154
64
110
153
64
110
153
64
110
151
64
111
154
64
110
154
64
112
153
64
111
153
64
112
155
64
110
153
64
111
152
64
109
152
64
113
156
64
110
152
64
111
152
64
110
152
64
112
154
64
109
152
64
112
155
64
109
152
64
113
155
64
111
155
64
111
153
64
110
153
64
110
152
64
110
152
64
111
152
64
109
152
64
112
155
64
109
152
64
112
152
64
110
154
64
112
155
64
111
153
64
112
154
64
109
151
64
113
156
64
109
153
64
111
153
64
110
154
64
110
152
64
110
153
64
110
152
64
110
152
64
111
153
64
109
152
64
111
151
64
112
155
64
110
152
64
111
153
64
110
152
64
111
154
64
112
154
64
110
152
64
111
152
64
111
154
64
110
152
64
110
153
64
110
152
64
111
153
64
113
155
64
109
151
64
111
152
64
112
156
64
111
152
64
111
153
64
112
154
64
110
152
64
112
155
64
111
154
64
110
152
64
112
156
64
110
152
64
109
153
64
110
152
64
111
152
64
111
154
64
109
153
64
112
154
64
112
154
64
111
154
64
111
153
64
111
154
64
110
152
64
111
152
64
110
153
64
110
151
64
112
155
64
111
154
64
111
153
64
112
153
64
111
152
64
111
153
64
109
151
64
112
152
64
111
154
64
112
155
64
110
153
64
111
152
64
111
154
64
112
153
64
110
154
64
110
151
64
111
155
64
110
153
64
111
154
64
110
152
64
109
152
64
111
152
64
109
153
64
112
152
64
111
154
64
110
153
64
110
153
64
111
152
64
111
153
64
111
154
64
111
153
64
110
150
64
110
154
64
112
153
64
110
152
64
111
152
64
111
153
64
111
154
64
109
152
64
110
151
64
112
154
64
112
153
64
110
152
64
110
154
64
110
151
64
113
154
64
109
153
64
111
153
64
112
155
64
112
153
64
111
153
64
111
153
64
