128
128
127
127
127
128
127
128
128
127
127
126
127
126
125
124
125
126
127
126
127
126
125
127
128
127
128
128
128
128
127
126
125
125
124
125
124
124
126
126
125
126
125
127
128
129
131
133
132
132
134
135
137
136
135
137
137
137
136
137
138
139
141
144
144
144
144
145
147
148
147
148
149
149
151
153
154
155
155
156
155
155
154
154
154
157
160
162
162
162
162
162
162
163
164
165
167
170
170
172
172
173
173
172
172
175
177
179
180
180
181
180
179
180
181
182
183
183
185
184
184
186
186
188
190
64
76
88
99
110
119
126
134
141
149
155
161
165
170
175
179
183
186
189
64
80
95
106
116
124
134
143
152
160
165
170
175
181
187
191
64
80
95
108
120
130
140
150
157
167
174
180
186
190
64
81
98
114
126
137
147
156
167
176
183
188
64
83
101
115
129
140
149
160
171
180
189
64
85
101
116
130
144
156
167
176
183
64
84
102
119
134
146
159
171
181
190
64
85
105
121
138
151
165
178
189
64
85
106
123
139
152
165
178
189
64
85
104
124
139
153
166
179
191
64
86
107
125
142
156
169
181
64
87
107
127
142
158
173
185
64
87
109
129
146
163
176
186
64
86
107
125
143
160
175
188
64
88
110
130
147
163
175
190
64
87
107
127
145
163
177
189
64
88
110
129
147
165
181
64
89
109
130
147
164
179
64
90
113
132
150
167
183
64
91
113
133
150
167
184
64
88
111
134
153
171
186
64
89
113
136
154
171
188
64
91
115
136
157
176
64
90
115
139
160
178
64
90
114
135
155
174
191
64
92
116
140
159
179
64
90
114
138
158
177
64
93
120
142
162
181
64
92
117
142
164
181
64
92
119
142
161
180
64
91
117
142
164
183
64
93
120
144
166
186
64
91
117
143
164
183
64
94
121
144
166
186
64
92
118
142
164
183
64
93
120
144
167
186
64
93
122
145
167
187
64
96
125
149
171
64
95
122
148
171
190
64
96
123
148
173
64
95
124
149
171
64
95
123
151
174
64
96
125
153
176
64
95
125
153
178
64
98
128
155
178
64
99
130
158
182
64
98
129
156
180
64
97
127
155
180
64
100
132
161
187
64
97
129
157
184
64
99
130
159
186
64
100
131
160
186
64
99
133
163
187
64
99
132
162
190
64
100
132
160
188
64
98
131
161
187
64
100
133
163
189
64
101
135
163
189
64
101
133
164
191
64
100
132
164
190
64
102
136
166
64
101
134
165
64
101
134
163
191
64
101
135
165
191
64
102
135
164
191
64
101
137
166
64
101
134
164
64
100
134
165
64
102
135
166
64
101
136
167
64
102
136
168
64
101
135
165
64
102
135
166
64
102
137
168
64
101
135
165
64
101
134
164
64
101
134
164
64
102
138
167
64
102
137
167
64
101
134
167
64
101
135
167
64
103
137
168
64
103
135
168
64
101
135
167
64
101
134
166
64
103
137
168
64
102
136
167
64
102
137
167
64
103
137
168
64
101
135
165
64
101
137
168
64
101
135
165
64
102
136
168
64
101
136
165
64
103
138
168
64
102
136
167
64
103
137
166
64
101
135
167
64
100
136
167
64
103
139
169
64
101
136
166
64
101
136
167
64
102
137
168
64
101
134
166
64
100
135
166
64
102
138
169
64
102
136
166
64
102
136
168
64
101
135
167
64
103
138
169
64
101
135
167
64
103
139
169
64
103
137
169
64
101
135
166
64
101
136
166
64
102
137
169
64
101
135
166
64
102
137
166
64
103
138
169
64
100
137
169
64
103
139
170
64
103
136
166
64
100
137
168
64
101
137
166
64
103
137
169
64
100
137
168
64
103
137
166
64
101
134
166
64
102
138
168
64
102
137
167
64
103
137
167
64
100
135
165
64
102
136
167
64
101
136
168
64
101
137
168
64
103
137
168
64
102
135
167
64
100
136
166
64
103
137
166
64
103
137
169
64
100
137
169
64
103
137
168
64
103
138
170
64
102
136
169
64
103
139
170
64
101
134
166
64
101
136
167
64
103
138
169
64
102
136
168
64
102
138
170
64
103
137
168
64
103
137
169
64
102
137
168
64
102
136
167
64
101
136
167
64
100
137
167
64
102
138
167
64
102
136
168
64
100
135
166
64
103
139
169
64
103
137
168
64
101
138
170
64
101
136
166
64
101
135
168
64
100
135
166
64
103
138
168
64
101
134
167
64
101
136
167
64
102
138
168
64
101
135
166
64
101
137
168
64
102
137
168
64
103
136
167
64
100
136
166
64
103
138
168
64
102
136
167
64
101
136
167
64
102
136
167
64
103
136
169
64
100
137
168
64
102
138
168
64
101
136
168
64
100
135
165
64
103
137
167
64
103
138
168
64
101
136
167
64
103
137
167
64
102
135
167
64
101
136
167
64
101
136
166
64
102
135
167
64
102
138
169
64
102
137
168
64
102
135
168
64
101
136
166
64
101
135
166
64
101
134
166
64
100
137
168
64
102
138
167
64
103
137
168
64
100
136
166
64
103
137
167
64
101
136
167
64
102
137
169
64
101
135
165
64
103
138
169
64
102
136
168
64
101
135
165
64
101
135
168
64
100
136
166
64
101
137
167
64
102
135
168
64
102
138
169
64
102
138
167
64
103
138
168
64
101
138
170
64
103
138
169
64
102
135
166
64
100
136
166
64
103
137
168
64
103
137
167
64
102
138
170
64
101
135
166
64
102
137
169
64
102
138
169
64
103
139
168
64
101
134
167
64
100
136
166
64
101
135
166
64
103
138
168
64
102
137
167
64
103
137
167
64
102
137
168
64
101
138
170
64
103
138
167
64
102
137
169
64
101
136
168
64
101
136
167
64
103
138
168
64
102
137
167
64
103
139
168
64
103
138
168
64
100
135
167
64
103
137
166
64
102
135
168
64
100
135
165
64
101
136
168
64
102
135
168
64
101
136
168
64
101
135
166
64
103
138
170
64
101
136
167
64
102
136
166
64
103
138
168
64
100
135
166
64
102
136
168
64
103
136
169
64
100
136
166
64
101
136
168
64
101
136
168
64
101
138
170
64
101
136
166
64
101
134
167
64
102
138
170
64
101
135
165
64
103
138
168
64
100
137
168
64
102
137
166
64
102
137
169
64
101
136
168
64
102
137
168
64
102
135
168
64
101
136
167
64
101
136
167
64
102
137
168
64
102
136
167
64
102
136
167
64
103
137
168
64
102
137
168
64
102
136
167
64
101
134
166
64
101
138
169
64
101
137
169
64
102
136
167
64
100
137
169
64
101
135
167
64
102
136
168
64
101
136
168
64
101
135
167
64
102
135
168
64
102
138
170
64
101
136
167
64
102
137
169
64
101
137
169
64
101
135
166
64
103
138
168
64
100
135
167
64
102
136
167
64
101
134
165
64
101
136
166
64
103
137
168
64
102
136
168
64
100
137
169
64
102
136
166
64
101
136
169
64
102
136
167
64
103
139
168
64
102
135
166
64
102
137
167
64
103
137
167
64
102
136
169
64
102
138
169
64
102
136
167
64
103
137
168
64
101
136
166
64
103
139
169
64
102
136
169
64
100
136
167
64
103
139
170
64
102
137
168
64
101
136
168
64
103
138
167
64
103
136
167
64
100
135
166
64
101
135
167
64
101
135
167
64
100
137
168
64
103
138
167
64
102
137
170
64
100
135
167
64
102
136
168
64
102
136
167
64
101
136
167
64
102
138
168
64
101
134
166
64
100
136
168
64
101
135
167
64
102
136
169
64
100
136
167
64
103
137
166
64
103
136
169
64
100
137
168
64
103
138
169
64
103
137
167
64
100
135
167
64
101
136
166
64
102
137
170
64
102
138
168
64
102
138
169
64
103
136
168
64
100
137
169
64
101
135
166
64
101
134
166
64
101
138
170
64
101
136
167
64
102
135
166
64
102
138
170
64
102
136
168
64
103
136
168
64
100
137
168
64
102
136
168
64
103
137
169
64
100
136
167
64
101
135
167
64
101
136
169
64
100
135
165
64
101
136
168
64
102
136
165
64
102
135
164
64
102
136
164
64
102
135
166
64
101
134
164
189
64
100
133
162
187
64
100
133
162
189
64
102
134
162
189
64
100
134
163
189
64
100
134
163
191
64
102
136
165
64
100
133
165
64
99
132
163
191
64
102
134
165
64
99
132
162
190
64
100
134
163
188
64
101
133
162
186
64
100
131
160
187
64
100
130
158
185
64
99
131
160
184
64
99
129
155
179
64
99
130
157
183
64
96
126
155
179
64
96
126
152
175
64
97
128
153
177
64
97
125
152
178
64
96
126
155
179
64
97
126
151
176
64
96
126
152
175
64
95
124
151
173
64
95
124
149
171
191
64
95
124
148
170
189
64
93
119
143
167
186
64
94
121
146
168
189
64
93
118
142
164
183
64
93
117
140
161
180
64
91
116
139
158
177
64
90
114
138
159
176
64
91
114
138
157
174
189
64
91
115
138
157
173
188
64
89
113
135
155
172
188
64
87
109
132
149
167
180
64
88
109
128
147
164
179
190
64
86
108
128
147
162
175
187
64
85
105
123
138
155
168
182
64
85
104
123
137
151
164
177
188
64
86
104
121
136
149
161
171
180
190
64
85
104
120
134
146
157
167
175
184
190
64
83
100
115
128
141
152
162
172
180
186
64
81
96
112
124
134
145
153
161
167
174
178
183
187
190
64
78
92
104
116
127
135
142
149
155
161
165
169
172
175
177
179
182
184
186
187
187
187
187
187
188
189
190
188
189
188
187
188
186
185
186
186
186
187
186
184
182
182
181
179
177
177
175
174
174
173
172
171
171
170
169
169
170
170
169
167
166
166
166
164
164
163
162
162
163
162
163
163
163
163
163
163
163
161
161
160
158
156
157
156
154
155
155
154
153
152
151
150
149
150
150
149
147
148
148
149
150
150
151
149
149
148
147
146
146
145
146
145
146
145
144
144
145
144
145
143
144
145
144
145
144
142
143
142
143
143
144
142
143
142
140
140
139
140
141
140
140
139
140
140
139
138
138
138
136
136
135
136
137
136
137
138
138
136
135
136
137
136
135
136
136
134
135
136
135
134
134
135
135
136
135
135
134
135
136
135
135
135
135
134
133
132
133
134
134
134
133
132
132
133
132
133
131
133
131
131
130
131
131
130
130
130
129
130
130
130
129
131
130
131
132
132
132
131
131
130
129
129
130
130
129
129
128
129
129
128
128
128
128
130
129
128
129
129
128
129
128
128
129
129
130
130
130
131
130
131
130
130
130
131
129
130
129
128
129
128
129
129
128
129
128
129
130
130
130
131
132
132
133
133
132
133
131
132
131
132
131
131
130
130
131
131
131
130
131
131
130
131
130
129
129
128
127
128
127
127
126
126
127
128
127
126
127
127
127
127
129
129
129
128
129
128
129
128
128
129
129
129
129
129
129
130
130
130
129
129
128
129
128
128
128
127
126
126
125
125
126
126
127
128
129
129
130
129
128
127
126
126
126
127
127
128
127
128
128
127
126
127
128
127
126
127
127
127
127
127
127
127
128
129
130
130
129
128
127
127
127
128
128
127
127
126
125
126
128
127
127
128
129
130
128
128
127
128
128
127
127
126
126
128
129
128
129
129
129
129
129
129
129
127
128
129
129
130
131
131
129
129
128
128
127
127
128
128
128
128
129
129
128
127
126
127
127
126
126
127
126
125
126
125
125
126
127
126
125
124
125
127
126
126
125
124
125
125
125
125
126
125
124
125
125
125
124
126
126
127
127
128
129
129
130
129
127
128
128
129
128
127
127
128
127
127
128
127
128
129
130
131
131
131
132
130
131
130
129
128
127
127
126
127
127
128
127
126
127
127
126
128
127
126
127
127
127
126
127
128
128
127
127
128
129
129
128
127
126
126
126
125
125
124
125
125
125
125
126
126
126
127
126
126
127
127
127
126
125
125
124
123
123
124
125
127
127
128
127
127
126
125
126
127
128
129
130
129
130
129
127
126
128
129
128
127
126
125
127
128
128
128
129
128
128
129
127
128
129
128
128
129
128
127
126
126
126
126
125
127
126
126
126
127
128
128
129
130
131
131
130
130
129
129
130
129
128
128
127
127
127
127
126
126
126
126
126
127
128
129
128
127
128
128
128
129
128
128
127
128
129
129
127
127
127
126
127
127
127
126
126
127
128
128
128
127
127
126
127
126
125
127
128
129
129
129
130
130
129
129
127
126
126
126
126
126
125
126
126
126
125
124
125
124
123
124
124
123
123
122
123
122
124
124
123
124
123
124
124
124
126
126
127
127
126
127
128
129
129
130
130
128
127
126
126
128
129
128
127
126
126
128
129
128
129
129
128
129
130
129
129
130
130
129
130
129
130
131
132
130
129
129
130
129
128
127
128
127
126
125
126
125
124
124
126
127
128
129
128
128
127
128
129
128
127
128
129
128
128
127
128
127
128
128
127
128
127
128
128
129
129
128
128
128
129
127
126
126
125
124
123
124
124
123
123
123
124
123
125
126
125
126
126
127
126
126
126
127
126
126
126
126
126
126
126
126
125
125
126
127
126
125
126
128
128
128
129
128
129
128
127
128
127
127
128
127
126
125
126
126
125
125
126
125
125
125
126
125
125
124
124
124
123
123
125
126
127
127
126
126
127
126
127
128
127
126
126
125
126
127
128
129
128
127
128
129
130
130
129
128
127
127
128
128
129
130
129
129
127
128
129
129
130
130
129
128
127
128
129
128
127
127
126
125
124
124
125
126
127
128
127
126
125
125
125
125
124
123
124
124
124
125
126
126
125
126
128
129
129
129
130
131
132
131
130
129
129
129
129
128
129
130
130
130
129
129
130
129
129
130
130
130
129
130
129
130
131
129
128
129
128
128
129
130
129
130
130
131
131
132
131
131
131
130
128
128
128
128
127
126
125
125
126
125
124
123
124
124
126
125
126
127
128
129
128
129
128
127
128
128
128
129
128
129
129
129
130
130
130
129
130
131
130
130
130
131
130
130
131
131
131
131
132
130
130
131
131
130
131
131
132
133
131
131
129
128
127
127
126
126
125
127
126
125
126
127
128
128
128
127
128
128
129
128
128
129
129
129
129
128
128
128
127
127
126
125
126
128
127
128
127
126
125
125
125
127
128
129
130
129
129
128
128
127
127
126
127
127
126
127
126
125
125
125
125
126
127
127
128
127
127
128
129
128
127
127
128
128
128
127
128
128
127
126
127
127
128
128
128
128
128
127
128
128
129
130
130
129
