127
127
126
126
126
125
125
126
127
126
125
124
125
125
126
127
127
128
127
126
127
126
127
128
128
127
126
126
126
127
127
127
126
126
127
126
128
127
127
126
125
126
126
126
128
127
127
126
126
127
127
128
127
126
127
127
128
129
129
130
130
129
130
130
129
130
129
130
129
129
130
130
129
129
129
129
128
128
127
126
126
127
127
126
126
126
125
127
128
127
126
126
125
124
124
125
125
127
127
126
126
125
126
125
127
128
128
129
130
130
130
130
129
129
129
128
128
127
126
125
126
127
126
126
126
125
124
126
125
126
125
124
125
125
126
125
126
125
124
125
127
128
128
129
128
127
127
126
126
127
126
125
126
126
127
127
126
125
125
127
128
127
127
127
126
126
127
128
127
127
126
126
125
125
124
125
126
125
125
124
124
125
125
125
127
127
128
127
127
127
127
128
129
129
130
129
129
129
128
127
128
127
128
128
129
130
129
127
127
126
128
127
126
125
124
124
124
123
125
126
126
126
127
126
127
126
127
126
126
126
125
125
127
126
125
125
126
127
127
127
126
126
125
126
127
128
128
129
129
130
130
130
131
131
130
131
131
131
131
130
129
129
130
130
131
131
132
131
130
129
130
130
130
131
130
130
130
130
130
130
131
131
130
130
129
130
130
130
129
128
129
129
130
130
131
132
130
131
131
130
130
129
128
127
127
127
127
127
128
129
129
129
129
128
127
127
128
128
129
128
127
128
127
127
126
125
125
126
125
125
125
126
125
124
124
126
126
127
126
127
126
127
128
128
129
129
129
130
131
131
131
130
128
128
128
127
126
126
126
126
125
126
127
128
127
128
128
129
128
127
126
127
128
127
127
128
127
128
129
128
129
128
129
128
127
126
125
124
124
125
126
126
127
126
125
125
124
124
126
127
128
127
126
125
126
125
126
127
127
126
127
128
129
128
129
129
129
129
127
126
127
126
127
128
127
128
129
130
131
131
132
131
132
133
132
132
131
130
129
127
127
127
128
127
126
128
127
126
126
127
126
127
126
125
125
124
125
124
124
124
124
125
126
127
128
128
127
127
128
129
128
127
126
125
124
124
124
125
125
125
124
123
124
123
124
125
124
124
125
126
125
125
124
125
125
127
127
127
128
129
129
128
129
128
127
128
129
130
130
129
128
127
127
127
128
127
127
128
128
127
127
127
128
129
129
130
129
130
131
131
131
132
132
131
130
128
129
129
130
129
130
128
128
128
128
127
127
128
128
129
129
128
128
127
128
129
130
129
128
128
128
127
128
129
130
130
128
129
128
128
128
127
128
128
127
128
129
129
128
128
128
129
129
128
129
130
130
130
130
130
130
131
131
131
132
132
133
131
131
129
128
128
128
129
130
130
130
129
130
129
130
129
128
127
127
128
129
128
127
126
127
127
126
127
126
127
127
127
128
127
128
127
126
127
127
127
127
128
129
128
128
128
127
126
125
124
124
123
123
123
123
125
124
125
126
127
127
128
129
130
130
128
129
128
128
129
129
130
130
130
129
130
131
129
129
128
129
128
129
128
128
127
128
127
126
127
128
129
130
131
131
133
133
135
137
136
137
139
138
137
137
137
137
139
140
141
143
143
145
147
148
148
148
149
149
150
152
153
154
154
157
157
157
157
159
161
163
165
167
64
74
85
94
102
113
122
128
135
140
144
147
153
157
163
167
169
64
78
92
104
114
123
131
140
149
157
163
169
64
80
95
109
122
133
144
153
163
64
82
98
114
128
139
149
161
64
83
100
116
130
144
157
169
64
84
102
119
133
148
161
64
85
106
126
141
156
64
86
108
127
144
161
64
86
109
129
147
164
64
90
113
134
155
64
90
116
137
156
64
92
118
141
161
64
92
120
143
165
64
94
121
146
64
94
124
148
64
97
125
151
64
95
124
152
64
98
128
156
64
99
131
158
64
99
133
162
64
101
136
166
64
104
139
64
104
141
64
106
146
64
106
144
64
108
147
64
110
151
64
108
150
64
110
151
64
110
153
64
111
155
64
111
155
64
114
157
64
114
159
64
114
158
64
115
163
64
115
163
64
116
164
64
118
166
64
116
166
64
117
167
64
119
167
64
120
169
64
117
167
64
119
64
119
64
121
64
120
64
122
64
121
64
121
64
122
64
122
64
122
64
122
64
122
64
123
64
124
64
122
64
123
64
124
64
122
64
123
64
122
64
124
64
123
64
124
64
125
64
124
64
124
64
125
64
124
64
126
64
124
64
125
64
124
64
124
64
126
64
126
64
124
64
125
64
125
64
126
64
126
64
125
64
125
64
126
64
126
64
125
64
126
64
126
64
126
64
125
64
125
64
127
64
125
64
127
64
126
64
127
64
127
64
127
64
127
64
126
64
126
64
128
64
128
64
126
64
126
64
126
64
128
64
126
64
128
64
127
64
126
64
126
64
128
64
126
64
127
64
126
64
126
64
128
64
126
64
128
64
127
64
128
64
128
64
127
64
126
64
127
64
127
64
127
64
128
64
127
64
128
64
127
64
128
64
128
64
128
64
129
64
127
64
128
64
127
64
128
64
128
64
127
64
127
64
129
64
129
64
129
64
127
64
128
64
127
64
129
64
129
64
127
64
127
64
129
64
128
64
127
64
127
64
129
64
127
64
127
64
129
64
128
64
128
64
127
64
129
64
127
64
129
64
129
64
129
64
127
64
128
64
128
64
128
64
128
64
128
64
127
64
128
64
128
64
129
64
129
64
128
64
128
64
128
64
127
64
128
64
127
64
128
64
128
64
128
64
129
64
129
64
128
64
127
64
129
64
129
64
128
64
128
64
128
64
128
64
127
64
127
64
129
64
129
64
127
64
129
64
128
64
129
64
128
64
128
64
129
64
127
64
127
64
129
64
129
64
128
64
128
64
128
64
128
64
128
64
127
64
129
64
129
64
129
64
128
64
129
64
128
64
128
64
129
64
129
64
127
64
127
64
128
64
127
64
129
64
127
64
129
64
129
64
128
64
128
64
129
64
129
64
128
64
128
64
127
64
128
64
129
64
129
64
127
64
127
64
129
64
128
64
128
64
127
64
127
64
128
64
129
64
127
64
128
64
129
64
128
64
128
64
127
64
127
64
128
64
127
64
129
64
127
64
128
64
128
64
128
64
128
64
127
64
128
64
129
64
129
64
127
64
129
64
127
64
129
64
128
64
127
64
129
64
129
64
129
64
128
64
129
64
128
64
128
64
128
64
129
64
129
64
128
64
128
64
129
64
129
64
127
64
129
64
127
64
127
64
129
64
128
64
127
64
127
64
128
64
128
64
127
64
128
64
128
64
127
64
127
64
128
64
127
64
128
64
127
64
127
64
129
64
128
64
128
64
127
64
129
64
127
64
128
64
129
64
128
64
127
64
127
64
128
64
127
64
128
64
127
64
129
64
129
64
129
64
128
64
129
64
129
64
128
64
127
64
129
64
128
64
127
64
128
64
128
64
127
64
128
64
128
64
129
64
127
64
128
64
128
64
128
64
129
64
129
64
128
64
129
64
127
64
129
64
128
64
128
64
128
64
127
64
127
64
129
64
129
64
129
64
127
64
128
64
128
64
129
64
128
64
128
64
127
64
129
64
129
64
127
64
127
64
128
64
129
64
129
64
128
64
127
64
128
64
127
64
128
64
128
64
127
64
127
64
128
64
128
64
129
64
128
64
128
64
129
64
127
64
129
64
128
64
129
64
127
64
129
64
127
64
127
64
128
64
127
64
129
64
128
64
127
64
128
64
129
64
128
64
127
64
129
64
127
64
129
64
127
64
128
64
127
64
129
64
127
64
127
64
128
64
127
64
127
64
128
64
127
64
127
64
128
64
127
64
129
64
128
64
129
64
129
64
127
64
129
64
127
64
129
64
127
64
127
64
128
64
127
64
127
64
127
64
129
64
128
64
129
64
128
64
129
64
128
64
129
64
128
64
128
64
127
64
129
64
129
64
129
64
127
64
127
64
128
64
127
64
128
64
127
64
129
64
127
64
127
64
129
64
129
64
127
64
129
64
127
64
127
64
128
64
129
64
129
64
127
64
129
64
128
64
127
64
127
64
128
64
129
64
127
64
128
64
127
64
129
64
128
64
128
64
128
64
127
64
128
64
129
64
129
64
127
64
128
64
128
64
127
64
128
64
127
64
128
64
129
64
129
64
128
64
127
64
129
64
127
64
128
64
128
64
128
64
128
64
127
64
128
64
127
64
129
64
127
64
128
64
129
64
129
64
129
64
129
64
128
64
127
64
128
64
129
64
128
64
127
64
129
64
129
64
127
64
129
64
129
64
128
64
129
64
127
64
129
64
127
64
129
64
128
64
129
64
129
64
127
64
129
64
127
64
128
64
127
64
127
64
127
64
129
64
127
64
127
64
129
64
128
64
128
64
129
64
127
64
127
64
129
64
129
64
129
64
127
64
127
64
129
64
128
64
127
64
128
64
129
64
128
64
128
64
128
64
127
64
129
64
127
64
129
64
127
64
128
64
127
64
129
64
127
64
129
64
129
64
128
64
127
64
128
64
129
64
