127
128
127
128
127
127
127
126
125
126
126
127
126
125
125
124
124
123
124
126
125
125
126
128
127
127
126
126
125
125
127
126
127
127
127
126
125
126
125
126
127
128
127
126
125
126
125
126
125
126
125
124
125
124
125
127
127
128
127
127
127
127
128
128
127
127
127
127
127
128
129
128
127
128
129
129
130
129
130
131
130
128
127
127
126
127
128
129
130
130
129
129
127
128
128
128
129
128
129
129
128
127
126
126
125
126
127
128
129
130
129
128
129
128
127
127
126
126
126
126
125
127
128
129
129
127
127
126
126
126
126
125
125
127
128
127
128
128
127
128
129
128
128
127
128
128
128
129
130
128
127
128
128
129
130
131
130
129
128
128
127
126
125
125
126
126
126
125
126
127
127
128
127
128
129
128
127
127
128
127
128
128
129
130
131
130
130
130
131
131
130
130
128
129
129
129
130
130
128
129
129
129
129
129
128
129
129
128
128
129
130
129
128
129
128
127
128
127
126
125
125
124
125
125
125
126
127
126
126
126
126
126
126
127
126
127
128
128
127
127
127
126
127
126
127
126
126
127
126
127
126
127
128
127
127
128
127
127
126
127
126
127
127
126
127
126
126
127
128
127
127
128
128
128
129
129
128
129
129
127
127
128
127
127
126
126
127
128
128
127
127
128
127
126
125
125
125
126
125
126
125
126
128
129
129
130
130
131
130
129
130
130
129
127
126
126
125
126
126
127
128
129
128
127
128
129
129
130
130
131
133
134
136
136
136
136
138
137
138
138
139
140
139
140
141
142
141
142
141
141
142
144
144
144
144
143
143
144
145
145
146
147
148
148
147
147
146
147
146
149
149
151
152
153
152
154
155
156
155
155
156
157
156
156
158
159
159
159
161
162
162
161
160
160
161
160
160
162
164
164
164
165
166
167
167
167
166
166
168
168
167
169
170
170
172
173
175
175
174
174
174
173
173
176
176
176
176
178
179
180
181
180
181
180
183
184
183
184
184
184
183
185
185
185
184
185
186
187
189
189
189
190
189
188
189
191
64
78
91
101
110
117
126
134
141
147
152
158
163
166
169
172
175
180
182
186
187
190
190
64
76
90
104
115
125
132
141
149
156
161
166
172
178
182
185
187
190
64
80
94
106
118
128
138
147
153
159
165
170
174
178
182
186
189
64
80
94
108
120
129
139
146
155
164
172
178
184
189
64
78
93
107
119
129
139
147
154
161
168
176
181
186
191
64
79
94
109
122
133
142
152
160
166
171
177
185
189
64
82
97
111
124
135
147
155
162
171
177
182
188
64
82
98
112
126
138
147
157
166
174
181
185
190
64
82
98
112
125
136
145
155
164
170
176
184
191
64
81
98
112
124
136
146
155
164
172
179
186
190
64
83
98
112
126
139
149
158
167
174
181
187
64
80
95
111
124
136
146
155
163
170
179
184
188
64
80
94
108
123
135
144
154
163
170
177
183
191
64
80
96
111
122
134
144
153
163
172
180
186
191
64
82
96
109
122
133
144
154
163
169
175
181
185
190
64
80
95
110
122
134
145
152
159
168
177
182
188
64
80
94
107
121
132
143
152
160
167
174
180
184
188
64
81
96
110
122
134
144
152
159
164
170
175
182
189
64
81
97
111
122
132
141
148
156
164
172
178
182
186
191
64
80
94
108
122
132
143
150
158
166
172
178
184
189
64
80
95
109
121
131
141
150
160
166
173
179
183
188
64
79
94
109
123
133
142
151
158
166
170
177
181
186
190
64
80
96
110
121
130
140
147
155
162
168
174
180
186
191
64
79
94
107
119
130
140
148
156
163
170
176
180
185
189
64
79
94
106
117
128
139
147
156
165
171
176
182
185
190
64
80
95
108
121
131
141
148
156
164
168
174
178
184
188
191
64
79
94
108
119
128
137
147
155
163
170
175
180
184
188
64
81
95
110
123
132
140
148
154
161
166
172
177
181
185
189
64
80
96
108
119
131
141
150
158
164
169
175
179
184
186
190
64
81
96
109
119
129
137
146
153
162
168
173
177
182
186
190
64
80
94
108
121
132
140
149
156
162
168
174
181
186
189
64
80
95
108
118
130
140
148
157
164
172
178
182
186
189
191
64
81
96
109
120
132
140
147
156
161
169
176
180
185
190
64
80
94
106
119
131
140
150
159
167
171
178
181
185
188
64
80
94
107
120
130
138
146
154
160
168
174
178
183
188
64
78
94
107
118
130
139
149
158
165
171
177
183
187
191
64
81
96
109
120
130
138
148
154
159
166
173
177
182
187
189
64
79
93
105
116
129
140
148
156
163
169
174
178
183
189
64
81
95
109
120
129
139
148
156
164
169
174
179
183
188
191
64
79
94
108
121
132
140
148
154
160
166
172
178
184
189
64
80
95
107
118
127
138
146
153
161
168
172
178
182
186
188
64
79
95
108
121
130
139
147
154
160
168
174
181
185
188
64
79
95
108
120
131
140
149
157
165
170
175
180
184
188
64
79
94
108
121
130
139
148
156
163
169
175
180
184
189
191
64
79
93
106
118
130
139
146
155
161
166
171
176
183
188
64
81
94
108
120
130
139
146
155
163
169
175
181
184
188
64
80
93
106
117
128
137
146
153
159
165
170
174
180
184
189
64
81
96
108
120
130
141
151
160
168
174
179
183
186
189
64
81
96
109
122
132
142
149
157
163
167
173
180
184
187
64
80
94
108
119
128
138
147
157
163
169
175
181
185
190
64
79
94
108
119
128
137
146
155
163
169
176
182
187
191
64
78
92
105
118
130
141
149
157
164
169
174
181
186
191
64
79
94
107
118
128
139
148
158
165
172
178
183
187
64
79
94
108
120
130
139
148
155
162
169
175
180
186
190
64
80
95
108
119
128
137
145
153
162
169
175
180
186
190
64
78
94
108
120
130
141
148
156
162
167
173
179
184
190
64
81
95
107
120
130
139
149
156
163
169
175
180
184
188
190
64
80
95
108
119
130
138
147
155
164
171
177
182
188
64
80
94
108
122
134
143
151
157
165
171
177
181
184
188
64
79
95
109
120
129
139
147
153
161
169
175
179
183
186
190
64
78
93
106
118
130
138
146
154
160
168
174
179
185
191
64
81
95
107
118
129
138
145
155
163
169
176
180
184
188
191
64
78
93
108
119
130
139
147
154
160
166
170
175
181
185
190
64
79
93
105
115
127
137
147
157
164
170
175
181
186
188
191
64
79
95
108
119
130
141
150
156
163
169
175
179
185
190
64
80
94
107
117
128
138
147
156
164
171
176
179
182
186
191
64
79
95
107
119
130
139
148
156
164
172
178
184
189
64
78
92
105
117
128
139
149
156
164
169
175
178
183
189
64
80
94
107
119
130
139
148
157
164
171
175
181
186
190
64
79
92
107
120
130
139
148
157
162
169
173
180
187
191
64
81
94
107
120
129
139
149
156
164
169
176
182
187
190
64
82
96
110
121
133
143
152
159
167
172
177
183
187
64
79
94
107
118
127
138
146
155
161
167
174
178
183
185
188
64
79
94
109
120
131
142
151
158
164
172
178
183
188
64
79
94
107
117
128
140
150
159
165
171
177
182
186
189
64
81
95
108
121
132
142
149
158
164
171
178
183
188
191
64
81
94
106
118
128
140
148
157
163
170
176
181
186
64
80
96
109
121
132
142
150
157
166
173
179
184
189
64
81
94
107
119
132
143
153
160
168
173
178
182
186
189
64
80
96
110
122
133
142
149
157
163
171
176
181
185
191
64
81
95
106
118
128
139
149
157
165
171
176
182
185
187
64
79
94
107
119
128
138
145
153
161
167
174
180
184
188
191
64
80
95
107
120
131
140
150
157
163
169
175
178
183
189
64
79
94
107
120
129
138
145
153
160
167
172
178
183
186
191
64
81
96
109
122
134
144
152
158
164
172
179
185
188
64
80
95
109
121
132
141
150
157
164
171
176
182
187
64
81
97
111
123
134
142
151
157
164
170
176
181
186
189
64
79
92
105
117
129
139
148
155
163
169
173
179
185
190
64
79
94
107
120
130
140
150
157
166
174
179
185
188
64
80
94
110
121
133
144
154
161
168
174
180
184
189
64
81
96
109
121
131
140
149
157
165
173
178
184
188
64
81
96
109
122
134
144
153
159
167
174
178
185
190
64
81
97
111
122
132
142
150
159
165
171
177
182
188
64
79
94
107
121
131
142
151
158
166
173
178
183
189
64
79
93
108
119
131
139
148
156
165
173
178
184
187
191
64
79
94
109
121
133
143
152
159
166
171
175
180
187
190
64
79
94
107
119
129
140
150
158
166
173
178
183
187
191
64
82
96
109
120
132
141
149
156
163
171
178
183
188
191
64
81
94
107
121
132
142
152
158
166
173
177
182
186
190
64
80
95
110
123
133
143
152
160
169
175
181
187
64
80
93
106
119
131
140
148
158
164
170
175
180
184
190
64
80
96
108
120
130
140
150
156
165
172
177
182
188
64
79
94
108
119
132
142
151
160
166
172
178
182
186
190
64
80
96
109
121
132
140
149
155
161
169
174
181
186
191
64
81
94
106
118
130
140
148
156
163
169
174
180
184
188
191
64
81
96
110
122
131
141
150
157
163
171
176
180
184
187
191
64
80
95
108
121
130
139
148
157
164
170
175
180
186
191
64
81
94
108
120
133
143
152
159
167
172
178
182
186
188
64
79
96
108
119
130
139
147
155
161
170
175
180
186
191
64
81
95
106
117
127
139
147
154
160
167
172
177
181
184
188
64
81
97
109
121
132
142
151
158
165
172
177
183
188
64
79
94
107
118
130
139
148
157
164
169
173
178
183
187
64
80
94
108
121
131
139
147
154
160
166
174
180
184
188
191
64
79
92
104
116
126
137
146
154
160
165
171
175
179
185
190
64
79
92
105
116
127
135
144
152
161
166
171
177
181
186
190
64
80
96
110
121
133
141
149
155
161
169
175
181
185
189
64
79
94
108
119
130
141
149
156
163
168
174
178
182
185
191
64
80
96
109
120
131
139
147
155
161
167
173
178
181
187
189
64
80
95
109
122
134
143
152
158
166
172
179
186
191
64
80
96
109
121
130
139
148
157
163
169
173
179
184
187
189
191
64
80
95
110
120
130
139
148
157
163
170
176
182
187
191
64
80
95
107
118
131
142
149
158
166
172
178
181
185
191
64
80
96
110
123
132
141
148
158
165
171
178
184
188
191
64
78
92
107
120
132
141
150
156
163
170
176
181
187
64
79
94
107
119
129
139
149
158
165
171
178
182
185
190
64
82
98
113
125
135
143
151
159
164
172
179
186
189
64
80
96
110
121
133
144
153
162
168
175
180
185
190
64
80
94
109
120
132
143
150
157
166
173
179
186
189
64
80
96
109
122
134
145
153
161
167
173
178
181
188
64
80
94
108
119
131
142
151
161
168
174
179
184
188
64
79
93
107
121
132
143
152
159
166
173
179
187
64
81
97
112
123
133
143
151
159
167
173
178
182
188
64
80
95
107
119
132
144
152
161
168
173
177
181
184
191
64
80
95
107
119
129
137
146
156
164
170
178
184
190
64
79
92
107
121
132
142
152
160
166
171
176
181
187
191
64
81
96
111
123
133
141
149
158
167
174
181
185
189
64
80
94
109
121
132
141
151
159
167
173
177
181
185
191
64
80
96
110
121
132
142
149
157
163
169
175
182
185
189
64
78
93
108
119
130
140
150
157
165
170
175
179
186
191
64
79
95
107
119
130
139
149
156
164
169
175
179
183
187
190
64
80
95
108
121
132
141
148
156
163
169
174
181
185
188
64
79
94
107
118
129
139
149
158
165
170
176
180
184
189
191
64
79
93
107
120
129
139
147
153
161
168
174
181
185
189
64
80
96
108
120
130
139
149
157
163
169
173
178
181
185
190
64
81
95
109
121
131
140
147
155
163
171
177
181
186
191
64
79
93
106
117
130
139
148
157
164
169
176
179
183
187
191
64
79
94
107
120
129
139
148
157
165
171
177
183
187
191
64
81
98
110
121
132
141
150
158
165
172
177
183
187
191
64
81
95
109
121
132
142
150
159
167
171
176
181
186
189
64
80
94
109
122
131
139
149
156
163
169
177
181
187
191
64
79
93
107
117
129
140
149
158
165
170
175
179
184
187
64
81
96
108
121
131
140
148
154
161
168
174
181
185
190
64
78
94
109
120
132
143
151
159
167
173
177
182
186
191
64
81
96
109
119
131
139
146
156
163
171
176
180
184
188
64
79
94
107
119
131
139
148
155
161
168
174
179
185
189
64
80
95
107
117
129
138
148
158
166
171
177
183
188
191
64
78
94
107
120
131
141
151
157
164
169
175
181
185
190
64
79
92
107
118
128
138
149
157
163
170
176
180
183
187
191
64
81
96
111
121
133
141
150
158
163
169
176
181
187
191
64
81
94
106
117
128
140
148
156
164
171
176
181
186
188
64
81
97
111
124
134
142
150
157
162
168
173
178
184
187
190
64
78
93
107
119
130
139
147
155
161
167
172
178
183
189
64
79
95
107
119
129
138
147
155
161
168
175
180
184
187
191
64
78
92
105
118
129
137
146
155
160
165
171
176
181
187
64
79
93
105
118
129
139
148
155
164
170
177
181
185
188
64
79
94
107
120
131
141
149
157
163
169
175
181
187
64
80
93
106
118
129
138
145
155
163
170
174
178
184
189
64
79
94
108
119
130
140
150
158
164
169
175
180
186
190
64
79
92
106
118
127
135
144
152
161
169
173
180
184
188
190
64
80
96
108
120
130
140
150
158
163
170
175
179
183
188
64
81
96
108
120
130
141
149
156
163
170
176
181
185
187
191
64
81
95
108
121
132
142
151
157
163
171
177
182
187
191
64
78
93
104
115
126
137
147
155
162
168
172
178
183
188
191
64
81
96
108
120
131
140
148
156
164
172
179
182
187
190
64
79
94
109
121
133
142
150
156
164
170
176
182
187
64
80
94
108
121
132
141
150
158
165
172
178
182
187
64
78
93
108
122
132
141
151
158
164
169
175
180
185
189
64
81
96
107
118
127
139
148
155
164
169
174
180
186
188
64
81
96
109
121
131
140
149
156
161
166
173
178
182
188
64
79
92
104
117
129
139
148
155
163
169
175
179
184
187
191
64
79
93
108
119
129
140
149
156
163
169
175
179
184
189
64
78
93
105
117
129
140
149
155
162
170
175
178
183
189
64
81
96
110
120
130
139
147
156
162
170
177
182
187
189
64
79
96
111
122
133
