128
128
128
127
127
128
129
128
127
126
127
127
127
127
126
127
128
128
127
127
128
129
129
128
128
128
129
130
128
128
127
127
128
129
130
130
130
130
130
130
130
130
130
130
131
129
129
130
129
129
127
128
129
129
128
129
130
131
129
128
127
127
126
127
126
126
128
127
127
126
125
125
125
124
123
123
124
124
124
125
125
125
124
124
124
123
123
124
124
124
124
124
125
125
125
125
125
125
126
126
127
126
127
127
127
126
125
126
124
125
126
126
124
124
123
122
120
121
121
122
123
122
123
123
121
121
121
120
119
119
120
118
117
116
116
116
116
115
114
114
113
112
113
114
115
115
114
114
115
115
113
114
113
113
114
114
113
114
115
115
113
112
112
112
110
112
112
113
114
114
113
111
110
110
110
110
109
110
108
107
108
108
106
106
105
105
105
106
107
106
106
106
106
105
104
103
103
104
105
104
103
102
102
101
101
101
100
100
100
101
102
105
107
108
110
109
109
110
110
112
112
113
114
113
114
114
112
111
110
110
111
110
111
112
112
112
112
113
113
114
114
113
114
114
113
113
113
112
113
112
113
113
112
111
111
112
112
111
112
114
115
116
116
118
117
118
117
118
117
117
118
118
118
118
118
117
117
115
116
117
119
119
119
120
120
121
123
122
121
120
121
120
120
118
118
119
120
122
124
125
125
125
125
126
125
126
125
123
122
121
120
121
122
123
124
124
126
125
125
125
124
124
123
123
121
122
124
126
126
127
126
126
126
127
127
126
125
124
124
127
129
129
130
131
132
131
132
132
130
130
128
129
129
130
131
133
132
133
132
131
130
129
128
128
126
127
127
128
129
129
129
128
129
131
131
132
131
133
134
135
136
135
134
135
136
136
136
136
136
138
139
138
137
137
136
135
134
134
134
135
136
136
135
136
135
137
138
137
135
135
138
137
139
139
140
141
140
140
139
138
136
137
137
138
140
140
139
140
140
140
140
141
143
142
143
143
145
144
144
143
143
145
146
145
147
148
148
148
146
147
149
150
152
151
149
148
149
149
150
150
151
151
152
151
151
151
150
152
151
150
152
153
153
153
152
150
152
153
152
153
154
153
154
154
153
152
152
153
152
153
151
151
149
149
151
151
150
151
150
148
149
147
146
148
149
150
151
152
151
150
149
148
149
150
150
150
151
151
150
148
148
149
149
147
146
146
147
146
146
144
144
144
145
146
147
145
145
144
144
144
143
143
144
142
142
142
142
142
142
142
143
143
142
141
141
141
139
140
141
140
140
139
139
138
137
138
137
135
137
137
137
137
138
139
139
138
138
139
139
139
139
139
138
137
138
138
138
138
139
140
140
140
140
140
140
142
142
143
142
141
142
141
140
139
138
139
139
139
138
138
139
138
139
139
140
139
140
139
138
137
136
136
137
136
138
138
139
138
138
136
135
135
135
135
134
136
137
136
135
134
133
133
132
132
134
135
136
135
135
135
133
134
132
134
135
134
133
132
131
131
132
131
131
133
134
135
136
134
133
133
131
130
131
132
132
133
134
132
132
133
131
133
135
134
133
133
133
134
134
134
136
136
136
135
136
137
137
138
136
135
134
134
133
133
132
132
133
132
132
134
136
137
136
137
136
137
137
135
137
137
137
136
136
135
133
134
135
135
135
136
137
136
135
134
134
134
135
136
137
136
136
136
135
133
133
135
135
137
137
138
136
137
138
137
136
137
138
138
138
138
136
137
135
136
136
136
136
137
138
138
138
136
136
137
138
137
137
135
135
135
135
137
139
140
140
139
138
138
136
134
136
138
139
138
137
136
137
137
136
136
138
138
139
140
138
138
137
137
137
138
137
137
138
139
139
137
135
134
132
133
134
135
136
135
135
134
132
131
131
132
132
133
133
133
134
134
133
133
134
135
134
136
137
135
136
134
135
136
136
135
135
134
134
135
135
134
134
136
137
137
137
136
134
134
133
134
135
134
133
133
133
133
134
133
132
132
134
133
133
134
134
134
134
134
134
134
134
135
134
133
134
133
132
132
132
133
132
133
132
133
132
131
133
135
136
135
135
135
135
135
136
136
137
138
138
138
136
138
140
140
140
141
140
141
142
144
144
144
145
145
145
146
147
148
149
147
148
147
148
149
148
151
153
154
155
156
158
159
161
161
162
164
165
165
165
164
164
164
165
165
166
169
170
170
170
171
173
173
174
175
177
179
181
182
183
185
186
187
188
189
191
64
78
89
100
110
119
129
136
144
150
157
161
169
175
181
186
191
64
81
97
114
128
140
152
163
173
185
64
84
105
125
142
159
173
188
64
90
114
136
157
175
64
92
117
142
164
183
64
95
124
149
172
64
96
125
154
180
64
99
132
160
185
64
100
132
163
64
103
137
170
64
103
140
172
64
104
141
175
64
104
142
177
64
107
146
180
64
106
145
182
64
108
150
188
64
112
156
64
112
154
64
111
157
64
115
161
64
116
164
64
117
162
64
116
166
64
117
165
64
120
170
64
121
173
64
121
173
64
121
175
64
123
178
64
123
178
64
124
179
64
125
180
64
125
180
64
126
181
64
125
182
64
127
184
64
126
182
64
127
185
64
126
185
64
130
187
64
129
186
64
128
188
64
127
187
64
130
188
64
130
190
64
130
190
64
131
64
130
191
64
132
64
132
64
131
64
133
64
132
64
133
64
134
64
133
64
134
64
133
64
133
64
134
64
134
64
136
64
134
64
135
64
137
64
137
64
138
64
138
64
138
64
138
64
139
64
138
64
139
64
139
64
140
64
140
64
141
64
141
64
142
64
142
64
142
64
140
64
142
64
140
64
142
64
143
64
142
64
143
64
143
64
141
64
142
64
145
64
142
64
144
64
144
64
144
64
144
64
145
64
143
64
146
64
144
64
143
64
146
64
147
64
146
64
145
64
146
64
144
64
145
64
147
64
147
64
148
64
147
64
147
64
150
64
149
64
150
64
150
64
150
64
151
64
151
64
153
64
152
64
153
64
152
64
154
64
154
64
154
64
154
64
156
64
154
64
155
64
155
64
156
64
158
64
158
64
156
64
158
64
157
64
159
64
158
64
158
64
160
64
160
64
160
64
158
64
160
64
158
64
161
64
159
64
160
64
160
64
159
64
161
64
160
64
162
64
160
64
162
64
160
64
162
64
160
64
162
64
161
64
162
64
163
64
162
64
163
64
163
64
161
64
161
64
163
64
163
64
162
64
162
64
164
64
162
64
162
64
162
64
162
64
162
64
162
64
164
64
162
64
164
64
163
64
163
64
164
64
163
64
163
64
165
64
164
64
164
64
164
64
163
64
164
64
164
64
164
64
164
64
164
64
165
64
163
64
165
64
164
64
164
64
164
64
164
64
164
64
165
64
164
64
165
64
164
64
164
64
164
64
164
64
166
64
164
64
164
64
165
64
165
64
165
64
166
64
164
64
164
64
166
64
165
64
165
64
165
64
165
64
165
64
165
64
164
64
164
64
165
64
165
64
165
64
166
64
164
64
164
64
165
64
165
64
165
64
164
64
166
64
165
64
164
64
165
64
165
64
165
64
166
64
166
64
164
64
166
64
164
64
164
64
164
64
166
64
166
64
165
64
164
64
166
64
165
64
164
64
165
64
164
64
164
64
164
64
164
64
166
64
165
64
165
64
165
64
166
64
164
64
166
64
166
64
165
64
166
64
165
64
166
64
164
64
165
64
165
64
164
64
164
64
166
64
164
64
164
64
165
64
164
64
164
64
166
64
164
64
166
64
166
64
165
64
166
64
165
64
166
64
166
64
166
64
166
64
165
64
164
64
165
64
166
64
165
64
166
64
164
64
165
64
164
64
165
64
166
64
164
64
164
64
164
64
165
64
164
64
164
64
165
64
164
64
164
64
164
64
166
64
164
64
166
64
166
64
164
64
166
64
165
64
165
64
166
64
165
64
164
64
165
64
165
64
165
64
164
64
164
64
164
64
166
64
166
64
164
64
165
64
166
64
164
64
165
64
164
64
165
64
164
64
166
64
166
64
165
64
164
64
164
64
166
64
165
64
165
64
166
64
165
64
166
64
165
64
164
64
166
64
165
64
166
64
164
64
164
64
166
64
165
64
164
64
166
64
166
64
164
64
165
64
165
64
164
64
165
64
164
64
165
64
166
64
166
64
166
64
164
64
164
64
165
64
166
64
166
64
164
64
164
64
165
64
164
64
166
64
166
64
166
64
166
64
164
64
164
64
164
64
166
64
166
64
164
64
166
64
164
64
165
64
164
64
164
64
166
64
166
64
166
64
166
64
164
64
164
64
164
64
165
64
166
64
165
64
165
64
165
64
165
64
165
64
165
64
166
64
164
64
166
64
165
64
165
64
166
64
164
64
164
64
164
64
164
64
166
64
164
64
165
64
164
64
165
64
164
64
165
64
165
64
164
64
164
64
166
64
166
64
164
64
166
64
164
64
164
64
166
64
166
64
166
64
165
64
164
64
166
64
165
64
166
64
165
64
166
64
165
64
166
64
166
64
166
64
164
64
165
64
165
64
166
64
165
64
164
64
164
64
164
64
164
64
166
64
164
64
165
64
166
64
164
64
164
64
166
64
164
64
165
64
164
64
165
64
165
64
166
64
164
64
165
64
164
64
164
64
165
64
166
64
166
64
165
64
165
64
164
64
166
64
165
64
165
64
165
64
164
64
166
64
165
64
166
64
165
64
166
64
165
64
164
64
164
64
166
64
165
64
164
64
166
64
164
64
165
64
164
64
165
64
165
64
164
64
164
64
166
64
165
64
165
64
166
64
165
64
164
64
166
64
165
64
165
64
165
64
166
64
165
64
166
64
165
64
164
64
165
64
165
64
165
64
164
64
165
64
164
64
165
64
164
64
166
64
166
64
165
64
166
64
166
64
164
64
166
64
166
64
165
64
164
64
164
64
164
64
165
64
164
64
165
64
165
64
166
64
165
64
166
64
166
64
164
64
166
64
164
64
165
64
166
64
164
64
165
64
164
64
165
64
165
64
164
64
166
64
165
64
164
64
166
64
165
64
164
64
166
64
166
64
165
64
165
64
166
64
166
64
166
64
165
64
165
64
165
64
164
64
166
64
165
64
164
64
166
64
164
64
164
64
164
64
164
64
166
64
166
64
166
64
166
64
164
64
166
64
164
64
166
64
165
64
165
64
165
64
166
64
166
64
164
64
164
64
165
64
165
64
166
64
164
64
166
64
164
64
164
64
165
64
165
64
166
64
166
64
165
64
166
64
164
64
165
64
164
64
166
64
165
64
164
64
165
64
165
64
164
64
164
64
165
64
165
64
165
64
164
64
165
64
164
64
164
64
165
64
165
64
164
64
165
64
165
64
166
64
165
64
165
64
166
64
165
64
165
64
165
64
166
64
166
64
165
64
165
64
165
64
166
64
166
64
165
64
164
64
165
64
164
64
164
64
164
64
164
64
164
64
165
64
166
64
164
64
166
64
164
64
166
64
166
64
164
64
165
64
164
64
164
64
166
64
165
64
166
64
164
64
166
64
165
64
166
64
166
64
165
64
166
64
166
64
165
64
165
64
164
64
165
64
165
64
165
64
164
64
165
64
164
64
166
64
166
64
164
64
166
64
165
64
165
64
165
64
165
64
166
64
164
64
165
64
166
64
164
64
164
64
166
64
164
64
165
64
164
64
164
64
166
64
166
64
166
64
166
64
165
64
164
64
164
64
164
64
166
64
165
64
165
64
165
64
165
64
165
64
166
64
165
64
164
64
165
64
165
64
166
64
164
64
166
64
164
64
164
64
165
64
165
64
165
64
165
64
165
64
164
64
166
64
165
64
165
64
166
64
166
64
166
64
165
64
166
64
166
64
166
64
165
64
164
64
164
64
165
64
164
64
164
64
164
64
166
64
165
64
165
64
165
64
165
64
165
64
166
64
165
64
166
64
164
64
164
64
164
64
166
64
164
64
166
64
164
64
164
64
166
64
165
64
164
64
166
64
164
64
165
64
166
64
165
64
166
64
164
64
165
64
165
64
166
64
164
64
166
64
164
64
166
64
164
64
165
64
164
64
166
64
165
64
165
64
164
64
164
64
166
64
165
64
166
64
166
64
165
64
165
64
166
64
166
64
164
64
166
64
166
64
164
64
164
64
164
64
164
64
165
64
165
64
166
64
166
64
164
64
165
64
164
64
164
64
164
64
166
64
165
64
164
64
166
64
164
64
164
64
166
64
165
64
164
64
164
64
164
64
165
64
166
64
166
64
166
64
164
64
164
64
166
64
165
64
166
64
165
64
165
64
166
64
166
64
166
64
165
64
164
64
165
64
165
64
164
64
166
64
164
64
164
64
164
64
166
64
164
64
164
64
166
64
164
64
165
64
164
64
165
64
164
64
164
64
164
64
165
64
164
64
165
64
166
64
164
64
165
64
166
64
165
64
166
64
166
64
166
64
165
64
166
64
166
64
165
64
166
64
166
64
166
64
166
64
165
64
164
64
165
64
166
64
166
64
165
64
166
64
166
64
164
64
165
64
164
64
166
64
164
64
166
64
166
64
164
64
166
64
166
64
165
64
165
64
164
64
165
64
165
64
165
64
166
64
166
64
165
64
165
64
166
64
166
64
164
64
164
64
165
64
166
64
166
64
165
64
166
64
165
64
164
64
166
64
166
64
164
64
165
64
166
64
166
64
166
64
165
64
164
64
164
64
164
64
164
64
164
64
164
64
164
64
164
64
166
64
165
64
165
64
164
64
166
64
164
64
164
64
166
64
165
64
165
64
165
64
166
64
165
64
164
64
166
64
166
64
166
64
164
64
164
64
165
64
164
64
166
64
165
64
166
64
164
64
165
64
166
64
164
64
164
64
165
64
164
64
165
64
165
64
166
64
166
64
166
64
166
64
164
64
165
64
165
64
166
64
166
64
164
64
165
64
164
64
164
64
166
64
166
64
166
64
165
64
164
64
166
64
166
64
166
64
166
64
165
64
166
64
165
64
165
64
164
64
164
64
165
64
164
64
165
64
166
64
165
64
165
64
165
64
166
64
166
64
165
64
165
64
164
64
164
64
166
64
166
64
166
64
165
64
166
64
164
64
166
64
164
64
166
64
164
64
166
64
164
64
164
64
165
64
166
64
164
64
166
64
165
64
166
64
164
64
165
64
164
64
166
64
165
64
166
64
164
64
166
64
165
64
166
64
164
64
164
64
166
64
165
64
164
64
165
64
165
64
164
64
164
64
164
