129
127
126
127
126
127
128
128
131
131
133
136
137
139
141
141
141
142
143
146
149
149
149
150
150
149
149
149
150
152
154
155
156
158
159
160
162
164
167
64
74
84
93
102
110
117
126
133
138
144
149
153
159
164
169
64
76
90
100
112
123
131
141
148
155
162
64
81
94
108
119
131
141
150
159
167
64
83
99
112
124
137
148
159
168
64
83
101
118
133
145
159
169
64
85
105
123
140
152
167
64
86
106
125
141
157
64
88
108
126
144
160
64
89
110
130
150
167
64
89
112
133
151
64
89
114
137
156
64
91
116
138
160
64
93
119
144
164
64
95
122
146
169
64
97
124
149
64
95
122
149
64
95
127
154
64
97
126
155
64
99
129
159
64
97
129
159
64
101
133
161
64
101
133
164
64
101
135
166
64
100
137
169
64
103
140
64
104
142
64
106
146
64
107
146
64
107
148
64
109
148
64
108
150
64
110
152
64
109
153
64
112
155
64
113
158
64
114
159
64
112
157
64
116
160
64
116
164
64
115
162
64
115
162
64
117
165
64
118
168
64
118
167
64
119
167
64
118
166
64
117
167
64
120
64
121
64
120
64
120
64
122
64
120
64
120
64
120
64
123
64
122
64
123
64
121
64
122
64
122
64
124
64
124
64
123
64
122
64
124
64
124
64
125
64
123
64
124
64
125
64
124
64
124
64
125
64
125
64
126
64
125
64
125
64
126
64
125
64
124
64
124
64
124
64
124
64
125
64
126
64
125
64
125
64
126
64
126
64
127
64
125
64
125
64
127
64
125
64
125
64
125
64
127
64
127
64
127
64
127
64
125
64
127
64
128
64
128
64
127
64
126
64
127
64
126
64
128
64
128
64
127
64
128
64
126
64
128
64
126
64
128
64
127
64
128
64
128
64
128
64
128
64
126
64
126
64
127
64
126
64
126
64
128
64
128
64
128
64
128
64
128
64
126
64
127
64
128
64
128
64
126
64
128
64
126
64
127
64
129
64
129
64
127
64
128
64
127
64
127
64
128
64
128
64
128
64
129
64
127
64
128
64
128
64
127
64
128
64
129
64
129
64
129
64
127
64
129
64
129
64
129
64
128
64
128
64
128
64
127
64
128
64
128
64
128
64
127
64
129
64
129
64
128
64
127
64
128
64
128
64
129
64
129
64
128
64
128
64
128
64
129
64
128
64
128
64
128
64
128
64
129
64
128
64
128
64
129
64
129
64
127
64
127
64
129
64
129
64
129
64
127
64
128
64
128
64
129
64
128
64
128
64
129
64
128
64
129
64
128
64
128
64
127
64
129
64
127
64
127
64
129
64
129
64
129
64
127
64
127
64
129
64
129
64
127
64
127
64
129
64
129
64
129
64
128
64
128
64
129
64
127
64
127
64
128
64
129
64
128
64
129
64
128
64
129
64
127
64
127
64
128
64
129
64
127
64
127
64
128
64
128
64
127
64
127
64
129
64
128
64
128
64
127
64
127
64
127
64
128
64
128
64
129
64
128
64
128
64
129
64
129
64
128
64
129
64
129
64
127
64
127
64
129
64
127
64
129
64
129
64
129
64
128
64
129
64
128
64
129
64
128
64
127
64
129
64
129
64
127
64
127
64
129
64
129
64
128
64
127
64
129
64
127
64
128
64
127
64
127
64
127
64
127
64
127
64
129
64
129
64
127
64
129
64
128
64
127
64
127
64
129
64
127
64
127
64
129
64
128
64
128
64
129
64
128
64
128
64
129
64
129
64
129
64
128
64
128
64
128
64
129
64
128
64
128
64
129
64
128
64
129
64
128
64
128
64
127
64
128
64
127
64
127
64
129
64
129
64
127
64
128
64
129
64
129
64
127
64
127
64
128
64
127
64
127
64
129
64
128
64
127
64
128
64
129
64
129
64
129
64
129
64
127
64
129
64
128
64
128
64
129
64
128
64
128
64
127
64
127
64
127
64
129
64
127
64
127
64
129
64
128
64
129
64
127
64
129
64
128
64
129
64
127
64
128
64
129
64
129
64
129
64
127
64
127
64
128
64
129
64
128
64
127
64
127
64
127
64
129
64
128
64
127
64
127
64
128
64
127
64
129
64
127
64
127
64
128
64
127
64
128
64
127
64
129
64
128
64
127
64
129
64
128
64
127
64
128
64
127
64
129
64
128
64
129
64
128
64
129
64
129
64
127
64
127
64
129
64
127
64
127
64
127
64
128
64
128
64
127
64
127
64
129
64
129
64
129
64
129
64
127
64
129
64
129
64
127
64
129
64
128
64
129
64
127
64
129
64
129
64
129
64
127
64
127
64
129
64
127
64
127
64
128
64
129
64
127
64
127
64
129
64
128
64
129
64
128
64
128
64
128
64
129
64
127
64
128
64
127
64
127
64
127
64
128
64
127
64
128
64
129
64
127
64
128
64
128
64
127
64
127
64
127
64
129
64
129
64
129
64
128
64
127
64
128
64
129
64
127
64
128
64
128
64
128
64
129
64
128
64
128
64
127
64
129
64
127
64
129
64
129
64
127
64
128
64
128
64
127
64
129
64
128
64
129
64
129
64
127
64
127
64
129
64
129
64
129
64
128
64
129
64
129
64
127
64
128
64
127
64
127
64
128
64
129
64
129
64
128
64
129
64
128
64
129
64
129
64
129
64
127
64
128
64
128
64
128
64
127
64
129
64
128
64
128
64
128
64
128
64
129
64
128
64
128
64
127
64
127
64
129
64
127
64
127
64
129
64
127
64
128
64
129
64
127
64
127
64
127
64
128
64
127
64
128
64
128
64
127
64
128
64
129
64
129
64
128
64
128
64
127
64
128
64
128
64
128
64
129
64
129
64
127
64
129
64
128
64
128
64
128
64
127
64
129
64
129
64
127
64
128
64
128
64
128
64
128
64
128
64
128
64
128
64
129
64
128
64
129
64
128
64
127
64
128
64
128
64
127
64
128
64
127
64
128
64
127
64
127
64
129
64
129
64
128
64
129
64
127
64
127
64
129
64
128
64
127
64
128
64
129
64
128
64
129
64
129
64
129
64
129
64
129
64
128
64
127
64
127
64
127
64
129
64
129
64
129
64
127
64
129
64
127
64
129
64
129
64
129
64
129
64
128
64
128
64
127
64
127
64
127
64
129
64
129
64
127
64
128
64
129
64
128
64
128
64
128
64
128
64
128
64
129
64
127
64
127
64
127
64
128
64
128
64
129
64
129
64
127
64
129
64
129
64
127
64
127
64
129
64
127
64
129
64
128
64
127
64
127
64
128
64
129
64
128
64
127
64
129
64
127
64
127
64
129
64
129
64
128
64
129
64
128
64
127
64
127
64
127
64
127
64
128
64
129
64
129
64
129
64
129
64
127
64
127
64
127
64
128
64
127
64
128
64
128
64
129
64
129
64
128
64
128
64
128
64
129
64
127
64
128
64
127
64
129
64
128
64
127
64
127
64
128
64
128
64
128
64
128
64
128
64
129
64
129
64
129
64
127
64
129
64
129
64
129
64
128
64
129
64
127
64
129
64
128
64
127
64
127
64
127
64
129
64
129
64
128
64
127
64
129
64
127
64
128
64
129
64
129
64
129
64
129
64
129
64
128
64
129
64
127
64
129
64
128
64
127
64
129
64
128
64
129
64
129
64
128
64
129
64
127
64
127
64
127
64
127
64
127
64
128
64
129
64
129
64
127
64
129
64
127
64
128
64
127
64
127
64
129
64
127
64
128
64
127
64
127
64
127
64
128
64
128
64
129
64
127
64
127
64
127
64
129
64
129
64
129
64
129
64
128
64
128
64
128
64
127
64
127
64
128
64
129
64
127
64
128
64
127
64
127
64
128
64
129
64
128
64
127
64
127
64
127
64
128
64
127
64
127
64
127
64
128
64
127
64
128
64
128
64
128
64
129
64
128
64
128
64
127
64
128
64
128
64
127
64
129
64
129
64
128
64
128
64
128
64
128
64
127
64
127
64
128
64
127
64
127
64
127
64
129
64
129
64
129
64
128
64
128
64
129
64
127
64
127
64
127
64
127
64
129
64
127
64
129
64
129
64
129
64
127
64
128
64
127
64
128
64
128
64
129
64
128
64
127
64
129
64
129
64
127
64
129
64
129
64
128
64
128
64
128
64
128
64
129
64
128
64
129
64
127
64
129
64
129
64
129
64
129
64
129
64
129
64
127
64
129
64
127
64
128
64
127
64
129
64
129
64
129
64
127
64
127
64
127
64
128
64
127
64
128
64
129
64
129
64
128
64
127
64
129
64
127
64
129
64
128
64
128
64
129
64
129
64
127
64
129
64
128
64
129
64
128
64
127
64
127
64
127
64
127
64
128
64
129
64
127
64
128
64
129
64
128
64
129
64
128
64
127
64
127
64
129
64
129
64
129
64
129
64
128
64
127
64
129
64
127
64
129
64
127
64
128
64
128
64
127
64
129
64
127
64
127
64
127
64
128
64
127
64
128
64
129
64
129
64
129
64
128
64
127
64
129
64
129
64
129
64
129
64
128
64
129
64
127
64
128
64
127
64
129
64
128
64
129
64
127
64
128
