129
129
129
129
129
128
128
127
128
129
128
127
127
127
127
127
127
128
128
128
129
129
130
130
129
130
129
128
127
128
127
127
128
128
129
130
130
130
130
129
129
128
127
128
127
128
128
129
130
130
129
129
129
129
128
128
129
130
129
128
129
128
128
128
127
128
129
128
129
128
129
129
130
130
129
129
129
127
129
130
132
135
136
136
137
139
140
141
141
140
141
141
140
142
142
141
142
145
147
148
148
149
150
149
151
152
154
153
153
154
155
155
158
160
160
162
161
163
164
163
162
162
163
163
163
165
166
166
167
169
171
173
173
174
175
176
176
178
178
178
179
179
180
180
180
179
181
182
183
183
184
184
185
185
185
186
189
190
64
78
92
104
113
123
129
135
142
150
155
159
164
169
172
175
178
183
187
190
64
80
94
107
117
125
135
143
151
157
164
170
173
177
183
188
191
64
80
95
109
121
132
144
153
160
166
171
178
183
190
64
81
98
112
124
137
148
157
166
174
182
188
64
82
99
113
126
137
150
162
172
181
189
64
83
101
118
134
147
159
170
180
188
64
83
101
118
135
149
162
174
184
64
86
106
126
141
157
170
183
64
87
107
126
142
159
174
185
64
87
108
129
147
161
174
189
64
89
109
129
148
166
179
191
64
89
113
134
151
167
183
64
88
111
132
152
168
182
64
90
114
134
154
171
187
64
93
118
141
161
179
64
91
117
140
162
181
64
92
119
141
161
182
64
93
119
144
165
185
64
95
122
146
168
190
64
93
120
145
167
186
64
96
124
147
168
191
64
93
120
146
169
190
64
95
122
148
171
64
95
124
150
173
64
94
124
151
174
64
96
127
152
176
64
96
124
150
174
64
96
127
153
176
64
97
127
154
178
64
95
125
151
174
64
97
127
154
180
64
98
130
158
185
64
99
131
160
186
64
99
130
161
187
64
100
132
162
190
64
101
136
167
64
102
137
168
64
101
134
165
64
101
137
170
64
104
140
171
64
104
140
173
64
103
139
173
64
103
139
172
64
103
140
172
64
105
142
176
64
105
141
173
64
105
141
176
64
103
141
176
64
105
141
174
64
104
141
175
64
106
145
180
64
105
144
179
64
107
145
180
64
105
145
180
64
107
145
180
64
107
145
181
64
107
145
181
64
106
146
180
64
106
143
179
64
106
147
181
64
106
145
181
64
106
144
180
64
107
148
183
64
109
147
182
64
108
146
181
64
107
148
182
64
107
145
180
64
106
146
182
64
108
149
183
64
107
146
180
64
107
146
184
64
108
147
184
64
107
146
181
64
108
146
182
64
108
147
183
64
108
149
183
64
108
147
182
64
106
147
183
64
108
149
185
64
109
147
183
64
108
148
185
64
109
149
184
64
107
147
184
64
108
149
186
64
110
149
184
64
107
147
183
64
108
148
183
64
110
151
187
64
109
147
184
64
108
150
185
64
108
147
183
64
107
146
184
64
106
148
184
64
108
149
185
64
107
147
183
64
109
148
185
64
108
149
184
64
109
149
185
64
108
148
186
64
108
147
183
64
109
150
187
64
108
149
186
64
109
149
185
64
108
148
185
64
107
149
184
64
110
150
185
64
107
146
183
64
109
148
185
64
109
148
184
64
107
147
184
64
108
148
183
64
108
147
184
64
109
149
186
64
108
148
183
64
109
150
185
64
108
147
185
64
107
147
183
64
109
148
184
64
109
148
184
64
107
149
185
64
108
147
183
64
109
148
184
64
108
148
184
64
108
148
185
64
109
149
185
64
108
148
185
64
108
147
184
64
109
149
185
64
109
149
185
64
108
148
183
64
108
148
185
64
108
149
186
64
109
149
185
64
109
150
187
64
107
148
185
64
110
150
187
64
107
147
185
64
107
148
184
64
110
149
185
64
108
149
185
64
108
150
187
64
109
150
187
64
107
147
185
64
109
149
186
64
109
149
186
64
107
148
186
64
108
148
185
64
108
147
182
64
108
148
186
64
108
148
184
64
110
151
187
64
108
149
186
64
107
149
184
64
108
147
184
64
109
149
186
64
108
149
186
64
109
148
184
64
108
148
186
64
109
150
187
64
108
147
183
64
107
146
182
64
108
148
183
64
110
151
186
64
107
147
183
64
107
149
184
64
110
150
185
64
107
146
184
64
109
150
186
64
110
150
186
64
108
147
184
64
107
147
182
64
109
150
187
64
108
149
185
64
108
150
187
64
109
148
183
64
109
149
186
64
108
149
185
64
109
149
184
64
109
148
186
64
109
151
187
64
109
150
185
64
107
146
184
64
107
147
184
64
110
151
187
64
108
149
187
64
107
148
185
64
108
148
184
64
107
146
182
64
109
151
187
64
109
149
184
64
109
148
185
64
108
149
184
64
110
150
187
64
108
147
183
64
109
151
188
64
108
147
184
64
109
149
185
64
107
148
185
64
108
148
183
64
108
147
183
64
108
149
186
64
110
149
184
64
107
147
185
64
107
149
186
64
110
149
185
64
108
149
185
64
109
151
187
64
110
150
185
64
109
150
187
64
107
148
183
64
110
151
188
64
109
148
184
64
107
149
186
64
108
148
183
64
107
148
185
64
109
149
184
64
108
149
186
64
107
148
186
64
108
148
185
64
110
150
186
64
108
147
185
64
107
147
184
64
108
147
182
64
109
148
184
64
109
151
188
64
109
149
185
64
108
147
183
64
107
149
185
64
109
148
183
64
109
149
187
64
109
150
187
64
108
147
182
64
107
146
182
64
108
148
183
64
109
150
187
64
107
146
184
64
109
149
185
64
110
150
187
64
109
149
186
64
109
150
185
64
110
150
187
64
107
148
185
64
107
148
183
64
108
147
182
64
107
147
183
64
108
150
186
64
110
151
186
64
109
149
187
64
108
150
185
64
109
150
187
64
107
148
184
64
108
150
187
64
110
151
186
64
107
146
184
64
107
147
183
64
110
150
185
64
109
148
186
64
109
151
187
64
110
149
186
64
108
149
187
64
107
149
185
64
110
151
187
64
109
150
188
64
109
150
186
64
109
150
187
64
107
148
185
64
107
149
184
64
110
149
185
64
108
149
186
64
107
147
182
64
110
150
187
64
108
147
184
64
108
148
185
64
110
151
187
64
109
150
186
64
108
148
185
64
109
149
184
64
109
148
186
64
107
149
185
64
110
149
185
64
109
148
185
64
108
148
185
64
108
148
184
64
109
150
186
64
108
148
185
64
109
150
186
64
108
149
187
64
108
148
184
64
110
149
186
64
109
150
187
64
107
149
186
64
109
150
185
64
109
148
185
64
107
147
182
64
109
150
187
64
108
148
184
64
108
148
184
64
110
149
184
64
109
150
186
64
107
149
185
64
110
150
185
64
108
149
185
64
108
150
186
64
108
149
185
64
108
148
185
64
107
147
184
64
108
149
185
64
107
146
183
64
109
150
185
64
110
149
185
64
109
149
187
64
107
148
185
64
109
148
183
64
108
148
186
64
109
151
188
64
110
151
188
64
109
148
184
64
107
148
184
64
110
151
187
64
107
147
184
64
109
151
187
64
108
149
185
64
107
147
184
64
108
148
185
64
108
147
183
64
109
150
186
64
108
150
186
64
108
149
185
64
107
148
185
64
109
150
185
64
109
149
185
64
108
148
186
64
109
151
187
64
110
149
184
64
107
146
182
64
108
148
185
64
109
150
185
64
109
148
185
64
109
151
188
64
108
149
184
64
108
147
185
64
108
150
186
64
109
149
185
64
109
149
186
64
108
150
186
64
108
147
182
64
107
147
185
64
108
149
186
64
109
150
187
64
107
146
182
64
109
150
186
64
109
148
183
64
107
146
182
64
109
150
185
64
110
149
186
64
107
148
185
64
109
149
184
64
110
151
188
64
109
149
185
64
108
149
186
64
108
148
185
64
107
146
184
64
108
150
185
64
109
149
186
64
107
147
183
64
109
150
187
64
108
149
185
64
109
148
186
64
107
149
184
64
108
147
184
64
107
147
185
64
108
149
184
64
109
149
186
64
108
148
185
64
108
148
185
64
110
150
186
64
109
149
185
64
108
149
185
64
110
151
187
64
108
148
186
64
109
149
186
64
110
151
187
64
107
148
185
64
109
150
186
64
110
149
184
64
108
149
185
64
108
149
184
64
109
148
184
64
109
150
188
64
107
148
183
64
110
151
186
64
108
149
185
64
109
151
187
64
110
151
188
64
107
147
185
64
109
151
186
64
108
148
183
64
107
148
185
64
108
150
187
64
110
151
188
64
108
149
185
64
107
147
182
64
110
149
185
64
108
147
183
64
107
147
183
64
109
149
185
64
109
148
186
64
107
148
183
64
109
150
187
64
109
149
187
64
107
147
183
64
109
148
183
64
108
149
185
64
108
148
185
64
109
149
184
64
107
146
184
64
108
148
185
64
108
149
184
64
107
147
183
64
107
148
184
64
110
150
185
64
109
148
186
64
109
151
186
64
109
150
186
64
107
148
185
64
108
148
185
64
109
150
186
64
109
150
187
64
108
148
185
64
109
148
185
64
108
149
186
64
107
147
183
64
109
150
185
64
109
148
184
64
109
150
187
64
110
149
186
64
109
149
185
64
109
151
188
64
110
151
188
64
109
149
187
64
109
149
185
64
110
149
184
64
108
148
184
64
107
147
183
64
109
150
186
64
107
148
185
64
109
150
185
64
110
151
186
64
107
148
186
64
107
148
183
64
108
148
183
64
107
148
185
64
108
148
185
64
109
150
187
64
108
148
186
64
108
149
185
64
109
150
186
64
108
147
185
64
107
147
184
64
110
150
186
64
109
148
185
64
109
150
187
64
108
147
184
64
107
147
184
64
107
149
184
64
109
149
185
64
107
146
182
64
109
149
184
64
110
149
186
64
109
150
187
64
109
151
186
64
110
149
185
64
108
149
187
64
109
149
185
64
108
149
185
64
108
149
185
64
109
150
185
64
108
149
184
64
107
147
185
64
109
150
186
64
108
148
183
64
108
147
184
64
107
149
184
64
108
148
184
64
107
146
182
64
108
149
186
64
110
150
186
64
107
146
182
64
107
148
184
64
108
147
184
64
108
147
183
64
108
149
184
64
108
148
184
64
109
150
188
64
109
151
188
64
109
148
184
64
107
147
183
64
108
148
184
64
108
149
185
64
108
149
186
64
107
147
183
64
109
148
185
64
108
149
186
64
109
149
185
64
109
150
186
64
108
148
186
64
109
149
186
64
108
149
186
64
107
146
182
64
107
147
182
64
109
149
185
64
108
148
186
64
109
150
186
64
108
149
184
64
108
149
187
64
108
150
185
64
109
148
183
64
108
147
185
64
109
150
185
64
110
150
186
64
109
150
188
64
107
149
184
64
109
148
185
64
109
149
185
64
109
151
188
64
110
149
184
64
107
148
185
64
108
149
186
64
108
148
184
64
108
147
183
64
109
151
186
64
108
148
183
64
109
149
187
64
108
150
185
64
109
150
185
64
108
149
186
64
109
149
185
64
110
149
184
64
109
149
186
64
109
151
187
64
110
151
188
64
108
148
186
64
108
148
185
64
110
149
186
64
107
147
184
64
108
150
187
64
108
147
184
64
107
146
183
64
108
150
187
64
109
150
187
64
107
148
184
64
109
151
187
64
108
148
183
64
107
148
184
64
108
148
183
64
109
150
187
64
108
147
183
64
109
150
186
64
110
150
187
64
108
149
186
64
108
149
185
64
108
148
185
64
108
148
184
64
108
148
183
64
109
149
186
64
107
146
182
64
107
147
184
64
109
150
186
64
107
148
185
64
108
148
185
64
110
149
185
64
109
148
186
64
107
149
184
64
110
149
186
64
108
148
184
64
109
151
188
64
110
151
187
64
109
150
187
64
109
149
185
64
108
149
185
64
108
148
184
64
107
149
184
64
108
149
186
64
108
148
186
64
108
149
185
64
109
148
183
64
108
148
186
64
109
150
186
64
108
147
184
64
109
150
187
64
108
149
184
64
108
149
184
64
108
149
185
64
109
150
186
64
108
149
186
64
107
146
182
64
107
148
185
64
110
150
185
64
108
147
184
64
109
149
186
64
109
150
185
64
108
148
186
64
108
149
185
64
108
148
183
64
107
147
184
64
108
149
185
64
109
149
184
64
109
150
186
64
109
150
186
64
109
148
183
64
109
150
186
64
108
148
183
64
108
148
185
64
107
146
183
64
108
149
185
64
109
150
185
64
109
149
185
64
109
151
188
64
110
151
188
64
109
149
185
64
109
151
186
64
108
148
185
64
108
149
187
64
108
148
183
64
110
150
187
64
109
148
185
64
108
149
185
64
108
149
185
64
109
149
185
64
107
147
183
64
110
151
187
64
107
148
185
64
108
148
184
64
109
148
184
64
109
150
187
64
108
149
185
64
109
148
185
64
108
147
183
64
109
149
185
64
109
148
185
64
108
147
183
64
107
149
186
64
108
149
184
64
109
150
187
64
107
149
185
64
109
150
185
64
109
150
187
64
108
148
184
64
109
148
185
64
107
148
184
64
108
149
185
64
109
150
187
64
107
148
185
64
108
150
185
64
110
151
186
64
109
150
188
64
109
150
186
64
108
149
185
64
109
150
187
64
107
149
184
64
109
149
185
64
109
149
187
64
109
149
184
64
110
150
186
64
109
148
184
64
109
149
185
64
110
150
185
64
109
148
186
64
108
148
184
64
110
150
186
64
109
149
185
64
109
151
188
64
110
150
186
64
107
148
185
64
109
150
187
64
110
151
188
64
108
148
186
64
107
148
185
64
108
148
185
64
107
147
183
64
108
150
186
64
109
148
183
64
109
149
185
64
107
147
182
64
110
151
186
64
107
147
184
64
109
150
186
64
108
148
183
64
109
150
188
64
107
147
182
64
109
149
185
64
109
150
188
64
109
151
188
64
109
149
186
64
109
148
186
64
107
148
185
64
110
151
187
64
109
149
187
64
107
148
183
64
109
149
185
64
109
148
184
64
108
150
186
64
108
148
185
64
107
146
183
64
109
151
186
64
109
149
185
64
109
148
184
64
108
149
184
64
110
149
185
64
109
150
188
64
109
150
186
64
110
150
186
64
109
149
185
64
107
147
183
64
109
149
186
64
109
148
186
64
109
149
184
64
110
151
188
64
108
147
185
64
108
150
186
64
109
149
185
64
107
146
182
64
107
147
183
64
108
149
185
64
109
148
185
64
107
147
182
64
109
148
183
64
109
148
186
64
108
150
186
64
110
151
188
64
109
148
