127
128
129
129
129
130
131
132
132
133
133
133
133
134
133
132
133
133
134
132
132
131
131
130
130
131
130
129
129
128
128
128
128
127
126
127
127
128
128
127
127
128
127
126
126
126
125
126
127
128
129
129
128
127
127
126
126
125
125
125
124
123
124
124
123
123
123
124
125
125
126
125
124
123
125
126
125
124
125
125
125
126
128
127
127
126
126
127
126
127
128
127
127
128
127
128
129
129
128
127
128
128
129
130
128
129
130
129
129
130
130
129
128
127
127
126
125
125
126
127
127
126
125
124
124
124
123
123
122
124
123
123
122
122
122
122
123
125
125
125
125
126
127
127
126
126
125
126
126
126
127
126
127
126
126
126
128
127
128
128
127
127
126
126
125
125
127
127
127
126
125
124
125
125
125
125
126
126
126
127
128
129
130
131
131
130
129
130
130
129
128
128
129
128
128
128
127
128
128
128
127
128
128
127
127
128
128
128
127
128
127
126
127
128
128
128
129
129
129
129
129
130
129
130
131
129
130
131
132
130
130
131
130
129
128
128
129
128
127
128
129
130
130
130
129
128
127
127
126
126
127
126
127
128
127
128
127
127
127
126
125
126
125
124
124
125
126
125
124
125
126
126
126
127
128
127
126
127
126
126
125
124
125
125
126
125
124
126
126
126
127
126
126
126
127
126
126
127
126
126
125
126
125
126
126
127
127
126
126
128
129
127
128
127
128
131
131
131
133
134
136
136
138
137
136
136
136
136
137
137
137
139
139
139
139
140
141
141
140
141
139
140
142
144
144
144
146
146
148
147
147
147
147
149
148
149
150
151
150
152
152
153
154
153
153
153
155
156
156
155
154
153
153
154
154
155
158
160
161
163
164
163
164
163
163
164
163
162
163
165
166
166
167
168
169
170
169
170
171
171
169
168
168
168
171
171
173
175
176
175
174
175
175
175
174
173
175
175
177
178
179
180
180
181
182
182
182
183
183
184
186
187
188
189
187
187
188
187
187
188
188
188
189
189
188
188
189
189
189
190
64
78
90
102
111
119
126
133
140
148
152
157
163
166
168
170
173
174
179
183
184
186
189
64
77
91
101
112
123
131
139
147
152
158
163
168
174
178
182
186
188
190
64
77
92
106
119
127
137
146
153
158
164
170
174
180
183
186
188
64
81
97
111
122
131
139
147
153
162
168
173
179
184
189
64
78
95
108
119
130
139
147
156
162
169
175
180
185
189
64
79
94
107
121
134
144
151
160
167
173
179
186
64
80
96
110
122
133
145
154
162
169
175
180
184
190
64
80
95
109
120
133
142
151
160
168
176
181
188
64
80
96
111
125
138
147
156
166
171
178
184
189
64
80
96
111
124
136
145
154
162
169
176
181
187
64
81
95
110
122
135
147
156
165
173
178
182
188
64
82
97
111
123
133
143
153
163
170
177
184
188
64
80
96
110
125
136
146
154
163
170
176
182
186
64
82
97
110
124
134
145
153
159
167
173
179
185
191
64
81
97
111
123
135
145
153
163
171
178
183
187
64
81
97
111
123
133
144
153
161
170
177
182
188
64
80
95
107
120
133
143
151
159
165
171
178
183
188
191
64
81
97
111
123
133
142
150
157
164
172
178
183
187
64
80
95
107
121
133
143
153
161
168
174
181
186
190
64
81
96
111
123
135
145
154
162
167
174
179
184
190
64
80
94
107
118
127
137
146
155
162
169
174
179
184
189
64
81
96
111
124
135
144
152
160
167
173
178
185
188
64
79
93
106
118
129
138
149
156
163
170
176
181
187
189
64
80
97
110
123
134
142
149
158
164
169
176
180
186
189
64
81
94
108
120
132
142
150
157
165
170
175
179
183
188
64
81
97
112
124
134
144
151
158
167
174
179
185
191
64
81
94
106
118
129
139
147
155
163
170
176
179
184
190
64
81
97
109
120
130
140
150
157
164
170
175
179
183
187
191
64
80
96
111
123
134
143
152
161
167
173
178
185
191
64
79
94
106
118
130
139
148
156
165
170
176
180
185
191
64
82
96
110
122
133
142
149
159
168
174
180
184
188
64
81
96
109
122
133
144
152
159
165
170
176
181
188
64
80
95
107
118
128
139
150
159
166
172
178
183
189
64
81
97
110
122
134
143
152
161
169
173
177
182
187
64
79
95
108
119
131
140
149
159
166
172
179
184
188
64
79
96
111
122
134
144
153
159
165
170
177
183
188
64
80
96
111
122
132
142
151
160
167
173
179
183
187
190
64
78
95
110
123
134
144
151
159
166
171
177
181
187
64
81
97
110
121
131
140
149
158
166
171
178
183
189
191
64
80
95
109
121
132
140
149
158
163
170
177
183
189
64
80
94
108
121
131
143
152
160
167
172
177
183
188
64
79
95
108
121
132
142
150
158
165
171
176
182
186
191
64
79
93
105
118
130
139
149
156
164
171
177
180
186
190
64
80
95
108
121
130
141
150
157
165
173
180
185
190
64
79
93
107
118
129
139
148
156
163
170
176
182
185
189
64
80
96
109
122
132
143
152
160
168
175
180
186
190
64
81
96
108
120
132
143
153
162
168
174
180
185
190
64
80
95
107
118
129
139
147
154
163
171
176
181
185
188
64
81
96
107
120
133
143
152
159
166
172
178
183
188
64
79
94
107
119
131
139
149
155
163
170
177
181
186
189
64
80
93
107
121
132
141
151
159
167
172
177
183
186
190
64
80
95
108
121
131
139
147
155
163
170
176
180
184
187
64
80
95
108
120
130
139
148
156
163
168
173
178
183
188
64
81
96
109
121
130
140
151
160
167
172
177
183
186
191
64
80
97
109
122
133
141
151
158
165
171
177
184
190
64
79
93
107
118
127
138
145
155
161
167
174
180
185
188
191
64
80
95
108
122
131
140
147
154
159
166
172
178
183
187
64
80
94
108
118
130
140
148
157
164
172
178
181
185
188
191
64
81
97
112
125
136
146
154
163
170
177
185
191
64
81
95
110
122
133
147
157
166
174
183
191
64
83
100
114
129
141
153
164
173
182
188
64
83
98
115
129
142
154
163
173
183
64
84
101
118
133
145
159
169
178
187
64
85
105
122
137
151
163
175
183
64
85
106
122
139
153
165
176
187
64
85
105
124
141
157
170
182
64
88
108
127
144
157
171
184
64
88
111
131
147
162
174
185
64
90
113
133
149
164
179
64
87
110
131
150
166
180
64
89
112
134
151
167
184
64
91
115
137
154
171
186
64
90
113
136
157
177
64
91
116
137
157
174
191
64
92
118
141
162
181
64
91
116
139
160
179
64
92
118
140
162
182
64
93
120
145
166
186
64
94
121
143
167
188
64
95
123
149
170
189
64
94
121
146
171
64
96
126
151
174
64
94
122
150
175
64
97
127
153
176
64
98
130
156
182
64
97
128
156
181
64
96
127
158
184
64
99
132
160
185
64
99
133
162
188
64
99
132
160
188
64
101
134
165
64
101
134
163
189
64
98
132
161
190
64
100
135
165
191
64
101
136
165
64
100
133
163
190
64
101
134
166
64
102
137
169
64
101
137
168
64
103
137
168
64
104
138
170
64
102
137
170
64
104
142
174
64
103
139
171
64
104
142
177
64
104
143
175
64
106
144
177
64
105
142
178
64
106
144
179
64
107
145
180
64
107
146
182
64
106
146
182
64
107
148
183
64
106
144
180
64
108
150
186
64
108
147
184
64
110
151
187
64
108
150
185
64
108
150
186
64
109
149
185
64
109
151
187
64
109
150
187
64
108
150
189
64
107
149
187
64
110
151
188
64
109
150
190
64
111
153
191
64
110
152
189
64
111
152
191
64
110
153
190
64
109
151
191
64
110
151
191
64
110
154
64
111
157
64
112
156
64
113
158
64
112
159
64
115
159
64
113
160
64
114
159
64
117
165
64
118
165
64
116
165
64
118
167
64
119
167
64
119
167
64
119
169
64
121
171
64
118
169
64
121
171
64
119
171
64
121
171
64
122
176
64
123
175
64
121
174
64
124
176
64
122
176
64
122
175
64
123
179
64
125
178
64
122
177
64
125
178
64
124
179
64
125
178
64
125
181
64
124
178
64
124
178
64
126
181
64
125
180
64
125
180
64
127
183
64
127
181
64
125
180
64
128
183
64
127
183
64
126
181
64
125
183
64
128
185
64
126
182
64
125
182
64
126
184
64
126
183
64
126
182
64
126
184
64
125
182
64
128
183
64
126
182
64
127
183
64
127
183
64
128
184
64
128
184
64
128
185
64
125
182
64
127
185
64
127
185
64
126
181
64
126
186
64
127
184
64
127
184
64
129
187
64
127
184
64
127
184
64
125
184
64
128
185
64
127
183
64
127
185
64
126
184
64
128
185
64
126
184
64
129
186
64
128
185
64
126
182
64
127
186
64
127
183
64
127
183
64
127
186
64
127
185
64
129
185
64
127
185
64
127
184
64
127
184
64
128
186
64
127
184
64
127
184
64
128
185
64
128
185
64
128
188
64
129
186
64
127
186
64
127
185
64
128
187
64
127
185
64
128
187
64
129
186
64
127
185
64
129
186
64
127
186
64
129
188
64
127
187
64
127
186
64
127
186
64
128
185
64
127
184
64
128
186
64
127
187
64
129
186
64
128
187
64
128
186
64
128
187
64
129
185
64
128
187
64
129
187
64
127
186
64
128
186
64
128
186
64
129
186
64
129
188
64
130
187
64
126
186
64
128
187
64
128
186
64
128
185
64
129
188
64
130
186
64
126
184
64
129
187
64
127
186
64
128
187
64
128
187
64
130
187
64
127
186
64
129
186
64
128
187
64
129
187
64
126
183
64
129
188
64
128
186
64
128
184
64
128
185
64
129
185
64
126
186
64
128
184
64
129
187
64
128
186
64
128
185
64
128
187
64
129
186
64
127
183
64
127
185
64
130
188
64
128
186
64
129
186
64
128
188
64
128
187
64
127
185
64
130
188
64
129
187
64
129
185
64
127
185
64
127
185
64
126
185
64
128
187
64
128
187
64
127
183
64
127
187
64
128
184
64
127
185
64
127
186
64
128
188
64
127
185
64
128
188
64
130
189
64
127
184
64
128
185
64
127
185
64
127
184
64
128
186
64
128
185
64
129
186
64
127
183
64
129
188
64
128
184
64
126
183
64
129
186
64
128
186
64
128
184
64
127
186
64
129
188
64
128
187
64
127
185
64
128
186
64
128
186
64
126
184
64
130
189
64
127
185
64
127
183
64
129
187
64
128
186
64
127
185
64
128
186
64
129
186
64
129
186
64
126
183
64
129
188
64
127
185
64
127
185
64
129
189
64
129
188
64
126
184
64
130
187
64
127
184
64
127
183
64
128
187
64
130
188
64
127
186
64
127
184
64
127
185
64
129
187
64
126
185
64
130
187
64
128
187
64
128
186
64
129
189
64
127
186
64
127
187
64
129
188
64
129
188
64
128
186
64
128
188
64
129
187
64
126
184
64
128
185
64
127
185
64
127
184
64
128
186
64
130
187
64
126
186
64
129
188
64
129
187
64
129
186
64
128
185
64
128
186
64
127
186
64
127
184
64
127
186
64
128
186
64
128
186
64
126
184
64
128
186
64
129
186
64
128
185
64
130
188
64
126
186
64
129
184
64
128
188
64
129
187
64
126
185
64
126
184
64
129
186
64
127
185
64
127
184
64
130
188
64
126
185
64
129
184
64
127
187
64
129
186
64
127
185
64
126
184
64
128
186
64
128
185
64
127
183
64
127
186
64
128
187
64
127
182
64
128
186
64
129
187
64
127
185
64
128
187
64
127
186
64
129
185
64
128
186
64
129
186
64
126
185
64
127
182
64
129
187
64
127
185
64
127
184
64
126
184
64
129
188
64
129
185
64
126
182
64
129
187
64
127
186
64
129
186
64
128
185
64
129
186
64
128
185
64
128
185
64
128
186
64
127
185
64
127
184
64
128
187
64
128
185
64
129
184
64
127
186
64
129
185
64
126
184
64
127
183
64
129
186
64
128
185
64
127
183
64
129
186
64
127
184
64
127
184
64
125
184
64
127
186
64
128
187
64
126
183
64
127
185
64
129
186
64
127
183
64
130
188
64
128
185
64
127
183
64
129
187
64
128
185
64
127
186
64
127
184
64
129
187
64
127
185
64
126
183
64
128
186
64
128
186
64
127
184
64
128
185
64
127
186
64
128
186
64
130
186
64
129
186
64
128
186
64
127
185
64
127
185
64
126
184
64
127
183
64
129
187
64
128
184
64
128
184
64
130
186
64
127
185
64
127
183
64
128
187
64
128
186
64
126
183
64
127
186
64
129
187
64
127
185
64
126
183
64
128
186
64
127
186
64
128
185
64
128
186
64
129
187
64
126
184
64
126
184
64
127
186
64
127
184
64
127
184
64
130
188
64
126
184
64
128
185
64
128
187
64
127
185
64
128
187
64
128
185
64
127
186
64
127
184
64
127
183
64
128
187
64
128
186
64
129
186
64
129
188
64
128
184
64
128
187
64
127
184
64
127
185
64
129
186
64
127
185
64
127
184
64
128
185
64
129
186
64
127
185
64
128
186
64
128
185
64
127
185
64
127
186
64
129
185
64
126
182
64
129
187
64
126
183
64
127
184
64
128
185
64
128
184
64
126
184
64
128
186
64
127
184
64
129
185
64
127
185
64
129
186
64
128
186
64
127
184
64
129
186
64
127
183
64
126
184
64
128
187
64
127
186
64
127
185
64
126
184
64
129
186
64
127
186
64
127
186
64
127
185
64
127
185
64
127
184
64
129
185
64
126
186
64
128
186
64
127
186
64
128
185
64
128
187
64
128
187
64
128
185
64
129
185
64
127
187
64
129
187
64
127
184
64
129
186
64
127
184
64
127
185
64
126
185
64
128
185
64
127
187
64
128
185
64
127
185
64
127
185
64
126
184
64
128
187
64
127
186
64
129
186
64
128
186
64
129
186
64
126
184
64
129
186
64
129
187
64
127
186
64
126
184
64
129
188
64
129
188
64
128
184
64
129
189
64
129
188
64
126
184
64
130
189
64
129
187
64
128
184
64
128
188
64
129
186
64
126
185
64
127
184
64
127
186
64
127
186
64
128
185
64
128
185
64
128
185
64
129
186
64
128
188
64
129
188
64
126
185
64
129
186
64
127
185
64
129
187
64
126
184
64
128
186
64
128
187
64
129
186
64
127
187
64
127
186
64
126
183
64
127
185
64
127
184
64
128
186
64
127
187
64
128
186
64
128
187
64
129
185
