129
128
129
130
131
131
131
132
130
129
130
129
128
127
128
129
130
128
127
128
129
128
128
129
129
128
129
130
130
129
130
130
128
128
128
127
128
128
128
127
127
127
126
125
125
125
125
124
125
126
127
127
128
127
128
127
128
129
129
128
127
126
125
124
126
127
127
126
127
126
126
125
126
125
126
125
125
127
126
127
126
125
124
125
126
125
126
126
126
126
126
126
126
126
126
127
126
126
126
126
125
126
126
126
127
127
127
128
128
129
128
129
129
129
127
128
127
126
127
128
128
129
127
127
126
127
127
126
125
124
125
124
124
126
125
124
125
127
127
127
128
129
129
128
129
129
130
130
129
128
127
128
127
127
126
125
125
126
127
126
127
127
126
127
128
127
128
127
126
125
126
126
126
126
125
124
125
124
124
125
124
123
125
126
125
126
126
128
128
129
128
129
128
127
127
128
129
130
131
131
132
132
132
132
131
130
130
129
130
129
129
129
130
129
128
128
129
130
130
129
129
129
129
128
127
127
127
127
127
126
127
126
127
128
129
128
128
127
127
126
126
127
128
127
127
128
127
127
126
127
126
126
125
125
125
124
125
126
125
125
125
126
126
127
126
127
127
126
127
128
127
127
128
127
126
127
128
127
126
127
127
127
126
125
127
128
127
127
128
129
130
129
129
130
129
130
129
129
129
130
129
130
129
129
129
129
130
131
130
130
130
128
127
127
128
127
126
125
125
126
127
127
126
126
126
126
125
125
124
125
124
123
123
122
124
123
124
123
123
125
124
123
123
123
123
122
124
123
123
122
123
122
124
123
123
124
123
123
124
125
125
126
126
126
125
127
126
127
128
129
129
130
129
128
128
127
127
127
127
126
126
126
128
128
128
127
127
127
127
128
128
129
129
128
127
126
127
128
129
128
127
126
125
125
124
125
126
127
127
126
127
126
125
127
126
125
124
125
126
127
128
129
128
129
130
129
129
128
127
126
127
128
128
127
126
125
125
126
126
125
125
125
126
127
128
128
129
128
129
129
129
127
128
129
128
128
127
128
128
128
127
127
126
126
127
128
128
127
127
126
126
125
126
127
127
128
129
129
128
129
129
128
127
126
125
126
125
125
126
125
126
125
125
125
127
126
126
126
125
124
124
123
125
124
125
124
126
125
124
124
124
123
123
122
123
124
124
123
122
124
123
125
126
127
126
127
126
125
126
127
127
127
128
128
129
129
130
128
128
129
129
128
128
127
127
126
126
125
124
126
125
124
125
126
126
125
124
126
125
124
125
125
124
124
124
124
124
126
125
126
126
127
127
127
126
126
127
128
127
127
126
125
125
126
127
127
126
125
124
126
125
124
125
125
124
123
123
124
126
127
126
127
127
127
126
125
126
127
128
127
127
128
127
126
127
127
128
127
128
128
127
127
127
126
126
125
125
124
124
124
125
126
127
128
129
129
129
129
128
129
128
127
127
126
127
127
126
127
127
127
127
127
128
129
129
128
129
130
128
128
128
129
128
128
127
126
127
128
128
128
127
128
128
128
129
128
128
127
128
128
127
128
129
130
128
127
126
127
128
129
128
129
128
129
128
129
130
130
129
128
127
126
125
124
124
123
124
123
123
125
125
125
126
126
126
125
125
127
127
128
127
126
125
126
126
127
128
128
129
129
129
129
129
128
127
126
125
125
126
125
127
126
125
126
126
127
126
127
128
127
128
128
129
130
130
131
130
128
128
127
128
129
130
131
129
130
131
132
132
131
131
132
133
131
132
130
131
132
130
130
130
129
127
128
127
128
128
127
127
128
129
128
129
129
128
128
127
126
125
125
125
126
125
125
126
126
126
125
124
123
123
124
126
127
127
127
127
126
125
124
126
127
128
129
129
130
130
131
132
131
130
129
128
128
127
127
126
125
124
124
124
125
125
126
127
128
127
127
127
126
126
125
126
125
124
125
127
126
125
126
127
127
128
129
130
131
130
130
130
131
129
128
127
127
127
128
128
129
129
130
129
129
130
131
130
129
130
129
130
130
129
128
128
129
130
129
128
129
129
130
129
129
128
128
129
130
129
129
130
130
130
129
130
130
131
130
129
129
129
128
127
128
128
127
127
127
127
127
128
127
127
127
127
128
127
128
129
129
129
128
128
129
128
129
128
127
127
128
128
129
129
129
128
127
126
127
128
127
126
127
126
126
127
127
128
127
128
127
126
127
126
126
126
126
126
125
125
126
127
127
126
125
124
124
125
125
127
127
128
129
128
129
127
128
128
129
130
131
132
132
131
133
135
137
138
140
140
142
144
146
149
151
153
155
157
159
160
162
165
166
168
170
173
174
176
178
179
183
187
188
189
190
64
80
94
107
117
126
134
143
153
162
169
176
181
188
64
82
98
111
122
136
147
158
167
175
181
190
64
82
98
114
129
144
155
167
177
185
64
86
105
123
138
151
163
174
185
64
85
103
120
136
152
166
179
189
64
88
109
128
144
160
173
186
64
86
109
130
147
163
176
191
64
89
112
133
151
168
182
64
87
112
135
152
168
183
64
91
115
135
154
172
190
64
89
114
136
156
173
188
64
93
118
140
160
177
64
91
117
138
158
176
64
91
117
140
161
179
64
91
118
142
164
182
64
92
120
143
164
183
64
92
119
142
165
186
64
92
120
147
169
189
64
95
124
148
171
191
64
95
124
149
171
191
64
97
125
151
176
64
97
126
153
178
64
96
126
153
176
64
99
129
155
178
64
99
129
156
180
64
98
129
158
184
64
97
130
160
184
64
98
129
156
182
64
99
129
156
182
64
100
132
160
186
64
98
130
159
185
64
100
133
160
185
64
101
132
160
188
64
98
129
159
187
64
100
131
162
189
64
99
131
160
187
64
100
131
160
186
64
97
127
157
183
64
97
127
155
181
64
97
126
157
182
64
99
130
157
184
64
97
129
158
184
64
97
126
155
180
64
98
127
154
180
64
98
127
157
182
64
97
127
156
181
64
97
126
155
180
64
98
128
156
179
64
97
129
156
179
64
97
127
156
182
64
99
129
157
184
64
98
130
160
186
64
101
131
159
185
64
99
131
160
187
64
98
130
161
187
64
98
131
161
187
64
101
134
163
187
64
101
132
162
190
64
100
131
162
188
64
101
134
164
64
102
135
168
64
102
138
170
64
103
138
169
64
103
139
172
64
104
141
175
64
104
142
176
64
105
142
176
64
104
141
175
64
108
145
177
64
107
146
181
64
107
147
183
64
107
145
180
64
107
145
181
64
108
149
185
64
108
147
182
64
109
149
185
64
109
149
187
64
109
151
187
64
110
150
187
64
109
149
188
64
109
150
188
64
109
151
189
64
110
151
189
64
111
151
187
64
109
152
189
64
109
151
189
64
112
154
190
64
111
151
191
64
109
152
191
64
111
154
191
64
111
153
191
64
109
154
64
111
156
64
111
154
64
112
156
64
112
154
64
112
155
64
110
155
64
110
154
64
112
156
64
110
153
64
110
153
64
111
155
64
111
154
64
111
155
64
112
155
64
110
153
64
110
154
64
112
157
64
110
156
64
110
155
64
110
154
64
112
157
64
112
157
64
111
156
64
112
156
64
111
157
64
110
156
64
110
156
64
112
157
64
111
156
64
111
154
64
113
158
64
112
156
64
111
156
64
113
158
64
113
157
64
112
157
64
111
154
64
111
154
64
111
154
64
111
154
64
113
156
64
113
157
64
112
157
64
113
156
64
111
156
64
111
156
64
112
156
64
112
157
64
111
155
64
113
158
64
113
157
64
111
155
64
113
156
64
113
158
64
113
157
64
111
155
64
111
156
64
112
156
64
112
157
64
112
157
64
113
158
64
111
157
64
112
156
64
112
157
64
113
158
64
112
158
64
111
156
64
113
159
64
112
158
64
113
159
64
111
156
64
113
157
64
113
158
64
111
157
64
112
156
64
113
158
64
113
158
64
113
159
64
111
155
64
112
156
64
113
157
64
113
158
64
111
156
64
111
156
64
113
159
64
112
157
64
113
159
64
111
155
64
113
158
64
112
158
64
113
157
64
112
157
64
112
156
64
113
157
64
112
156
64
111
155
64
112
158
64
113
157
64
113
158
64
112
157
64
111
157
64
113
157
64
112
158
64
112
157
64
112
156
64
113
158
64
111
156
64
113
159
64
111
155
64
111
156
64
111
155
64
113
157
64
113
157
64
112
156
64
111
155
64
113
158
64
111
155
64
113
158
64
113
157
64
111
155
64
112
157
64
113
157
64
113
158
64
112
157
64
113
158
64
113
158
64
111
155
64
112
158
64
113
157
64
111
156
64
113
158
64
112
156
64
111
155
64
113
157
64
112
156
64
112
158
64
111
157
64
112
156
64
113
159
64
111
156
64
112
158
64
111
156
64
113
157
64
111
156
64
112
156
64
111
157
64
111
155
64
111
155
64
112
156
64
113
158
64
111
156
64
111
155
64
112
156
64
113
157
64
113
159
64
112
158
64
111
157
64
112
156
64
113
157
64
112
158
64
111
157
64
113
158
64
112
157
64
111
156
64
112
158
64
112
158
64
111
155
64
112
156
64
113
157
64
112
158
64
112
157
64
112
157
64
111
156
64
111
156
64
111
155
64
111
157
64
112
156
64
112
158
64
111
157
64
112
157
64
111
156
64
112
158
64
111
155
64
111
157
64
112
157
64
112
158
64
113
159
64
112
156
64
111
156
64
111
155
64
111
157
64
112
156
64
112
158
64
112
156
64
113
159
64
113
157
64
111
156
64
111
157
64
112
158
64
111
156
64
112
156
64
113
158
64
111
156
64
112
158
64
112
157
64
112
157
64
112
157
64
112
158
64
111
157
64
113
157
64
113
159
64
113
159
64
113
159
64
111
155
64
113
159
64
111
156
64
112
158
64
111
156
64
111
157
64
111
157
64
111
156
64
111
156
64
111
155
64
112
156
64
113
159
64
112
158
64
111
156
64
113
158
64
112
156
64
112
157
64
111
157
64
112
158
64
111
157
64
111
157
64
111
156
64
113
157
64
113
157
64
111
155
64
112
157
64
111
156
64
113
158
64
113
159
64
111
156
64
111
156
64
113
157
64
113
159
64
111
156
64
113
158
64
111
156
64
111
157
64
111
157
64
111
157
64
111
156
64
112
158
64
113
159
64
111
155
64
113
157
64
112
157
64
112
157
64
113
158
64
111
157
64
113
158
64
112
158
64
112
157
64
113
159
64
112
158
64
112
156
64
111
157
64
113
158
64
113
157
64
111
157
64
113
158
64
113
158
64
113
158
64
113
159
64
113
158
64
113
158
64
111
155
64
111
155
64
111
157
64
111
157
64
113
159
64
113
158
64
111
155
64
112
157
64
112
158
64
111
157
64
112
156
64
111
155
64
111
157
64
112
156
64
113
159
64
113
157
64
112
158
64
113
158
64
112
156
64
111
155
64
113
159
64
112
158
64
113
157
64
113
159
64
111
156
64
112
157
64
113
157
64
111
155
64
113
159
64
111
156
64
113
159
64
112
158
64
111
157
64
111
157
64
112
157
64
112
156
64
112
156
64
113
157
64
112
157
64
113
159
64
111
157
64
112
157
64
111
156
64
112
156
64
111
156
64
112
156
64
112
157
64
111
155
64
111
157
64
111
157
64
111
157
64
112
157
64
111
157
64
112
158
64
113
157
64
113
159
64
113
159
64
113
159
64
112
157
64
112
158
64
113
157
64
112
157
64
111
157
64
112
158
64
111
157
64
111
156
64
111
156
64
112
158
64
113
159
64
112
158
64
111
156
64
112
157
64
111
156
64
112
156
64
111
155
64
113
157
64
112
158
64
111
156
64
113
157
64
113
158
64
113
157
64
111
156
64
112
157
64
112
157
64
112
157
64
111
157
64
112
158
64
113
158
64
112
156
64
111
155
64
111
155
64
112
156
64
113
159
64
113
159
64
111
155
64
112
157
64
113
158
64
111
155
64
113
158
64
112
158
64
111
157
64
113
159
64
113
158
64
113
159
64
111
156
64
111
155
64
113
158
64
111
156
64
113
157
64
113
157
64
113
159
64
112
156
64
112
156
64
113
158
64
112
157
64
113
159
64
112
158
64
112
157
64
112
157
64
111
157
64
113
157
64
112
158
64
113
157
64
113
159
64
112
156
64
111
156
64
111
157
64
112
157
64
112
156
64
113
159
64
112
157
64
111
155
64
112
156
64
111
155
64
112
158
64
112
157
64
111
155
64
112
157
64
113
158
64
111
157
64
112
156
64
111
155
64
113
157
64
111
157
64
111
155
64
112
157
64
111
156
64
112
156
64
113
158
64
111
156
64
111
157
64
112
157
64
112
158
64
112
158
64
113
158
64
112
158
64
111
157
64
111
157
64
111
155
64
111
157
64
113
157
64
113
158
64
113
157
64
113
158
64
112
158
64
111
156
64
113
157
64
111
155
64
111
155
64
112
156
64
111
156
64
112
157
64
112
156
64
112
157
64
113
158
64
113
157
64
112
156
64
113
159
64
111
155
64
111
157
64
113
159
64
111
155
64
113
159
64
113
158
64
111
157
64
111
155
64
111
157
64
112
156
64
112
156
64
111
157
64
113
158
64
111
157
64
111
155
64
113
158
64
113
159
64
113
159
64
112
157
64
112
157
64
112
157
64
112
157
64
111
155
64
113
157
64
112
157
64
113
157
64
113
158
64
112
156
64
113
159
64
112
156
64
112
157
64
111
156
64
112
156
64
112
158
64
112
156
64
111
156
64
111
155
64
112
158
64
111
155
64
111
156
64
113
158
64
111
156
64
111
156
64
111
155
64
113
159
64
111
155
64
112
156
64
112
156
64
112
158
64
112
157
64
113
158
64
111
157
64
111
155
64
113
159
64
113
157
64
112
156
64
112
156
64
111
155
64
112
157
64
112
157
64
111
156
64
111
157
64
112
156
64
112
158
64
113
158
64
112
156
64
112
156
64
111
157
64
111
155
64
113
157
64
111
157
64
112
158
64
113
159
64
113
157
64
111
155
64
113
157
64
112
158
64
113
159
64
111
157
64
111
156
64
111
157
64
111
155
64
112
156
64
111
157
64
113
157
64
113
157
64
112
156
64
113
159
64
111
156
64
112
158
64
112
158
64
112
157
64
111
156
64
111
155
64
112
157
64
111
156
64
113
157
64
111
156
64
113
157
64
112
156
64
111
156
64
113
157
64
112
156
64
113
158
64
112
157
64
112
158
64
111
155
64
113
159
64
112
156
64
112
158
64
112
157
64
113
159
64
113
157
64
112
156
64
111
155
64
112
157
64
112
158
64
113
159
64
112
157
64
113
159
64
111
157
64
113
159
64
113
158
64
113
159
64
112
157
64
113
157
64
112
157
64
113
159
64
113
159
64
112
157
64
111
156
64
113
157
64
112
156
64
113
158
64
112
158
64
112
156
64
112
157
64
113
159
64
112
157
64
113
159
64
111
155
64
111
155
64
112
158
64
113
158
64
112
157
64
111
155
64
113
158
64
112
156
64
111
157
64
111
155
64
113
157
64
113
157
64
111
156
64
112
157
64
111
155
64
113
158
64
113
159
64
111
156
64
113
159
64
113
159
64
111
157
64
113
159
64
112
156
64
113
159
64
113
158
64
111
157
64
113
158
64
111
157
64
113
158
64
113
157
64
113
159
64
112
157
64
112
157
64
111
156
64
112
156
64
113
157
64
111
156
64
113
158
64
113
158
64
113
158
64
112
158
64
113
158
64
111
157
64
111
155
64
113
157
64
112
157
64
113
157
64
112
156
64
113
157
64
111
155
64
113
159
64
111
156
64
113
158
64
113
158
64
112
157
64
111
157
64
111
157
64
112
157
64
111
156
64
111
157
64
112
157
64
112
157
64
113
157
64
113
157
64
112
157
64
113
158
64
112
156
64
112
156
64
113
158
64
113
159
64
111
157
64
111
155
64
112
158
64
113
159
64
112
157
64
113
157
64
113
157
64
111
156
64
111
157
64
112
158
64
113
157
64
111
157
64
113
159
64
111
155
64
111
155
64
113
159
64
112
158
64
111
156
64
111
156
64
113
157
64
111
156
64
112
156
64
113
158
64
113
159
64
112
158
64
112
156
64
111
155
64
111
157
64
111
155
64
111
155
64
112
156
64
112
158
64
111
157
64
113
158
64
111
155
64
113
158
64
112
158
64
112
158
64
112
156
64
111
155
64
112
156
64
111
157
64
113
158
64
112
158
64
113
159
64
113
158
64
111
157
64
113
157
64
113
158
64
111
156
64
113
158
64
113
159
64
112
157
64
111
157
64
112
158
64
112
158
64
113
157
64
112
157
64
112
157
64
112
158
64
113
159
64
111
155
64
113
159
64
112
157
64
113
159
64
112
158
64
113
157
64
111
155
64
113
158
64
113
158
64
113
157
64
113
159
64
113
158
64
111
155
64
111
157
64
112
157
64
113
158
64
112
156
64
113
159
64
111
156
64
113
159
64
111
157
64
112
157
64
113
159
64
112
157
64
112
158
64
113
157
64
111
157
64
112
157
64
112
157
64
113
159
64
113
157
64
113
157
64
111
156
64
112
157
64
111
156
64
111
155
64
113
157
64
112
156
64
111
156
64
112
156
64
111
156
64
111
155
64
112
157
64
111
156
64
113
159
64
112
157
64
113
158
64
111
155
64
113
159
64
112
156
64
112
158
64
112
156
64
111
155
64
112
157
64
112
157
64
113
157
64
112
157
64
112
158
64
113
159
64
112
156
64
111
156
64
112
158
64
112
157
64
111
157
64
113
158
64
112
158
64
112
156
64
113
158
64
113
157
64
111
156
64
112
158
64
113
159
64
111
156
64
112
157
64
113
159
64
111
156
64
112
158
64
113
159
64
113
158
64
113
159
64
113
158
64
113
158
64
113
157
64
113
159
64
112
157
64
111
156
64
111
156
64
112
156
64
113
157
64
111
157
64
113
158
64
111
156
64
112
156
64
111
155
64
113
158
64
111
156
64
112
157
64
111
157
64
111
156
64
113
159
64
112
157
64
113
159
64
113
158
64
113
157
64
113
159
64
112
156
64
111
155
64
113
159
64
112
157
64
113
158
64
111
155
64
113
159
64
111
156
64
113
159
64
111
157
64
112
157
64
111
157
64
111
156
64
111
157
64
111
155
64
111
157
64
112
158
64
111
156
64
112
156
64
111
155
64
113
157
64
111
156
64
111
155
64
112
157
64
111
155
64
111
155
64
111
155
64
112
157
64
112
156
64
112
158
64
111
155
64
113
159
64
113
159
64
113
158
64
113
159
64
111
156
64
113
157
64
111
157
64
113
157
64
113
159
64
111
156
64
113
157
64
113
159
64
111
155
64
112
157
64
113
158
64
113
158
64
113
159
64
112
156
64
112
158
64
112
157
64
111
157
64
112
157
64
112
158
64
113
159
64
113
159
64
113
159
64
111
156
64
113
157
64
112
156
64
113
159
64
112
158
64
113
158
64
113
159
64
113
158
64
111
