129
128
127
127
127
127
128
127
127
127
126
125
126
126
125
125
125
126
126
125
126
126
126
125
124
124
126
127
126
125
126
125
127
127
128
129
129
130
130
130
129
129
129
130
130
132
134
135
136
137
137
136
137
136
137
137
140
142
142
143
143
144
146
146
148
149
150
150
153
153
155
157
157
159
158
157
159
158
159
161
163
164
165
164
166
166
167
169
64
75
85
95
104
110
119
126
134
138
142
148
151
155
158
161
165
168
64
77
89
100
109
118
127
136
144
150
157
162
165
64
80
93
106
117
128
138
146
155
163
64
82
98
112
125
134
145
156
163
64
81
97
111
123
136
148
160
169
64
83
101
116
130
142
156
166
64
84
103
119
135
147
162
64
86
104
121
138
152
164
64
85
106
123
140
155
168
64
86
109
128
145
162
64
87
109
130
149
165
64
88
112
133
152
169
64
91
114
137
158
64
92
116
139
158
64
93
118
141
163
64
91
119
143
163
64
93
121
145
168
64
96
124
148
64
95
124
149
64
95
124
149
64
97
126
152
64
97
126
154
64
97
127
153
64
96
127
153
64
96
125
152
64
97
127
157
64
98
129
159
64
100
132
163
64
102
134
167
64
103
136
64
103
138
64
105
141
64
104
142
64
105
142
64
104
142
64
107
145
64
106
147
64
107
147
64
108
148
64
109
147
64
108
148
64
110
152
64
110
151
64
109
152
64
110
152
64
110
151
64
112
156
64
111
152
64
111
154
64
113
155
64
111
155
64
114
156
64
111
156
64
113
157
64
112
156
64
113
156
64
113
159
64
114
159
64
113
157
64
115
162
64
113
159
64
114
160
64
115
161
64
115
161
64
115
160
64
115
161
64
116
164
64
116
163
64
116
164
64
117
163
64
115
163
64
116
164
64
116
164
64
116
164
64
117
165
64
117
164
64
116
163
64
118
165
64
116
164
64
117
164
64
117
165
64
118
165
64
117
165
64
117
165
64
116
164
64
116
164
64
117
165
64
116
165
64
118
166
64
118
166
64
116
164
64
117
164
64
116
165
64
118
164
64
117
165
64
118
165
64
116
165
64
119
166
64
116
166
64
119
167
64
117
165
64
118
165
64
118
168
64
118
165
64
118
168
64
118
167
64
116
166
64
119
166
64
117
165
64
118
167
64
117
165
64
119
167
64
116
165
64
119
168
64
118
168
64
119
168
64
118
166
64
119
166
64
116
166
64
118
165
64
118
166
64
117
166
64
118
167
64
119
167
64
116
167
64
117
167
64
118
168
64
117
166
64
118
169
64
118
167
64
116
166
64
119
168
64
117
166
64
117
167
64
116
166
64
119
167
64
117
168
64
119
167
64
116
166
64
117
166
64
117
168
64
118
168
64
116
166
64
117
167
64
117
167
64
118
168
64
118
168
64
117
166
64
117
168
64
117
165
64
118
167
64
118
166
64
118
169
64
119
169
64
117
167
64
119
167
64
117
167
64
117
166
64
117
166
64
117
166
64
117
166
64
118
168
64
116
166
64
119
169
64
118
167
64
119
169
64
116
166
64
119
169
64
118
168
64
117
166
64
119
168
64
119
167
64
119
169
64
119
167
64
119
167
64
119
167
64
117
167
64
118
167
64
117
166
64
118
167
64
118
168
64
118
166
64
119
167
64
119
167
64
119
169
64
117
167
64
119
168
64
119
169
64
117
167
64
118
166
64
119
169
64
118
168
64
119
169
64
118
167
64
118
167
64
118
167
64
117
165
64
119
167
64
118
166
64
119
167
64
117
167
64
118
166
64
118
166
64
117
166
64
118
168
64
117
167
64
119
169
64
117
165
64
118
167
64
118
166
64
117
165
64
119
167
64
118
167
64
117
166
64
118
167
64
117
165
64
118
166
64
117
165
64
118
166
64
117
166
64
118
167
64
118
166
64
119
167
64
118
168
64
117
167
64
119
169
64
117
165
64
118
168
64
119
169
64
118
167
64
118
167
64
119
167
64
117
166
64
118
168
64
119
167
64
119
167
64
117
166
64
119
168
64
117
167
64
118
166
64
119
167
64
117
166
64
118
168
64
118
166
64
117
167
64
117
166
64
118
166
64
119
169
64
118
168
64
119
167
64
117
167
64
117
165
64
119
168
64
118
166
64
118
168
64
117
166
64
119
169
64
118
168
64
118
167
64
117
167
64
119
168
64
117
167
64
118
167
64
117
167
64
117
165
64
118
166
64
119
169
64
117
166
64
118
166
64
119
168
64
118
168
64
118
168
64
117
166
64
117
166
64
119
168
64
119
167
64
117
167
64
118
168
64
117
166
64
117
165
64
119
169
64
117
167
64
119
168
64
118
167
64
117
167
64
119
168
64
117
166
64
118
168
64
119
169
64
118
166
64
119
169
64
118
166
64
118
166
64
117
167
64
117
165
64
117
165
64
117
165
64
118
166
64
118
168
64
117
167
64
118
167
64
118
167
64
119
167
64
118
167
64
117
165
64
119
167
64
119
167
64
119
168
64
119
169
64
117
167
64
117
165
64
119
168
64
118
166
64
117
166
64
117
167
64
119
168
64
117
165
64
119
167
64
118
166
64
117
166
64
119
168
64
119
169
64
117
167
64
119
169
64
117
166
64
119
169
64
117
166
64
118
168
64
117
165
64
119
169
64
117
166
64
117
165
64
117
167
64
118
167
64
118
167
64
117
166
64
118
168
64
119
168
64
118
167
64
118
168
64
118
167
64
118
168
64
118
168
64
119
169
64
119
169
64
117
165
64
118
166
64
119
167
64
119
168
64
118
168
64
118
168
64
117
166
64
118
167
64
118
166
64
118
167
64
119
169
64
118
166
64
119
169
64
119
168
64
117
166
64
118
167
64
117
165
64
117
167
64
117
165
64
119
168
64
119
168
64
119
169
64
119
169
64
118
167
64
118
168
64
119
167
64
119
169
64
118
167
64
118
167
64
119
169
64
119
167
64
119
167
64
119
169
64
118
166
64
119
167
64
119
167
64
117
166
64
117
167
64
117
165
64
117
166
64
117
167
64
118
167
64
117
165
64
118
166
64
119
168
64
117
165
64
117
165
64
117
165
64
119
167
64
117
167
64
117
166
64
119
169
64
118
168
64
118
168
64
118
167
64
118
166
64
118
166
64
117
167
64
118
167
64
118
166
64
118
168
64
117
166
64
119
167
64
119
169
64
118
166
64
119
169
64
118
167
64
119
168
64
119
167
64
118
167
64
119
167
64
117
165
64
118
167
64
118
166
64
117
165
64
119
169
64
117
166
64
117
165
64
119
169
64
118
167
64
118
166
64
117
167
64
117
165
64
117
166
64
117
167
64
118
166
64
118
167
64
119
168
64
119
169
64
118
166
64
118
166
64
117
165
64
118
168
64
118
167
64
119
169
64
117
166
64
118
168
64
119
169
64
117
165
64
118
168
64
119
169
64
118
167
64
119
167
64
117
166
64
117
165
64
119
168
64
118
168
64
118
167
64
118
168
64
119
168
64
119
168
64
119
169
64
119
168
64
118
168
64
119
167
64
118
166
64
119
167
64
119
168
64
118
167
64
119
169
64
117
167
64
118
168
64
118
166
64
119
169
64
117
166
64
119
168
64
117
166
64
119
168
64
117
167
64
118
167
64
117
167
64
118
166
64
118
167
64
118
167
64
117
166
64
118
167
64
119
169
64
117
165
64
119
169
64
118
168
64
118
167
64
118
168
64
117
166
64
118
167
64
118
166
64
117
165
64
119
167
64
118
166
64
117
165
64
119
168
64
117
166
64
117
167
64
117
165
64
118
166
64
119
167
64
118
168
64
118
167
64
117
166
64
117
165
64
117
167
64
117
166
64
117
167
64
118
167
64
117
165
64
118
168
64
118
166
64
117
165
64
119
168
64
117
165
64
119
169
64
119
167
64
119
169
64
118
167
64
117
166
64
117
165
64
119
168
64
119
169
64
119
169
64
118
166
64
118
168
64
119
167
64
118
168
64
118
166
64
119
169
64
117
167
64
117
167
64
119
169
64
119
169
64
119
168
64
119
167
64
117
167
64
118
166
64
117
165
64
119
168
64
119
169
64
117
166
64
117
167
64
117
165
64
118
168
64
118
167
64
118
166
64
119
167
64
117
166
64
118
166
64
117
166
64
119
167
64
117
166
64
117
166
64
117
165
64
117
165
64
117
167
64
119
169
64
119
169
64
117
167
64
119
168
64
119
169
64
117
166
64
119
168
64
117
167
64
119
167
64
117
166
64
117
166
64
117
166
64
117
166
64
118
168
64
118
168
64
118
166
64
118
167
64
117
165
64
117
167
64
117
167
64
119
169
64
117
166
64
118
168
64
117
166
64
117
166
64
119
169
64
119
169
64
119
168
64
118
167
64
118
166
64
118
168
64
118
168
64
119
168
64
118
167
64
117
166
64
119
168
64
118
167
64
118
167
64
118
167
64
118
166
64
117
165
64
119
167
64
119
169
64
117
166
64
118
168
64
119
169
64
118
166
64
118
167
64
117
166
64
119
167
64
117
167
64
117
165
64
117
167
64
119
168
