127
128
129
128
127
126
126
125
126
127
127
127
128
127
128
129
128
129
128
128
127
128
129
128
127
128
129
128
129
129
128
128
129
129
130
130
128
128
129
128
127
127
128
127
128
128
128
127
127
127
127
127
126
126
125
125
126
125
124
124
124
124
124
125
126
126
126
127
126
126
126
126
126
125
125
124
123
124
125
125
125
124
123
124
123
124
126
125
125
125
127
128
129
129
128
129
128
129
129
129
128
129
130
129
129
130
131
130
130
129
129
128
129
129
129
128
127
127
128
128
127
128
128
129
128
129
130
129
128
129
128
129
130
130
130
131
130
130
129
130
131
130
128
129
128
127
128
129
128
127
128
129
128
129
130
129
128
128
127
127
127
126
125
126
127
126
127
128
129
129
129
130
129
129
130
131
131
130
130
130
129
128
129
130
131
131
132
133
131
130
130
131
131
129
129
129
130
131
131
132
131
131
130
130
128
129
130
131
130
129
129
128
127
128
127
127
127
127
128
129
130
129
128
129
127
127
126
127
126
127
128
127
126
125
126
127
127
126
127
128
128
127
127
126
127
128
127
126
127
126
127
126
125
126
126
125
124
124
124
125
127
126
125
125
124
124
123
124
125
125
124
125
124
123
125
124
125
126
127
128
129
130
129
128
129
130
130
131
130
130
129
129
129
129
130
131
131
131
130
130
130
130
129
128
127
127
128
129
128
128
129
129
129
130
129
129
130
128
127
126
125
126
126
127
127
126
127
126
127
127
128
129
130
129
129
130
128
128
127
128
127
128
128
129
130
129
130
128
129
128
128
129
129
132
133
134
136
137
140
142
143
143
144
144
144
145
145
145
146
146
146
147
148
150
151
152
153
155
157
158
160
159
161
161
162
162
161
163
165
167
168
170
171
172
172
173
175
175
175
176
177
180
182
183
185
186
187
189
189
190
191
191
191
64
78
90
101
111
119
129
136
143
148
154
161
168
174
178
182
185
189
64
79
92
104
117
130
139
147
156
162
169
174
178
181
186
191
64
82
96
109
122
133
143
151
157
167
176
182
187
64
82
97
111
122
136
149
159
167
174
182
188
64
80
100
116
130
142
155
166
174
180
186
64
83
102
118
133
146
156
165
176
185
64
86
103
120
133
147
162
174
184
64
85
105
123
137
152
165
177
189
64
84
105
123
142
156
171
184
64
85
104
122
141
157
172
184
64
87
108
129
148
164
179
191
64
86
108
129
146
161
175
187
64
90
112
132
150
165
179
191
64
89
114
135
153
168
182
64
90
112
133
152
168
181
64
89
114
135
153
170
184
64
90
115
136
156
173
191
64
91
115
136
156
176
64
91
116
137
158
178
64
91
117
139
158
178
64
93
118
139
160
179
64
92
118
141
162
182
64
92
117
141
163
182
64
92
118
143
164
184
64
93
121
143
164
186
64
94
121
146
166
188
64
95
121
145
169
190
64
93
121
146
171
64
96
124
149
171
64
97
125
149
172
64
96
125
151
173
64
96
125
151
173
64
96
127
153
176
64
96
128
154
178
64
97
126
153
177
64
97
128
154
179
64
98
128
155
179
64
99
131
159
184
64
100
133
162
185
64
100
133
160
184
64
101
132
160
185
64
101
133
163
188
64
100
133
161
187
64
99
132
160
187
64
101
133
162
187
64
101
135
163
190
64
100
133
162
189
64
101
135
164
190
64
101
134
163
190
64
100
133
162
189
64
100
133
162
188
64
103
137
166
64
100
135
167
64
100
132
162
191
64
101
134
164
191
64
99
133
166
64
101
133
164
191
64
100
134
165
64
102
135
164
64
102
137
169
64
101
135
165
64
100
132
163
64
102
135
163
64
101
134
165
191
64
103
137
167
64
101
135
164
64
99
132
164
64
102
134
164
191
64
101
133
163
191
64
102
135
166
64
101
135
166
64
102
136
167
64
100
134
167
64
100
132
164
64
100
134
165
64
103
138
168
64
101
136
166
64
100
135
166
64
101
134
167
64
102
136
165
64
102
137
166
64
102
135
166
64
102
137
169
64
101
133
166
64
103
135
166
64
102
135
167
64
103
137
168
64
100
134
167
64
101
136
169
64
101
136
166
64
103
138
170
64
104
137
169
64
100
136
169
64
100
134
167
64
101
135
166
64
103
138
168
64
102
137
169
64
101
135
168
64
102
135
167
64
102
135
164
64
101
135
164
64
102
137
169
64
100
136
168
64
101
134
167
64
101
136
165
64
102
137
166
64
103
138
170
64
101
137
170
64
100
133
166
64
103
137
166
64
102
138
168
64
103
138
170
64
102
137
170
64
101
136
167
64
101
135
166
64
103
138
169
64
102
138
170
64
102
136
168
64
102
136
168
64
102
135
164
64
101
136
168
64
102
136
166
64
102
137
170
64
102
137
170
64
102
137
167
64
101
137
167
64
103
137
169
64
101
136
166
64
101
136
167
64
103
137
166
64
101
136
166
64
102
136
167
64
100
136
166
64
101
134
167
64
101
136
167
64
102
137
167
64
103
139
170
64
102
138
171
64
101
136
168
64
101
136
165
64
103
139
169
64
103
137
169
64
101
138
170
64
102
136
167
64
102
135
166
64
103
137
166
64
103
138
170
64
101
138
168
64
100
135
167
64
102
135
165
64
101
137
167
64
103
137
169
64
100
135
167
64
102
137
168
64
103
138
167
64
101
136
168
64
103
137
169
64
101
137
168
64
102
135
166
64
101
136
167
64
101
137
167
64
102
136
168
64
102
137
168
64
100
134
166
64
103
138
168
64
101
137
169
64
103
137
169
64
100
137
169
64
100
133
167
64
103
138
168
64
103
137
168
64
100
136
168
64
100
134
165
64
102
134
163
190
64
102
136
165
64
103
137
169
64
99
132
164
64
102
136
165
64
100
133
162
187
64
102
136
167
64
100
132
164
191
64
99
130
157
185
64
100
133
161
190
64
101
132
161
187
64
101
133
162
188
64
101
133
161
186
64
99
132
161
186
64
102
134
165
191
64
101
135
163
190
64
102
134
163
189
64
102
136
166
64
101
134
165
64
99
133
165
191
64
101
135
166
64
99
133
165
64
102
135
165
64
102
137
168
64
103
138
167
64
99
134
164
191
64
100
135
166
64
101
135
166
64
101
134
164
64
103
137
168
64
103
139
170
64
101
136
166
64
100
135
165
64
102
137
168
64
101
134
167
64
102
136
169
64
103
138
171
64
103
138
173
64
103
139
173
64
104
141
174
64
105
140
174
64
105
142
176
64
104
141
175
64
105
141
176
64
104
142
177
64
106
143
179
64
106
143
177
64
106
144
181
64
105
144
181
64
106
145
180
64
108
147
183
64
108
146
182
64
106
146
184
64
107
147
185
64
108
147
185
64
109
148
186
64
109
148
184
64
109
147
185
64
107
145
183
64
108
147
185
64
108
149
185
64
108
147
183
64
108
147
185
64
107
146
184
64
107
146
184
64
107
146
183
64
110
148
185
64
110
151
189
64
108
148
187
64
109
150
189
64
110
151
190
64
109
148
185
64
108
149
186
64
109
150
188
64
108
149
187
64
110
149
186
64
110
150
189
64
108
149
186
64
110
149
189
64
108
150
187
64
108
148
187
64
110
151
189
64
110
150
188
64
109
150
188
64
110
150
188
64
110
151
190
64
109
151
189
64
108
150
189
64
109
149
188
64
109
150
187
64
109
150
187
64
110
150
189
64
108
149
189
64
110
152
191
64
108
148
188
64
110
151
188
64
109
150
190
64
108
150
189
64
109
150
188
64
109
149
187
64
108
148
186
64
108
148
186
64
108
150
190
64
110
151
189
64
108
150
188
64
109
151
191
64
109
149
188
64
109
149
187
64
111
151
190
64
111
152
190
64
109
149
188
64
111
151
190
64
109
148
187
64
109
150
188
64
110
149
187
64
110
149
187
64
111
151
189
64
109
148
187
64
109
148
188
64
110
151
191
64
109
150
189
64
110
149
187
64
110
151
189
64
110
151
190
64
110
150
190
64
109
148
187
64
110
150
188
64
111
150
190
64
111
152
190
64
110
151
190
64
109
150
190
64
110
150
190
64
111
151
190
64
111
152
64
111
153
191
64
110
151
188
64
111
152
189
64
111
153
189
64
111
152
188
64
111
153
189
64
109
152
187
64
110
152
187
64
111
153
188
64
110
152
188
64
111
153
190
64
110
153
190
64
111
154
190
64
111
154
190
64
109
152
189
64
111
154
191
64
110
152
187
64
109
150
187
64
109
151
186
64
110
152
187
64
109
151
187
64
110
152
189
64
110
152
189
64
109
151
187
64
110
151
188
64
109
150
187
64
110
152
187
64
109
152
187
64
111
154
190
64
109
150
186
64
111
153
190
64
109
152
189
64
109
152
187
64
111
154
189
64
111
154
190
64
111
152
188
64
110
151
186
64
109
151
186
64
109
152
188
64
111
152
187
64
109
152
188
64
109
152
189
64
109
151
186
64
110
153
188
64
110
152
189
64
111
152
189
64
109
152
188
64
109
150
186
64
110
151
187
64
109
151
188
64
109
152
188
64
111
152
188
64
111
152
188
64
109
152
188
64
109
150
187
64
110
153
188
64
110
153
188
64
109
152
187
64
109
151
186
64
109
151
186
64
109
151
186
64
109
150
188
64
110
151
187
64
110
153
190
64
111
152
189
64
109
152
187
64
111
154
191
64
110
152
188
64
110
152
189
64
109
151
187
64
110
152
189
64
111
154
189
64
109
151
187
64
109
152
187
64
111
152
187
64
111
153
188
64
110
152
187
64
111
153
190
64
109
150
188
64
109
150
188
64
109
151
188
64
110
153
190
64
111
153
188
64
109
150
187
64
109
150
187
64
111
153
190
64
109
152
189
64
111
154
191
64
111
153
190
64
109
152
187
64
109
152
187
64
109
152
189
64
109
152
189
64
110
151
187
64
110
152
187
64
111
154
189
64
111
152
187
64
111
154
190
64
111
153
189
64
110
153
190
64
111
154
190
64
109
152
188
64
109
151
188
64
111
153
189
64
110
152
188
64
111
153
190
64
111
153
190
64
110
151
187
64
110
153
188
64
110
152
187
64
109
150
188
64
111
152
188
64
111
152
189
64
109
150
188
64
110
153
188
64
110
153
189
64
111
153
190
64
111
153
189
64
109
151
187
64
111
152
188
64
110
152
188
64
110
152
187
64
110
151
186
64
110
151
187
64
109
150
187
64
110
152
187
64
111
153
190
64
110
152
188
64
111
152
187
64
111
152
188
64
110
153
190
64
110
151
186
64
110
151
188
64
110
152
188
64
109
152
187
64
110
151
188
64
111
154
191
64
111
153
189
64
110
153
189
64
110
153
190
64
109
152
187
64
111
152
187
64
110
153
188
64
110
152
187
64
111
153
190
64
110
152
188
64
110
153
188
64
110
152
189
64
109
150
188
64
109
150
186
64
111
154
191
64
110
153
188
64
109
151
188
64
111
154
191
64
109
151
187
64
109
150
188
64
109
152
188
64
111
154
189
64
109
152
189
64
111
152
188
64
109
150
187
64
111
153
188
64
111
152
189
64
110
153
190
64
110
152
189
64
111
153
188
64
110
151
186
64
111
152
189
64
111
154
189
64
111
154
189
64
111
152
189
64
111
152
188
64
109
150
188
64
109
152
188
64
109
150
188
64
111
154
189
64
111
154
191
64
109
150
187
64
111
154
189
64
110
153
190
64
109
151
186
64
110
152
189
64
109
151
187
64
109
151
188
64
110
153
190
64
110
153
188
64
111
153
189
64
109
150
186
64
110
153
189
64
111
152
189
64
110
153
190
64
111
153
190
64
110
152
189
64
110
151
187
64
110
151
188
64
109
152
187
64
111
152
188
64
111
153
190
64
109
152
187
64
111
154
191
64
110
151
186
64
110
153
189
64
109
152
188
64
111
152
188
64
110
151
186
64
111
152
188
64
111
153
189
64
111
154
189
64
110
152
189
64
110
153
188
64
109
151
187
64
110
151
187
64
111
154
189
64
109
150
186
64
111
152
189
64
111
154
190
64
110
152
187
64
111
153
189
64
111
152
189
64
111
154
191
64
110
151
186
64
110
152
187
64
110
151
186
64
110
153
188
64
109
151
187
64
111
154
189
64
109
152
189
64
111
152
188
64
111
154
191
64
109
152
188
64
109
150
188
64
110
152
187
64
109
150
186
64
109
152
189
64
111
154
190
64
110
151
186
64
109
152
188
64
110
153
190
64
109
150
187
64
109
152
187
64
111
153
188
64
110
151
188
64
110
153
188
64
109
151
186
64
109
152
187
64
110
151
188
64
109
151
187
64
111
152
188
64
110
153
190
64
110
151
188
64
111
153
189
64
111
153
190
64
109
151
186
64
110
153
188
64
110
151
187
64
111
153
188
64
109
152
187
64
110
153
190
64
109
150
188
64
110
151
187
64
109
152
187
64
109
150
188
64
110
151
186
64
111
154
189
64
109
152
189
64
111
154
189
64
110
151
186
64
109
150
188
64
111
153
189
64
111
153
188
64
111
153
188
64
111
154
190
64
110
153
188
64
110
153
189
64
109
150
188
64
110
153
188
64
111
154
190
64
109
150
187
64
111
153
188
64
110
153
189
64
110
152
189
64
110
152
189
64
111
152
187
64
110
151
187
64
110
152
188
64
111
152
188
64
111
153
188
64
111
152
187
64
111
154
189
64
109
152
187
64
111
152
188
64
109
151
186
64
111
152
188
64
111
152
189
64
110
151
186
64
110
151
188
64
109
150
186
64
109
151
186
64
110
152
189
64
110
152
188
64
111
154
189
64
109
150
188
64
109
152
188
64
110
152
187
64
111
153
188
64
109
152
187
64
109
152
187
64
109
150
188
64
110
152
188
64
111
153
188
64
109
151
186
64
109
151
187
64
109
151
188
64
111
154
189
64
110
153
190
64
111
154
189
64
109
152
189
64
109
151
188
64
110
152
189
64
109
150
187
64
111
154
190
64
110
152
188
64
111
153
189
64
111
152
187
64
109
150
187
64
110
152
189
64
111
153
188
64
109
152
189
64
110
151
187
64
111
153
190
64
110
151
186
64
109
150
188
64
111
153
190
64
110
151
186
64
109
152
189
64
110
153
188
64
110
152
189
64
109
152
188
64
110
151
187
64
110
152
188
64
109
150
188
64
111
153
189
64
110
152
187
64
109
152
188
64
111
153
190
64
109
150
188
64
110
151
187
64
111
154
191
64
109
152
188
64
110
152
187
64
110
153
189
64
110
151
186
64
110
151
187
64
109
152
189
64
110
151
186
64
109
150
188
64
110
153
189
64
110
151
186
64
111
152
188
64
110
153
189
64
110
151
188
64
109
151
188
64
109
152
189
64
110
152
187
64
111
152
189
64
110
152
188
64
111
152
189
64
111
154
190
64
109
150
188
64
109
152
187
64
111
153
190
64
109
151
187
64
111
153
189
64
109
151
188
64
109
152
188
64
111
152
189
64
111
152
187
64
110
151
186
64
109
152
188
64
111
154
189
64
109
152
187
64
109
151
186
64
110
152
188
64
111
154
189
64
111
154
191
64
111
152
189
64
110
153
188
64
109
151
186
64
110
152
187
64
111
154
191
64
110
153
190
64
111
153
189
64
111
153
188
64
110
152
189
64
110
151
186
64
111
154
190
64
110
153
189
64
109
150
187
64
111
152
187
64
109
151
186
64
110
151
188
64
110
153
190
64
110
153
188
64
109
152
188
64
111
154
191
64
109
152
188
64
109
150
187
64
111
152
189
64
109
151
188
64
111
153
188
64
110
152
188
64
110
153
189
64
109
150
188
64
111
154
190
64
111
152
189
64
111
153
190
64
109
151
188
64
111
153
189
64
111
154
191
64
110
151
188
64
110
152
188
64
111
154
190
64
111
153
188
64
111
153
188
64
111
154
191
64
109
152
189
64
109
150
186
64
110
151
188
64
110
153
189
64
109
152
188
64
111
152
189
64
110
153
189
64
109
152
188
64
110
152
187
64
109
150
188
64
109
150
186
64
109
150
186
64
111
154
191
64
109
150
187
64
110
151
186
64
111
153
188
64
111
152
188
64
109
151
188
64
110
152
189
64
109
151
186
64
111
152
189
64
111
154
189
64
111
153
190
64
110
153
189
64
109
151
186
64
110
152
187
64
110
153
189
64
109
150
187
64
110
153
189
64
109
151
187
64
111
152
187
64
109
151
188
64
111
153
189
64
111
152
187
64
111
152
188
64
110
151
187
64
110
151
186
64
109
150
187
64
110
152
187
64
111
154
190
64
109
152
189
64
109
152
188
64
111
154
190
64
109
151
188
64
111
153
188
64
111
153
188
64
109
151
186
64
111
152
188
64
109
150
186
64
109
152
187
64
109
152
188
64
109
151
186
64
109
151
186
64
110
153
189
64
111
154
189
64
110
152
189
64
109
150
187
64
111
154
191
64
110
153
190
64
109
152
187
64
110
153
189
64
111
153
190
64
109
152
188
64
111
153
190
64
110
153
189
64
110
153
188
64
110
153
190
64
109
151
188
64
110
151
187
64
110
151
187
64
111
153
188
64
109
151
188
64
110
151
186
64
110
151
188
64
111
153
188
64
110
151
186
64
110
151
188
64
111
153
188
64
110
152
187
64
109
151
188
64
109
151
188
64
110
153
188
64
110
151
187
64
111
153
189
64
109
151
188
64
111
152
187
64
111
154
189
64
111
153
189
64
111
152
187
64
110
153
190
64
109
152
189
64
109
150
188
64
111
152
188
64
110
152
187
64
110
152
189
64
109
152
189
64
110
151
187
64
109
151
187
64
111
153
188
64
110
153
188
64
110
152
187
64
111
154
190
64
109
151
187
64
110
152
188
64
110
153
190
64
110
152
188
64
110
151
186
64
109
152
189
64
111
152
189
64
111
152
187
64
111
153
189
64
110
151
188
64
111
152
187
64
110
151
186
64
110
152
189
64
110
152
188
64
109
151
186
64
110
153
189
64
111
154
189
64
109
150
186
64
110
153
190
64
111
153
188
64
111
153
189
64
110
152
187
64
110
153
188
64
111
153
189
64
109
150
186
64
110
151
186
64
111
154
190
64
109
151
187
64
110
152
187
64
110
152
188
64
109
152
187
64
109
150
188
64
109
151
187
64
111
153
189
64
110
152
187
64
109
152
187
64
110
153
188
64
109
150
188
64
109
152
188
64
111
154
190
64
109
151
186
64
111
152
188
64
109
151
187
64
109
151
187
64
110
151
188
64
109
150
188
64
111
152
188
64
109
152
188
64
111
152
187
64
110
152
189
64
111
153
188
64
111
152
187
64
109
151
186
64
109
152
187
64
109
150
187
64
110
152
189
64
111
152
189
64
111
154
190
64
110
152
189
64
111
152
189
64
111
153
189
64
110
153
190
64
111
153
190
64
111
154
189
64
109
152
188
64
109
152
188
64
111
152
189
64
110
151
187
64
109
150
188
64
111
153
188
64
111
153
190
64
109
151
187
64
110
