129
129
130
129
129
130
128
129
130
129
128
127
126
125
124
126
125
126
126
125
125
126
126
127
128
129
128
127
126
125
125
125
126
125
124
125
126
127
128
128
128
127
127
128
129
130
131
132
132
133
133
134
135
137
138
138
138
138
139
138
141
141
141
143
145
145
147
148
149
150
151
152
152
153
153
155
154
154
154
154
154
155
155
156
157
158
160
162
164
166
167
167
168
169
171
172
173
173
174
175
174
175
174
176
176
178
180
181
182
183
183
182
183
184
185
187
188
188
188
187
190
190
191
191
191
191
64
78
90
101
110
120
128
136
142
149
156
162
166
171
175
179
185
187
189
64
78
91
103
114
124
135
143
151
158
166
173
178
182
186
190
64
82
97
111
124
133
145
155
162
169
176
182
188
64
83
100
114
125
138
149
160
169
175
183
189
64
82
100
114
128
141
153
164
173
180
187
64
82
101
117
131
143
156
168
178
185
64
85
103
119
134
146
158
169
178
186
64
85
105
122
138
152
164
175
185
64
84
105
123
140
154
167
179
189
64
86
105
123
140
155
168
178
189
64
86
107
124
141
156
169
179
190
64
88
107
126
142
159
172
185
64
85
107
127
145
160
172
186
64
88
110
127
145
161
174
185
64
89
110
130
145
161
175
189
64
88
108
129
148
163
176
189
64
89
111
129
146
161
176
188
64
88
111
132
148
165
179
64
89
112
133
151
169
183
64
91
115
136
156
175
191
64
90
114
137
157
175
191
64
91
117
140
159
176
64
92
116
139
161
179
64
92
119
144
166
185
64
93
120
144
168
186
64
92
120
144
167
185
64
95
124
148
172
64
95
123
150
173
64
95
124
149
170
190
64
96
124
151
175
64
96
125
153
177
64
94
123
148
173
64
99
128
154
176
64
96
127
152
176
64
95
124
153
179
64
97
129
156
179
64
99
129
155
180
64
100
130
157
184
64
97
128
158
183
64
100
130
160
186
64
99
133
163
190
64
100
134
163
191
64
101
135
167
64
99
133
163
190
64
102
136
169
64
102
137
168
64
102
140
173
64
104
140
172
64
103
138
171
64
103
141
175
64
105
143
176
64
106
144
180
64
105
142
176
64
107
145
179
64
107
144
180
64
107
147
183
64
107
147
183
64
109
150
186
64
107
147
183
64
109
150
187
64
109
149
186
64
110
154
64
110
152
189
64
109
151
190
64
109
149
189
64
110
153
191
64
112
154
64
112
153
64
113
155
64
112
154
190
64
111
153
64
111
153
64
112
155
64
111
155
64
110
152
191
64
112
156
64
112
157
64
110
155
64
111
157
64
111
156
64
110
154
64
112
157
64
113
157
64
112
158
64
112
158
64
113
158
64
112
156
64
113
157
64
113
156
64
114
158
64
111
155
64
112
155
64
113
157
64
113
159
64
112
157
64
113
157
64
112
156
64
113
156
64
112
156
64
112
156
64
113
158
64
113
157
64
113
159
64
113
156
64
113
157
64
111
156
64
112
156
64
113
157
64
112
158
64
111
155
64
112
156
64
113
158
64
113
158
64
112
157
64
112
158
64
111
155
64
113
158
64
112
157
64
113
157
64
110
156
64
111
157
64
111
156
64
110
157
64
113
157
64
111
155
64
111
156
64
112
157
64
112
157
64
112
156
64
113
158
64
113
156
64
111
156
64
112
158
64
112
156
64
111
155
64
110
155
64
111
156
64
110
154
64
111
156
64
112
158
64
111
155
64
111
156
64
112
158
64
111
156
64
110
153
64
110
154
64
112
155
64
110
155
64
110
154
64
111
155
64
110
154
64
112
156
64
113
158
64
112
157
64
110
153
64
113
156
64
113
156
64
112
156
64
111
156
64
113
156
64
112
155
64
113
157
64
112
157
64
110
154
64
112
156
64
111
155
64
112
155
64
112
158
64
111
156
64
111
154
64
113
157
64
111
154
64
111
156
64
112
156
64
112
157
64
110
154
64
111
156
64
111
157
64
111
156
64
111
156
64
113
157
64
113
155
64
110
154
64
111
156
64
113
158
64
110
155
64
111
155
64
111
155
64
110
155
64
112
156
64
112
156
64
111
157
64
113
159
64
113
158
64
111
156
64
112
157
64
112
157
64
110
155
64
112
156
64
111
155
64
112
157
64
112
158
64
112
156
64
110
153
64
112
156
64
112
155
64
112
157
64
113
157
64
111
155
64
110
152
190
64
113
154
64
112
155
64
108
151
190
64
111
154
64
111
152
190
64
110
151
189
64
109
148
187
64
108
148
185
64
110
149
187
64
109
149
184
64
107
148
186
64
109
149
185
64
108
147
185
64
106
144
180
64
108
147
182
64
106
145
181
64
106
145
179
64
108
146
181
64
105
142
178
64
107
143
179
64
107
146
181
64
104
141
176
64
105
143
179
64
105
142
176
64
107
146
180
64
106
144
178
64
104
140
175
64
105
143
177
64
105
140
175
64
107
143
178
64
105
141
175
64
104
142
178
64
106
143
178
64
103
141
177
64
104
141
176
64
104
140
172
64
106
144
177
64
104
141
174
64
105
142
176
64
104
139
172
64
105
142
176
64
106
141
174
64
103
140
175
64
104
142
176
64
103
140
173
64
105
141
175
64
106
141
175
64
105
142
175
64
104
141
176
64
105
140
173
64
104
140
174
64
105
142
176
64
105
139
171
64
104
140
174
64
103
140
174
64
103
139
174
64
105
141
173
64
103
139
175
64
104
141
173
64
105
142
175
64
106
143
178
64
104
140
174
64
104
143
176
64
103
140
174
64
105
141
173
64
105
141
176
64
105
143
178
64
107
145
179
64
105
145
181
64
106
144
178
64
108
146
180
64
106
146
180
64
106
146
182
64
106
144
179
64
107
146
181
64
107
145
179
64
105
142
175
64
106
146
180
64
105
142
175
64
106
144
180
64
105
144
179
64
107
145
179
64
105
142
176
64
106
143
178
64
104
143
179
64
106
146
181
64
107
146
181
64
108
148
184
64
105
145
181
64
106
146
182
64
109
149
185
64
108
147
183
64
110
149
185
64
107
148
185
64
106
148
186
64
110
152
186
64
107
148
186
64
110
151
189
64
108
148
183
64
108
150
188
64
108
150
188
64
110
149
186
64
111
152
191
64
109
150
188
64
111
154
191
64
111
153
190
64
108
151
187
64
111
154
64
112
153
189
64
111
152
64
112
154
64
111
154
191
64
110
152
190
64
112
156
64
111
152
188
64
111
154
64
110
151
189
64
111
154
64
109
151
191
64
112
154
64
111
153
64
112
154
64
111
153
191
64
110
152
191
64
112
155
64
112
154
64
110
153
190
64
112
156
64
113
155
64
111
155
191
64
111
153
191
64
111
153
190
64
110
153
64
113
155
64
112
153
64
111
154
64
111
155
64
112
155
64
110
152
191
64
112
156
64
112
156
64
112
154
64
112
156
64
112
155
64
111
154
64
112
154
64
112
155
64
111
152
190
64
111
156
64
110
155
64
112
154
64
112
155
64
112
155
64
110
154
64
113
156
64
110
155
64
111
154
64
110
156
64
113
156
64
112
155
64
110
153
64
113
157
64
112
156
64
111
155
64
113
156
64
111
155
64
111
154
64
111
157
64
110
156
64
111
154
64
112
155
64
113
157
64
110
153
64
110
152
190
64
112
154
64
112
156
64
111
154
64
114
157
64
111
155
64
111
154
191
64
113
156
64
112
155
64
111
155
64
113
157
64
112
154
64
111
154
64
112
156
64
111
155
64
111
153
191
64
112
156
64
112
156
64
112
156
64
113
157
64
113
157
64
110
154
64
112
156
64
112
157
64
111
155
64
112
156
64
111
155
64
111
154
64
112
156
64
111
155
64
111
156
64
110
154
64
113
157
64
112
156
64
112
155
64
110
153
64
112
155
64
112
157
64
110
154
64
112
155
64
111
154
64
112
156
64
113
158
64
112
155
64
112
157
64
111
155
64
110
155
64
112
158
64
113
157
64
111
156
64
110
156
64
113
158
64
112
157
64
112
156
64
113
158
64
113
157
64
110
156
64
112
156
64
112
157
64
110
154
64
113
158
64
111
155
64
110
153
64
113
159
64
112
155
64
111
156
64
111
157
64
111
155
64
110
153
64
113
159
64
113
156
64
112
157
64
113
158
64
112
157
64
111
155
64
112
156
64
112
157
64
110
156
64
110
153
64
112
157
64
112
155
64
111
154
191
64
114
158
64
111
156
64
113
156
64
112
155
64
112
154
64
113
157
64
112
157
64
113
156
64
113
156
64
111
156
64
113
159
64
112
157
64
114
159
64
114
159
64
113
157
64
113
160
64
114
163
64
117
163
64
117
165
64
119
167
64
117
164
64
115
163
64
120
169
64
119
168
64
118
167
64
117
169
64
119
170
64
120
170
64
120
169
64
122
173
64
122
172
64
121
174
64
122
174
64
121
172
64
122
174
64
122
177
64
122
175
64
122
176
64
122
174
64
123
178
64
125
177
64
122
176
64
124
177
64
124
179
64
124
177
64
124
179
64
124
178
64
123
178
64
127
182
64
126
182
64
124
180
64
125
180
64
127
182
64
124
180
64
126
182
64
126
182
64
126
182
64
127
185
64
127
183
64
125
181
64
127
184
64
126
182
64
128
182
64
127
184
64
126
184
64
125
183
64
128
184
64
126
183
64
126
182
64
127
187
64
128
185
64
126
181
64
125
182
64
127
183
64
127
184
64
125
181
64
125
180
64
125
180
64
124
177
64
125
178
64
124
176
64
122
173
64
122
176
64
122
173
64
122
171
64
121
173
64
121
171
64
119
169
64
120
169
64
120
169
64
118
167
64
119
168
64
120
167
64
119
168
64
116
164
64
117
166
64
118
165
64
116
163
64
116
161
64
116
164
64
117
164
64
115
160
64
116
163
64
115
162
64
114
160
64
115
161
64
114
161
64
115
159
64
115
160
64
115
161
64
113
159
64
113
160
64
115
160
64
113
157
64
113
160
64
115
160
64
115
159
64
113
156
64
114
158
64
115
159
64
112
156
64
113
159
64
112
156
64
114
158
64
115
161
64
112
156
64
113
158
64
113
158
64
114
158
64
113
157
64
112
158
64
112
156
64
114
157
64
111
155
64
113
156
64
114
156
64
111
154
64
114
159
64
113
156
64
113
156
64
114
159
64
114
156
64
113
156
64
112
157
64
113
156
64
113
157
64
112
156
64
114
156
64
113
157
64
112
155
64
114
157
64
112
154
64
113
155
64
114
156
64
111
155
64
112
155
64
113
158
64
113
157
64
113
156
64
113
156
64
111
156
64
112
155
64
111
154
64
111
154
64
113
155
64
110
153
64
112
154
64
113
156
64
113
154
64
113
156
64
111
155
64
111
154
64
112
154
64
111
155
64
113
156
64
113
157
64
112
154
64
113
156
64
112
156
64
113
157
64
111
154
64
112
155
64
111
156
64
112
154
64
112
156
64
112
156
64
112
155
64
112
157
64
111
155
64
113
155
64
110
153
64
113
156
64
112
156
64
113
156
64
114
158
64
111
155
64
112
155
64
112
156
64
111
155
64
113
156
64
111
155
64
113
158
64
113
157
64
112
155
64
111
156
64
111
153
64
113
154
64
111
154
64
113
155
64
111
152
64
110
153
64
113
157
64
111
154
64
110
153
64
112
157
64
113
156
64
111
154
64
112
156
64
113
156
64
113
156
64
111
152
64
112
154
64
113
156
64
112
154
64
112
156
64
112
155
64
112
154
64
110
155
64
113
155
64
112
156
64
111
154
64
113
157
64
113
156
64
111
154
64
113
156
64
113
155
64
111
153
64
111
154
64
112
155
64
112
154
64
112
154
64
112
155
64
113
155
64
110
152
191
64
111
155
64
111
154
64
110
154
64
113
158
64
111
156
64
112
155
64
110
154
64
110
154
64
110
153
191
64
112
154
64
113
157
64
113
155
64
113
156
64
113
157
64
112
155
64
113
155
64
112
155
64
112
157
64
111
153
191
64
111
155
64
111
153
64
110
154
64
110
151
190
64
111
154
64
110
152
190
64
111
156
64
112
155
64
113
157
64
112
154
64
112
155
64
112
156
64
111
152
191
64
111
153
64
112
153
191
64
110
155
64
111
155
64
110
154
191
64
110
154
64
113
158
64
111
153
191
64
113
157
64
112
154
64
110
154
64
111
156
64
112
155
64
113
154
64
112
153
64
112
154
64
113
156
64
110
152
191
64
111
156
64
111
156
64
111
153
64
113
156
64
112
155
64
112
156
64
111
156
64
110
154
64
111
154
191
64
114
158
64
113
158
64
111
154
191
64
112
157
64
112
155
64
112
154
64
110
153
64
112
154
64
113
154
64
110
151
64
111
154
64
111
154
64
112
155
64
112
156
64
113
156
64
111
154
64
110
153
64
111
155
64
112
156
64
112
155
64
113
157
64
111
153
64
110
153
191
64
113
157
64
112
157
64
110
153
64
113
157
64
110
155
64
111
155
64
111
156
64
112
155
64
110
153
64
112
155
64
112
157
64
112
155
64
111
154
191
64
112
156
64
111
155
64
111
153
190
64
113
155
64
112
153
64
111
153
191
64
112
156
64
110
154
64
110
153
64
112
155
64
111
154
64
111
154
64
110
155
64
112
156
64
112
155
64
110
155
64
111
155
64
112
157
64
110
154
191
64
112
154
64
113
155
64
112
154
64
112
156
64
112
155
64
112
156
64
114
157
64
113
158
64
111
155
64
112
157
64
112
156
64
113
155
64
113
158
64
112
155
64
111
153
64
112
153
64
113
155
64
112
155
64
112
156
64
114
157
64
113
156
64
111
155
64
113
156
64
111
154
64
113
156
64
114
157
64
114
157
64
112
155
64
111
154
64
114
156
64
113
156
64
113
156
64
113
156
64
112
156
64
113
156
64
113
158
64
113
156
64
112
155
64
113
156
64
114
158
64
111
153
191
64
111
154
64
112
155
64
113
156
64
113
155
64
113
157
64
113
154
64
110
155
64
111
155
64
111
153
191
64
111
156
64
113
157
64
112
155
64
111
155
64
112
157
64
112
156
64
111
154
64
111
155
64
111
155
64
111
154
64
111
157
64
110
155
64
111
154
64
111
155
64
113
156
64
110
155
64
112
156
64
113
158
64
111
155
64
110
153
64
113
158
64
110
153
64
110
153
64
111
155
64
112
156
64
112
156
64
111
156
64
113
157
64
111
155
64
112
155
64
111
155
64
110
153
64
112
155
