128
129
128
128
129
128
127
128
130
132
134
134
135
136
138
138
138
139
139
140
142
143
145
148
149
150
150
151
153
154
155
157
159
160
161
162
163
164
166
166
169
169
64
75
85
95
106
114
123
130
135
139
146
150
156
159
164
167
64
77
90
103
114
123
131
140
148
155
160
165
168
64
78
92
103
113
125
135
144
151
158
165
64
82
98
110
122
134
144
152
159
168
64
83
100
116
129
141
151
161
64
84
101
119
133
145
157
168
64
85
105
125
142
158
64
88
109
128
145
160
64
88
109
128
146
161
64
88
110
134
153
169
64
92
116
138
158
64
91
116
138
158
64
92
121
146
167
64
94
120
147
169
64
95
122
147
64
96
126
154
64
95
126
153
64
98
128
155
64
98
129
158
64
98
129
157
64
100
133
164
64
100
134
166
64
104
140
64
102
139
64
105
140
64
107
146
64
108
148
64
106
149
64
111
150
64
108
150
64
112
154
64
112
156
64
113
159
64
113
158
64
117
163
64
114
161
64
118
165
64
117
165
64
120
168
64
118
168
64
120
168
64
119
168
64
120
168
64
117
168
64
120
64
118
168
64
118
64
120
169
64
119
168
64
120
169
64
118
64
121
64
121
64
118
169
64
120
64
119
168
64
122
64
119
169
64
120
64
119
64
118
169
64
120
169
64
119
64
121
64
119
64
121
64
119
64
120
64
120
64
119
64
123
64
121
64
121
64
122
64
120
64
122
64
120
64
122
64
122
64
122
64
123
64
123
64
124
64
121
64
124
64
122
64
125
64
122
64
125
64
123
64
124
64
123
64
126
64
124
64
127
64
124
64
125
64
126
64
125
64
126
64
126
64
127
64
126
64
127
64
127
64
127
64
128
64
125
64
128
64
128
64
129
64
126
64
129
64
128
64
128
64
127
64
128
64
127
64
129
64
128
64
130
64
127
64
129
64
129
64
129
64
128
64
130
64
128
64
130
64
129
64
129
64
129
64
128
64
127
64
129
64
128
64
130
64
129
64
129
64
129
64
129
64
129
64
129
64
128
64
129
64
130
64
130
64
128
64
129
64
128
64
130
64
128
64
129
64
130
64
131
64
129
64
129
64
129
64
130
64
129
64
130
64
128
64
131
64
130
64
131
64
130
64
130
64
128
64
129
64
129
64
131
64
130
64
129
64
129
64
131
64
130
64
130
64
129
64
131
64
131
64
131
64
130
64
132
64
130
64
131
64
131
64
130
64
131
64
132
64
129
64
131
64
131
64
131
64
130
64
131
64
129
64
132
64
131
64
132
64
131
64
132
64
131
64
132
64
131
64
131
64
129
64
132
64
129
64
130
64
129
64
129
64
131
64
131
64
131
64
129
64
129
64
129
64
129
64
129
64
130
64
130
64
129
64
131
64
130
64
129
64
130
64
129
64
131
64
129
64
129
64
130
64
129
64
129
64
129
64
129
64
129
64
130
64
131
64
131
64
130
64
130
64
130
64
131
64
132
64
131
64
131
64
129
64
132
64
129
64
132
64
131
64
131
64
133
64
131
64
132
64
130
64
132
64
131
64
132
64
134
64
132
64
133
64
133
64
131
64
132
64
132
64
132
64
133
64
132
64
134
64
134
64
134
64
133
64
135
64
135
64
136
64
134
64
135
64
134
64
135
64
135
64
136
64
136
64
134
64
137
64
138
64
135
64
136
64
137
64
135
64
137
64
136
64
135
64
136
64
137
64
136
64
137
64
138
64
136
64
137
64
139
64
136
64
137
64
138
64
136
64
139
64
140
64
137
64
139
64
139
64
138
64
138
64
139
64
139
64
139
64
140
64
140
64
140
64
140
64
140
64
143
64
141
64
143
64
143
64
143
64
144
64
146
64
146
64
145
64
147
64
147
64
147
64
148
64
147
64
148
64
150
64
150
64
150
64
150
64
151
64
151
64
150
64
150
64
151
64
150
64
151
64
153
64
153
64
153
64
152
64
153
64
152
64
153
64
154
64
152
64
154
64
153
64
154
64
155
64
155
64
156
64
156
64
155
64
154
64
156
64
156
64
156
64
156
64
155
64
155
64
156
64
155
64
156
64
155
64
155
64
155
64
156
64
158
64
156
64
158
64
158
64
157
64
157
64
158
64
157
64
158
64
157
64
156
64
156
64
159
64
158
64
157
64
159
64
159
64
158
64
158
64
158
64
159
64
157
64
158
64
157
64
158
64
158
64
158
64
158
64
159
64
157
64
159
64
158
64
158
64
158
64
157
64
160
64
160
64
158
64
160
64
160
64
159
64
158
64
159
64
159
64
160
64
158
64
160
64
159
64
159
64
158
64
159
64
160
64
158
64
160
64
158
64
160
64
159
64
160
64
158
64
159
64
160
64
160
64
158
64
159
64
160
64
160
64
158
64
160
64
160
64
160
64
160
64
159
64
158
64
159
64
158
64
159
64
158
64
158
64
160
64
160
64
160
64
158
64
158
64
158
64
159
64
159
64
160
64
158
64
160
64
159
64
158
64
160
64
158
64
158
64
158
64
158
64
159
64
160
64
159
64
160
64
160
64
158
64
158
64
160
64
158
64
160
64
159
64
158
64
159
64
158
64
160
64
159
64
160
64
159
64
158
64
158
64
159
64
159
64
159
64
160
64
158
64
160
64
158
64
160
64
160
64
160
64
159
64
160
64
160
64
160
64
159
64
159
64
159
64
159
64
159
64
160
64
158
64
160
64
158
64
159
64
160
64
160
64
158
64
160
64
158
64
158
64
160
64
160
64
160
64
158
64
159
64
159
64
158
64
159
64
160
64
158
64
159
64
159
64
160
64
158
64
160
64
160
64
158
64
159
64
160
64
159
64
158
64
159
64
158
64
160
64
159
64
160
64
159
64
158
64
159
64
160
64
159
64
160
64
159
64
158
64
160
64
158
64
158
64
160
64
159
64
160
64
158
64
160
64
160
64
160
64
160
64
158
64
158
64
158
64
159
64
160
64
160
64
160
64
160
64
159
64
159
64
158
64
160
64
159
64
158
64
159
64
160
64
160
64
160
64
158
64
160
64
159
64
160
64
160
64
159
64
158
64
158
64
159
64
159
64
159
64
158
64
158
64
158
64
158
64
159
64
158
64
160
64
160
64
160
64
160
64
160
64
160
64
160
64
160
64
158
64
158
64
158
64
158
64
159
64
158
64
158
64
158
64
159
64
159
64
158
64
159
64
159
64
160
64
159
64
160
64
159
64
158
64
158
64
158
64
160
64
160
64
158
64
159
64
159
64
158
64
159
64
159
64
160
64
158
64
158
64
158
64
158
64
159
64
159
64
159
64
158
64
160
64
158
64
159
64
158
64
160
64
158
64
159
64
159
64
158
64
158
64
160
64
159
64
159
64
160
64
159
64
160
64
159
64
159
64
160
64
159
64
160
64
159
64
158
64
158
64
158
64
160
64
159
64
159
64
158
64
158
64
159
64
160
64
158
64
159
64
158
64
160
64
160
64
159
64
158
64
159
64
159
64
159
64
159
64
158
64
160
64
160
64
159
64
158
64
159
64
159
64
159
64
159
64
160
64
158
64
160
64
158
64
158
64
158
64
159
64
158
64
158
64
160
64
160
64
160
64
158
64
158
64
159
64
158
64
160
64
159
64
160
64
160
64
158
64
160
64
159
64
158
64
159
64
158
64
159
64
159
64
158
64
158
64
159
64
160
64
160
64
158
64
159
64
160
64
159
64
159
64
158
64
160
64
158
64
158
64
158
64
158
64
160
64
160
64
160
64
159
64
160
64
160
64
160
64
160
64
158
64
160
64
159
64
160
64
158
64
158
64
160
64
160
64
159
64
158
64
159
64
160
64
160
64
159
64
160
64
158
64
159
64
159
64
160
64
160
64
158
64
158
64
160
64
159
64
159
64
158
64
158
64
160
64
159
64
159
64
158
64
159
64
159
64
159
64
160
64
159
64
158
64
160
64
158
64
158
64
158
64
158
64
159
64
158
64
158
64
160
64
160
64
159
64
160
64
158
64
158
64
159
64
158
64
158
64
159
64
158
64
158
64
160
64
160
64
159
64
159
64
158
64
158
64
158
64
158
64
158
64
158
64
158
64
160
64
159
64
158
64
160
64
160
64
160
64
159
64
160
64
159
64
158
64
160
64
158
64
159
64
159
64
158
64
159
64
159
64
159
64
158
64
158
64
160
64
160
64
158
64
159
64
160
64
159
64
158
64
159
64
160
64
159
64
160
64
160
64
158
64
160
64
159
64
158
64
160
64
158
64
160
64
159
64
159
64
160
64
160
64
159
64
159
64
159
64
160
64
159
64
160
64
160
64
158
64
159
64
160
64
158
64
158
64
158
64
160
64
159
64
158
64
159
64
160
64
158
64
158
64
158
64
158
64
159
64
158
64
158
64
160
64
158
64
160
64
160
64
158
64
159
64
160
64
160
64
160
64
160
64
158
64
159
64
160
64
160
64
158
64
159
64
159
64
158
64
158
64
158
64
159
64
160
64
158
64
158
64
159
64
160
64
160
64
159
64
158
64
159
64
158
64
