128
128
127
126
127
128
128
127
126
125
125
125
125
124
125
127
128
129
129
128
128
127
127
127
128
128
129
129
129
129
128
129
127
127
127
126
127
128
128
129
129
128
127
127
126
127
128
129
129
130
131
130
129
128
127
128
129
129
130
129
130
130
130
131
131
131
131
130
129
129
130
130
131
132
131
130
131
131
131
130
130
131
132
131
130
129
129
127
128
129
129
128
127
127
127
126
125
126
128
128
129
129
129
128
129
128
128
129
129
128
127
128
129
129
127
126
127
127
126
125
125
124
124
125
124
126
127
128
128
127
127
126
126
126
126
127
127
126
127
129
131
133
134
134
134
136
136
135
136
137
138
138
138
137
136
137
137
137
138
141
142
144
145
144
144
144
143
145
147
147
148
148
149
150
152
152
154
154
154
155
156
157
158
157
156
156
156
155
156
158
160
160
161
161
161
161
160
160
160
160
162
164
166
166
166
166
167
167
167
167
166
167
168
169
170
170
171
173
172
172
173
172
172
174
175
177
179
181
182
184
183
182
181
182
183
184
186
187
187
187
187
186
185
186
188
190
64
78
89
99
108
116
126
133
141
148
154
158
161
165
168
173
177
180
184
187
189
190
64
76
90
102
112
123
131
139
145
151
157
163
168
172
176
180
182
185
189
64
78
91
104
114
123
131
140
148
156
162
167
171
177
182
188
191
64
79
93
106
118
130
141
150
159
165
172
177
183
188
64
79
96
110
121
132
142
153
162
168
174
179
186
64
81
98
111
124
137
149
160
168
176
181
188
64
81
98
114
128
140
151
160
169
178
186
64
82
98
115
130
142
154
164
174
183
189
64
84
103
119
133
144
154
167
177
185
64
82
99
117
132
145
157
166
175
186
64
83
100
118
132
147
160
172
183
191
64
84
104
121
137
150
163
173
184
64
85
105
122
138
153
166
176
188
64
84
103
122
139
153
167
178
187
64
85
105
124
139
153
167
178
188
64
88
109
128
145
160
174
185
64
86
107
127
144
158
171
183
64
87
108
126
142
159
174
187
64
86
107
126
142
157
170
182
64
86
109
128
146
161
176
190
64
88
110
130
147
162
178
64
89
111
129
146
163
176
188
64
87
111
131
149
165
181
64
89
111
129
147
165
179
64
87
111
131
149
166
180
64
90
112
132
150
168
184
64
88
110
130
148
164
179
64
88
112
133
151
170
184
64
89
113
135
153
168
182
64
89
112
132
151
170
186
64
90
113
135
155
174
190
64
91
114
136
156
172
188
64
89
113
137
158
176
64
92
118
140
159
179
64
90
115
137
158
177
64
93
117
140
160
179
64
91
117
139
160
179
64
92
118
142
162
180
64
92
118
143
162
182
64
92
117
140
160
181
64
93
117
142
164
181
64
94
119
143
164
182
64
93
119
144
166
185
64
94
120
144
165
183
64
93
118
142
165
185
64
94
120
144
165
185
64
92
119
142
163
184
64
94
120
143
163
183
64
93
118
144
166
185
64
93
121
145
167
187
64
93
118
143
166
187
64
94
122
146
168
187
64
92
118
144
166
184
64
95
121
146
168
188
64
94
120
146
167
187
64
95
123
147
168
187
64
94
121
145
168
188
64
93
120
144
165
185
64
94
122
148
169
187
64
94
120
146
167
187
64
92
119
143
165
184
64
94
123
148
170
190
64
94
121
147
170
191
64
95
122
147
169
190
64
93
119
145
167
186
64
93
122
145
168
188
64
95
121
146
168
188
64
95
123
148
169
188
64
95
120
144
166
186
64
93
120
145
166
187
64
94
120
147
168
188
64
93
121
145
167
187
64
94
120
145
167
186
64
95
122
145
166
185
64
95
120
147
170
188
64
95
124
147
168
190
64
95
121
146
170
190
64
95
124
147
169
191
64
93
119
145
167
188
64
93
121
144
167
188
64
93
120
145
166
185
64
95
124
149
171
191
64
94
120
146
169
190
64
94
123
146
169
189
64
93
120
145
168
189
64
95
123
148
168
188
64
94
119
146
168
189
64
95
122
145
168
187
64
93
119
143
167
187
64
95
123
148
168
188
64
93
119
143
167
186
64
95
122
146
168
188
64
95
120
147
169
189
64
95
124
148
168
189
64
93
120
144
165
186
64
93
122
147
169
190
64
93
119
145
167
186
64
94
121
146
169
190
64
94
122
148
169
190
64
95
122
147
170
190
64
93
119
144
168
188
64
94
123
147
168
188
64
93
120
146
168
189
64
94
121
144
167
189
64
94
122
148
170
189
64
93
120
144
164
185
64
95
121
148
169
187
64
95
123
148
170
191
64
95
122
146
170
190
64
94
121
146
167
189
64
93
120
144
168
188
64
94
123
146
169
188
64
95
120
147
170
191
64
94
121
145
167
188
64
95
120
145
166
185
64
94
123
147
170
191
64
94
120
145
166
187
64
94
122
147
170
190
64
93
121
147
170
190
64
94
121
146
168
189
64
93
119
145
168
188
64
94
123
147
169
189
64
95
120
145
168
188
64
95
124
149
169
191
64
95
120
146
168
188
64
93
122
146
169
188
64
95
120
146
169
188
64
93
120
145
166
186
64
95
122
147
169
189
64
95
122
147
170
191
64
94
121
147
168
188
64
94
122
146
167
188
64
95
120
145
167
187
64
93
122
147
168
189
64
94
120
145
168
188
64
95
123
147
168
189
64
93
119
143
165
185
64
94
121
144
165
186
64
94
120
144
166
186
64
93
122
146
169
190
64
94
122
147
169
188
64
94
123
147
168
187
64
94
120
145
168
188
64
93
120
145
167
187
64
94
120
146
168
188
64
92
119
144
167
187
64
94
122
145
167
185
64
94
121
144
165
183
64
93
119
142
162
183
64
92
116
139
161
180
64
90
117
140
160
178
64
93
119
141
160
179
64
91
115
138
159
177
64
91
117
139
161
179
64
90
115
138
158
177
64
91
117
139
157
175
191
64
90
113
136
156
175
191
64
91
116
139
160
178
64
90
116
139
159
177
191
64
90
113
133
151
169
187
64
89
111
131
149
166
183
64
89
113
132
151
169
183
64
89
112
134
153
169
184
64
88
112
132
150
166
182
64
90
112
132
150
166
180
64
87
110
131
149
164
177
189
64
87
109
129
147
163
178
64
86
107
126
143
158
172
184
64
88
108
126
143
159
174
185
64
86
105
124
140
155
168
179
191
64
84
104
122
138
153
166
177
188
64
84
105
122
138
151
163
174
185
64
86
105
121
137
152
165
174
184
64
86
106
124
137
150
162
172
182
191
64
84
104
120
134
147
159
170
179
189
64
83
102
117
132
145
158
167
178
186
64
84
102
117
132
146
157
166
174
183
189
64
82
98
112
126
140
151
162
171
178
186
64
83
99
113
127
139
151
160
169
175
183
190
64
81
98
114
126
137
147
157
164
172
179
183
189
64
80
96
110
123
134
143
152
161
169
178
183
188
64
81
95
109
121
131
140
152
161
169
177
183
188
64
81
96
109
121
132
142
151
160
167
174
179
183
189
191
64
82
97
109
122
134
143
152
159
164
171
177
181
186
190
64
80
93
107
119
129
139
147
155
163
170
177
182
185
188
190
64
80
94
105
116
126
136
144
153
159
166
170
174
177
182
185
189
64
78
92
104
115
124
134
143
151
158
165
171
175
181
186
189
64
79
92
104
114
124
133
142
150
158
163
169
175
180
184
188
189
191
64
78
92
104
114
124
132
140
147
153
158
163
170
174
179
182
184
188
189
191
64
78
92
104
116
125
135
143
149
156
161
165
171
174
177
179
182
186
190
191
64
79
93
104
113
122
129
138
145
152
157
163
169
174
179
183
186
189
190
191
64
80
92
103
114
124
131
140
148
155
160
165
170
174
178
182
185
188
189
191
64
77
89
102
113
123
131
140
147
154
159
163
166
170
175
177
180
181
183
186
190
64
77
91
103
112
121
128
135
141
149
156
163
168
173
177
181
183
187
188
189
191
64
77
91
104
114
125
132
140
148
153
158
164
169
174
178
182
184
185
186
187
190
191
191
64
80
94
105
115
124
133
141
147
153
157
161
165
168
172
176
178
181
185
187
190
64
78
90
101
111
120
129
138
144
152
157
163
168
173
174
178
181
184
187
190
64
79
91
101
113
122
130
137
143
149
153
160
165
170
175
177
179
181
182
185
187
188
188
190
191
64
77
89
101
110
119
129
136
143
150
156
160
162
166
169
174
176
178
182
184
186
188
188
189
189
189
191
64
79
92
102
112
121
129
137
143
148
153
156
160
162
166
170
173
175
179
180
182
184
186
187
188
188
189
189
190
189
189
189
189
189
188
187
187
186
184
184
184
183
184
185
185
184
186
187
187
186
187
188
187
188
187
188
188
186
186
185
184
184
183
181
181
180
179
179
180
179
177
175
176
175
173
172
170
171
170
169
168
167
165
165
165
164
163
164
162
162
163
163
163
161
161
160
160
160
159
159
158
159
157
157
156
155
154
153
152
152
151
152
151
152
150
150
151
151
150
149
150
151
149
150
149
148
147
147
146
146
147
147
146
145
145
144
145
143
142
143
142
142
142
142
143
144
144
144
145
144
145
143
142
141
141
141
140
141
141
141
141
139
138
137
136
135
134
135
135
136
135
135
134
134
136
135
136
136
137
136
134
134
134
134
133
133
132
131
131
132
133
134
135
136
136
135
135
136
137
136
136
135
136
134
135
135
136
135
134
134
133
133
132
131
130
130
129
129
129
129
130
129
130
131
130
131
131
132
132
132
133
132
131
131
130
131
130
131
131
132
133
133
133
132
133
133
133
132
132
132
133
131
131
132
131
132
132
131
130
130
129
130
131
130
129
128
127
127
129
128
129
128
129
128
129
129
129
129
128
127
127
128
128
128
129
130
129
130
131
132
130
131
132
131
129
130
131
130
131
130
131
130
130
129
129
128
128
128
129
129
130
130
129
130
131
129
129
128
128
129
128
127
128
128
128
129
128
129
129
128
128
128
127
126
126
127
128
129
128
127
127
126
125
125
125
126
125
127
128
129
129
129
128
128
128
128
127
128
129
128
129
128
127
128
128
129
130
131
129
128
128
129
129
129
128
128
127
127
128
128
129
130
129
130
130
130
130
129
128
127
128
128
128
128
128
128
128
127
128
127
127
126
127
128
127
126
126
126
125
126
126
127
127
128
128
129
128
127
128
129
129
129
128
127
126
126
126
125
126
126
126
127
127
127
126
126
127
128
128
127
126
125
126
126
125
126
125
124
124
124
125
124
124
124
125
126
127
126
127
126
127
126
125
126
125
124
125
125
124
123
125
124
125
125
124
125
125
126
126
126
127
127
128
129
129
128
129
130
131
130
130
130
131
129
128
127
126
127
126
125
127
128
128
127
128
128
127
128
128
127
126
126
127
126
127
128
128
129
130
130
130
128
129
128
129
128
129
128
127
128
128
128
129
130
128
129
129
128
127
128
127
127
128
128
127
128
129
128
127
128
129
128
128
129
128
127
127
128
129
128
129
128
127
126
128
128
128
127
126
126
126
126
127
126
126
128
129
128
128
128
129
128
128
127
127
126
127
126
126
125
126
125
124
124
124
123
123
122
124
123
123
123
124
124
123
123
124
123
123
123
123
124
123
123
122
123
124
126
126
127
126
127
126
127
126
127
126
127
128
129
130
128
128
129
128
129
128
128
127
126
126
125
126
127
128
127
127
127
128
127
126
127
127
126
127
126
127
127
128
129
128
129
128
129
128
128
127
126
127
128
127
128
129
130
130
130
131
130
130
131
131
130
131
132
130
129
128
127
128
129
128
129
130
130
129
129
128
128
129
129
130
129
130
129
130
131
130
130
130
130
130
130
130
128
127
127
128
129
128
129
130
131
129
129
130
130
129
127
126
126
127
126
125
125
124
124
123
125
124
125
125
125
125
124
125
124
123
124
124
123
124
125
125
126
126
126
125
126
125
127
126
127
127
127
128
127
127
127
128
128
128
128
127
127
127
126
125
126
128
127
126
126
125
124
126
127
128
127
127
126
126
125
124
124
123
124
123
123
125
125
124
124
125
125
126
126
126
127
128
128
128
128
127
126
127
126
127
127
128
129
128
128
129
129
130
128
128
127
127
127
126
127
126
127
128
128
127
128
128
128
128
127
126
126
127
126
126
125
126
127
127
127
128
129
128
128
127
128
127
126
125
124
125
124
124
126
126
125
124
124
123
122
122
123
125
125
125
126
126
127
127
127
128
127
128
127
128
127
126
126
127
127
126
125
125
126
125
126
126
127
128
128
127
126
125
126
126
127
126
128
129
129
129
128
128
129
129
130
130
131
132
131
130
131
130
130
130
131
129
128
129
130
131
129
129
129
128
127
127
127
126
125
124
126
127
128
129
129
130
129
130
130
131
129
130
131
131
129
128
128
129
128
129
130
129
128
127
126
126
127
128
127
127
126
127
126
125
125
124
126
127
128
128
128
129
129
128
128
128
128
128
127
128
128
128
129
127
127
126
127
126
126
125
125
126
126
125
124
125
126
126
127
127
127
128
128
128
128
128
127
128
129
128
129
130
128
128
127
128
127
126
126
125
125
125
124
126
126
125
124
124
125
124
124
124
123
124
124
125
126
127
128
128
129
130
130
129
129
129
129
129
127
127
127
127
128
129
129
128
129
130
130
130
131
131
131
130
131
131
132
133
131
130
131
129
128
128
129
129
128
129
130
128
127
126
127
127
128
127
126
126
126
126
125
125
125
125
124
124
126
127
128
129
130
129
130
130
129
130
130
130
131
130
128
127
126
125
125
124
124
126
127
126
127
127
126
126
125
126
126
125
125
125
125
125
125
125
127
127
126
127
128
129
129
129
130
128
127
126
126
127
126
125
125
126
125
126
126
127
128
128
129
130
131
129
130
131
130
129
130
131
131
130
131
130
130
131
131
129
130
129
130
128
127
127
126
127
126
125
124
124
124
125
125
126
125
125
125
124
124
123
124
123
123
124
124
124
125
126
125
126
126
125
125
125
125
125
124
124
125
125
126
125
126
125
126
127
128
129
129
128
128
128
128
129
130
129
129
129
129
128
127
126
126
126
125
125
127
128
128
129
130
129
128
129
130
131
130
130
129
128
128
127
128
129
129
127
127
126
127
126
126
125
126
127
128
128
128
128
127
127
126
125
126
125
125
126
127
126
127
128
128
129
130
131
132
132
133
133
132
132
133
132
132
130
129
129
128
129
129
129
129
129
130
131
131
132
133
131
132
131
130
