129
129
128
127
126
129
129
129
130
130
130
130
132
136
138
138
141
142
144
146
149
151
154
155
155
155
157
159
161
163
164
165
166
165
167
168
171
174
174
175
177
176
177
180
181
184
183
183
184
184
185
187
189
190
190
191
64
77
89
101
111
121
129
136
144
150
156
161
165
170
174
177
182
186
189
190
64
79
95
108
119
129
138
147
155
161
167
172
177
181
186
191
64
81
95
107
119
130
141
151
158
166
173
180
187
64
82
97
111
123
134
144
152
159
168
177
185
191
64
82
99
113
125
136
147
159
168
177
185
191
64
83
101
116
130
144
154
163
171
179
189
64
82
99
116
130
143
155
166
176
187
64
83
100
116
133
147
158
169
179
189
64
85
104
121
136
149
160
170
180
190
64
84
103
121
135
150
162
175
184
64
86
105
122
139
153
164
175
186
64
85
105
124
141
156
169
181
191
64
84
105
123
141
154
168
181
64
87
108
126
144
157
172
185
64
87
109
129
147
162
176
188
64
88
109
130
147
165
182
64
88
111
134
152
169
182
64
90
114
133
153
170
186
64
90
112
133
150
170
186
64
91
115
138
158
175
64
92
116
137
156
173
188
64
91
115
136
154
173
191
64
91
116
139
160
176
64
92
117
139
161
181
64
92
117
140
159
179
64
92
119
142
163
183
64
91
116
139
159
177
64
91
117
141
163
182
64
95
121
147
171
190
64
93
122
145
169
188
64
97
126
151
175
64
94
123
148
171
64
95
124
152
174
64
98
128
154
178
64
96
127
153
179
64
97
128
156
181
64
100
132
159
184
64
97
127
155
181
64
100
131
159
187
64
98
131
159
186
64
98
131
159
185
64
101
133
164
191
64
101
134
162
188
64
101
135
165
191
64
99
131
163
188
64
101
134
164
64
101
135
165
64
100
133
165
190
64
99
134
166
64
101
135
166
64
102
134
164
191
64
101
135
168
64
101
135
165
64
100
135
166
64
103
139
170
64
102
135
166
64
102
137
169
64
102
137
169
64
104
140
173
64
104
138
172
64
102
137
170
64
104
139
171
64
102
136
168
64
105
141
175
64
104
140
172
64
105
140
174
64
102
140
173
64
105
140
172
64
105
140
173
64
102
139
172
64
104
140
171
64
104
138
172
64
103
140
173
64
103
137
170
64
102
138
171
64
104
140
171
64
102
138
172
64
104
138
171
64
102
139
171
64
105
140
172
64
104
140
172
64
103
140
171
64
105
141
171
64
102
138
171
64
104
141
172
64
104
138
169
64
103
137
171
64
102
138
171
64
104
140
173
64
102
136
169
64
104
141
174
64
103
138
170
64
103
138
170
64
103
140
171
64
102
138
170
64
102
138
171
64
101
136
168
64
104
141
173
64
104
140
171
64
101
135
169
64
105
139
171
64
102
135
167
64
104
139
170
64
103
138
170
64
101
136
169
64
101
137
168
64
102
137
168
64
102
138
169
64
103
138
168
64
103
139
169
64
104
137
170
64
103
138
172
64
104
139
171
64
103
136
167
64
102
138
170
64
104
138
167
64
102
139
170
64
103
138
168
64
103
136
169
64
103
137
170
64
103
137
167
64
105
141
173
64
104
138
171
64
102
140
173
64
103
137
167
64
102
137
169
64
102
139
172
64
103
138
168
64
104
139
171
64
101
138
168
64
103
139
170
64
103
137
170
64
102
138
171
64
103
139
170
64
101
136
166
64
103
140
172
64
103
138
168
64
101
135
169
64
102
139
170
64
102
136
168
64
104
140
171
64
102
136
166
64
103
138
169
64
104
137
169
64
101
137
168
64
103
139
169
64
102
135
166
64
103
138
169
64
103
139
169
64
102
136
170
64
101
137
168
64
104
137
170
64
102
136
167
64
102
136
168
64
103
137
167
64
101
136
169
64
101
137
169
64
103
139
171
64
102
136
167
64
102
137
170
64
102
136
166
64
101
137
169
64
102
138
169
64
103
139
169
64
103
137
169
64
101
135
167
64
101
138
170
64
103
139
169
64
101
136
167
64
102
136
167
64
101
135
167
64
101
138
170
64
103
137
168
64
103
139
171
64
103
139
170
64
102
137
168
64
103
138
170
64
102
137
167
64
103
138
171
64
102
137
168
64
102
138
170
64
103
138
169
64
102
137
170
64
102
136
168
64
102
135
165
64
101
133
163
191
64
100
135
164
190
64
100
132
161
188
64
101
132
160
186
64
99
130
158
184
64
98
132
160
186
64
99
129
157
181
64
98
129
156
182
64
98
129
156
179
64
98
130
158
184
64
98
129
156
179
64
97
128
154
181
64
98
128
157
181
64
96
127
155
178
64
98
127
154
178
64
96
125
150
177
64
97
128
156
181
64
96
125
153
177
64
98
130
157
181
64
97
127
154
177
64
98
128
157
181
64
96
128
154
177
64
95
124
151
176
64
97
126
153
177
64
97
127
153
177
64
96
127
154
176
64
96
124
149
173
64
97
126
152
175
64
96
123
150
175
64
95
125
152
176
64
95
125
153
176
64
98
127
154
179
64
96
125
152
176
64
98
128
155
178
64
96
126
155
180
64
96
126
153
177
64
96
126
151
177
64
98
129
155
180
64
98
127
156
182
64
98
129
156
181
64
96
127
156
181
64
99
129
156
180
64
99
132
159
186
64
97
129
156
181
64
97
126
155
181
64
99
132
161
186
64
98
131
159
184
64
98
127
157
182
64
98
129
157
184
64
97
129
156
182
64
98
128
157
184
64
100
130
158
185
64
99
132
161
186
64
99
129
158
183
64
100
133
160
187
64
98
129
158
184
64
99
130
159
184
64
99
131
159
184
64
97
128
155
181
64
97
128
156
181
64
99
129
156
180
64
97
126
154
177
64
98
128
153
179
64
98
130
157
180
64
97
127
156
180
64
97
128
156
183
64
98
129
156
180
64
99
130
158
182
64
98
129
154
178
64
98
129
156
179
64
98
129
158
182
64
98
127
155
179
64
99
131
159
184
64
98
129
158
184
64
99
129
155
181
64
97
128
156
181
64
98
129
156
183
64
99
130
157
182
64
97
128
158
183
64
99
129
159
184
64
99
130
156
183
64
98
129
157
184
64
100
131
160
185
64
98
129
157
183
64
96
128
156
183
64
98
129
158
183
64
100
132
160
185
64
96
129
157
182
64
100
130
158
183
64
99
131
157
184
64
98
131
158
183
64
99
130
158
183
64
99
130
157
182
64
98
129
158
183
64
99
129
158
184
64
100
130
159
183
64
98
129
157
180
64
98
130
159
184
64
99
130
157
182
64
99
130
159
182
64
100
130
161
185
64
99
132
160
187
64
99
131
158
183
64
99
131
160
187
64
99
132
159
184
64
97
129
156
180
64
97
128
157
184
64
98
130
157
182
64
97
130
158
182
64
97
128
159
184
64
99
132
160
187
64
98
130
157
181
64
97
128
155
183
64
99
130
158
185
64
98
129
158
182
64
98
127
156
182
64
98
129
157
184
64
99
130
158
183
64
98
129
158
184
64
99
131
158
184
64
98
131
158
183
64
98
130
158
184
64
97
128
156
182
64
99
131
160
184
64
99
129
156
182
64
97
129
158
185
64
97
130
157
183
64
99
130
157
181
64
99
132
161
187
64
97
130
159
183
64
99
131
160
185
64
97
128
158
186
64
98
131
159
184
64
99
131
161
185
64
98
130
158
184
64
100
131
158
182
64
97
129
158
184
64
98
128
156
182
64
98
130
158
182
64
99
130
158
184
64
98
130
158
183
64
100
133
163
188
64
98
128
158
184
64
99
130
158
183
64
96
130
160
186
64
100
131
159
186
64
98
129
156
181
64
96
129
157
181
64
98
129
159
183
64
98
129
158
183
64
96
128
156
182
64
100
131
160
186
64
100
130
158
184
64
96
127
154
178
64
100
132
162
186
64
99
129
158
184
64
97
130
159
183
64
99
130
161
186
64
98
130
157
183
64
97
128
156
182
64
99
129
159
185
64
98
130
159
185
64
97
128
157
184
64
99
129
160
187
64
101
133
163
191
64
100
135
166
64
101
137
168
64
102
138
170
64
104
138
170
64
103
140
172
64
102
139
169
64
103
141
174
64
104
140
173
64
104
139
171
64
102
137
170
64
103
141
173
64
104
140
171
64
103
138
170
64
103
139
172
64
103
139
171
64
102
139
170
64
101
137
168
64
102
140
172
64
104
140
173
64
102
137
169
64
103
139
171
64
101
137
168
64
102
138
169
64
102
137
167
64
101
137
168
64
102
137
167
64
101
136
166
64
100
134
165
64
101
136
166
64
100
133
164
64
102
135
165
64
99
132
161
189
64
101
135
165
191
64
99
132
161
187
64
100
133
164
191
64
99
131
161
187
64
101
134
165
191
64
100
133
161
189
64
100
132
163
190
64
99
132
160
188
64
101
132
161
188
64
100
132
161
187
64
101
132
161
186
64
100
134
161
188
64
100
131
159
184
64
98
131
159
184
64
101
133
162
187
64
98
131
159
187
64
100
131
162
188
64
100
133
163
188
64
101
132
160
185
64
98
129
157
185
64
100
133
161
185
64
98
131
160
185
64
99
131
160
186
64
100
133
161
186
64
97
129
157
183
64
100
130
160
185
64
98
129
156
183
64
98
129
156
182
64
99
130
158
184
64
96
129
156
182
64
99
130
157
182
64
97
128
156
181
64
98
128
155
180
64
98
127
156
181
64
96
126
153
177
64
96
125
151
174
64
97
124
152
174
64
96
126
153
175
64
94
122
147
171
64
93
122
147
170
64
95
123
148
169
187
64
93
120
144
167
187
64
95
121
144
165
185
64
92
116
139
161
179
64
92
117
139
161
178
64
92
115
138
159
177
64
91
114
135
154
171
186
64
90
113
133
151
169
185
64
88
111
130
147
163
177
64
87
108
129
146
160
176
188
64
88
109
127
146
160
174
188
64
85
106
125
141
158
173
184
64
85
105
126
142
155
168
180
64
87
106
125
141
154
167
180
190
64
85
106
124
140
154
167
180
189
64
86
104
122
138
153
165
176
187
64
85
103
121
136
151
164
174
185
64
84
102
119
136
149
161
172
181
188
64
84
103
121
136
148
160
170
179
189
64
83
101
117
132
147
159
170
181
188
64
83
103
118
134
147
160
170
179
188
64
85
102
119
133
144
156
168
177
187
64
83
102
118
133
145
158
167
177
185
64
85
103
117
132
144
155
166
176
185
64
83
101
118
133
146
158
169
178
188
64
83
100
115
129
143
154
164
174
181
189
64
83
101
119
134
147
160
170
178
188
64
83
102
118
131
145
156
166
174
184
191
64
83
101
117
130
143
155
166
176
185
64
82
101
116
129
143
156
167
177
184
64
82
101
115
129
143
153
163
172
179
188
64
83
101
118
130
143
153
163
172
181
188
64
84
102
119
132
144
156
167
177
186
64
82
101
118
130
144
156
165
174
183
190
64
84
100
115
130
143
156
167
175
185
64
81
99
115
128
142
153
162
172
181
188
64
83
99
115
129
142
153
163
172
181
189
64
84
101
117
133
144
155
166
174
183
191
64
82
99
114
128
142
154
163
173
181
189
64
84
99
115
129
141
154
164
172
181
188
64
83
101
116
130
143
152
163
174
181
188
64
83
100
117
129
141
154
163
174
183
190
64
83
99
116
129
140
151
162
171
181
189
64
83
99
115
128
142
154
166
174
180
187
64
83
102
117
132
144
155
164
173
182
190
64
82
99
115
128
140
153
162
170
179
186
64
83
99
115
130
144
155
167
177
183
64
82
100
117
130
143
155
165
174
183
189
64
82
100
114
127
140
151
162
172
180
189
64
82
99
114
126
140
150
160
170
180
188
64
84
99
115
128
141
153
163
173
181
188
64
82
100
115
129
142
154
165
175
183
64
84
99
117
131
143
155
165
173
181
189
64
84
101
117
133
144
156
167
177
184
64
82
100
115
130
141
154
164
173
182
189
64
83
100
116
132
143
155
165
174
181
188
64
81
99
114
126
140
152
162
171
180
186
64
84
99
114
130
141
153
164
172
181
188
64
84
101
115
129
140
152
162
173
181
189
64
81
100
115
129
143
155
164
173
180
186
64
82
100
115
130
143
154
164
173
182
189
64
84
101
115
130
143
153
164
174
181
189
64
81
100
116
129
143
156
164
173
181
188
64
83
98
114
129
142
154
165
173
181
189
64
84
100
114
129
143
154
166
176
182
191
64
81
100
116
130
144
156
167
177
184
190
64
84
101
116
130
143
156
166
174
184
190
64
83
100
115
131
144
156
167
177
186
64
84
101
116
130
143
154
163
172
180
188
64
82
100
115
129
143
154
163
174
180
187
64
83
102
117
131
144
154
163
174
182
189
64
84
100
115
130
142
153
163
173
181
188
64
84
100
114
129
141
151
162
170
178
185
64
83
101
116
129
143
153
163
173
180
188
64
83
100
117
132
145
156
166
173
183
191
64
83
101
117
132
143
153
164
174
181
190
64
83
101
116
131
144
156
164
175
182
189
64
83
98
115
129
142
154
163
172
182
188
64
82
99
115
128
140
151
161
171
180
187
64
82
101
117
130
143
155
166
175
184
191
64
83
98
115
130
143
155
166
174
182
188
64
83
100
115
129
141
152
161
170
179
187
64
83
102
116
131
143
154
164
173
182
187
64
84
100
116
131
143
155
164
172
181
187
64
84
101
116
131
144
156
166
175
184
64
82
99
114
129
142
153
163
172
182
190
64
82
100
116
130
142
154
165
173
180
188
64
82
100
115
129
142
155
164
174
182
188
64
82
98
114
128
139
152
164
171
181
188
64
84
101
117
131
144
156
165
173
182
190
64
81
98
114
129
141
151
161
170
178
186
64
84
101
117
132
145
158
166
175
184
64
83
100
115
130
142
152
161
171
179
186
64
84
100
115
128
140
151
161
169
177
185
191
64
83
99
117
129
141
153
162
171
180
188
64
82
101
117
132
145
157
166
174
182
191
64
82
100
117
130
144
154
165
173
182
188
64
82
98
114
128
139
151
163
172
180
188
64
83
100
115
130
142
153
163
171
179
186
64
81
98
113
128
142
152
161
170
180
186
64
82
99
115
128
140
153
162
172
180
189
64
84
100
114
129
142
153
164
174
181
189
64
83
101
116
131
143
153
164
173
182
189
64
82
100
115
130
142
154
164
174
181
188
64
84
102
117
132
144
155
165
174
183
189
64
82
99
114
126
140
152
163
174
181
187
64
83
98
115
130
