127
126
127
127
126
126
125
126
128
128
129
127
126
126
126
126
125
124
125
125
126
126
126
126
125
126
126
125
126
127
127
126
126
127
128
128
128
129
130
129
128
128
127
128
129
129
129
129
130
129
129
128
128
129
130
129
129
129
128
127
127
128
128
129
129
128
129
128
128
127
126
125
124
124
123
122
124
124
124
125
124
124
124
125
127
126
126
126
127
128
129
129
130
130
128
129
129
128
128
129
129
129
127
128
128
128
128
129
129
129
130
128
129
129
128
128
127
128
127
126
126
125
127
127
126
125
125
126
127
128
129
128
129
128
127
126
126
125
125
125
126
125
124
124
123
125
125
125
126
125
126
125
125
126
127
128
129
130
130
131
131
131
131
129
128
127
126
126
127
127
127
126
126
126
126
127
126
127
127
128
129
130
129
128
128
129
130
128
128
127
126
125
126
126
126
125
125
127
127
127
128
128
129
128
129
129
128
129
128
128
128
128
127
126
125
125
125
124
123
125
125
125
126
128
129
128
127
127
127
127
126
127
126
126
125
124
123
124
123
123
124
125
126
127
128
127
126
125
126
126
128
129
129
130
130
131
131
131
132
131
131
131
130
130
131
130
131
130
131
131
132
131
130
130
131
131
130
130
129
130
130
130
129
130
131
130
130
129
129
130
131
130
131
132
130
131
132
132
131
130
129
128
127
127
126
126
127
126
125
126
127
128
127
126
125
126
126
127
128
129
129
129
130
130
130
129
129
129
128
127
126
125
126
126
128
127
126
127
126
127
127
126
126
127
128
127
127
128
129
129
129
128
127
126
126
127
127
127
128
129
130
131
129
130
131
132
131
131
131
130
129
130
131
129
130
131
129
130
130
129
130
129
128
127
128
127
128
127
126
125
124
125
124
124
124
124
123
123
122
123
124
125
124
125
125
127
127
127
127
127
126
125
125
125
124
125
124
125
126
126
125
125
124
125
125
126
125
125
125
126
125
126
125
124
124
124
123
125
125
124
126
127
128
127
126
125
124
125
124
124
124
124
123
125
124
124
125
124
124
126
127
128
129
128
127
128
128
127
127
127
127
127
128
128
129
129
130
130
129
129
128
129
129
128
128
127
126
125
126
127
128
129
130
131
130
130
131
132
132
133
131
130
131
129
128
129
129
130
129
128
127
128
128
129
128
129
129
128
127
128
127
126
126
127
128
129
130
129
130
128
128
128
129
128
127
128
129
130
130
128
127
128
129
130
131
129
130
131
132
132
131
129
130
129
130
131
130
130
129
129
128
129
127
127
127
127
126
128
129
128
129
128
127
127
128
129
128
129
130
129
128
129
128
127
128
127
126
126
127
127
128
129
129
128
129
128
129
130
129
130
130
129
130
129
128
128
128
127
128
128
129
128
129
130
129
129
130
131
129
128
129
129
128
127
127
126
126
127
127
127
126
127
127
126
126
126
127
127
128
129
130
129
127
127
126
126
126
127
126
126
125
126
127
128
127
128
128
128
128
128
129
129
129
128
127
127
128
127
127
127
127
126
127
126
128
128
129
129
129
128
128
127
128
129
129
128
129
131
133
134
134
136
137
138
138
140
140
139
141
140
140
139
139
142
144
147
147
149
150
149
150
152
151
150
152
153
155
156
159
159
159
159
161
161
163
163
166
168
64
75
87
97
104
111
121
128
134
141
147
150
154
159
163
167
64
77
90
103
115
124
133
140
147
154
160
166
64
80
95
108
120
131
141
150
158
166
64
80
96
113
128
139
151
161
64
84
102
117
131
145
158
169
64
84
104
120
134
147
161
64
84
104
123
139
155
168
64
88
109
129
148
163
64
88
112
132
149
166
64
90
113
134
154
64
90
116
137
157
64
92
118
142
164
64
93
119
142
165
64
93
122
148
64
95
124
149
64
97
124
151
64
96
126
152
64
97
128
156
64
99
132
159
64
101
133
164
64
102
136
169
64
102
139
64
106
141
64
104
142
64
106
146
64
107
147
64
110
151
64
110
151
64
111
151
64
111
156
64
112
154
64
112
158
64
113
156
64
113
160
64
115
161
64
116
162
64
116
162
64
117
164
64
116
164
64
116
166
64
119
166
64
117
168
64
118
168
64
118
64
120
64
118
169
64
119
64
122
64
121
64
122
64
121
64
121
64
122
64
122
64
121
64
121
64
121
64
123
64
124
64
122
64
124
64
123
64
122
64
124
64
123
64
123
64
125
64
124
64
123
64
124
64
123
64
125
64
124
64
124
64
125
64
125
64
124
64
124
64
126
64
126
64
126
64
126
64
125
64
127
64
127
64
125
64
126
64
126
64
125
64
127
64
127
64
125
64
126
64
126
64
127
64
125
64
126
64
125
64
125
64
126
64
126
64
126
64
126
64
127
64
127
64
128
64
128
64
128
64
127
64
127
64
127
64
126
64
128
64
127
64
127
64
126
64
126
64
126
64
127
64
128
64
128
64
128
64
128
64
126
64
126
64
128
64
128
64
127
64
127
64
128
64
126
64
127
64
126
64
127
64
128
64
127
64
129
64
127
64
127
64
129
64
129
64
129
64
128
64
129
64
128
64
128
64
129
64
129
64
128
64
127
64
129
64
129
64
129
64
129
64
129
64
127
64
128
64
128
64
129
64
127
64
129
64
127
64
129
64
127
64
128
64
128
64
127
64
128
64
127
64
128
64
127
64
127
64
127
64
128
64
127
64
128
64
127
64
127
64
129
64
129
64
129
64
129
64
128
64
128
64
129
64
129
64
128
64
129
64
127
64
129
64
129
64
128
64
127
64
129
64
128
64
127
64
129
64
127
64
128
64
127
64
128
64
128
64
128
64
129
64
129
64
129
64
127
64
129
64
128
64
128
64
129
64
129
64
128
64
129
64
129
64
129
64
128
64
128
64
129
64
129
64
127
64
127
64
128
64
127
64
128
64
128
64
127
64
129
64
129
64
127
64
129
64
128
64
127
64
129
64
128
64
127
64
127
64
128
64
128
64
127
64
127
64
128
64
129
64
127
64
129
64
129
64
127
64
128
64
127
64
128
64
127
64
127
64
128
64
128
64
128
64
127
64
128
64
129
64
127
64
127
64
129
64
127
64
128
64
127
64
127
64
127
64
128
64
129
64
127
64
127
64
128
64
127
64
129
64
128
64
128
64
128
64
129
64
129
64
127
64
129
64
127
64
127
64
127
64
129
64
127
64
128
64
127
64
129
64
129
64
127
64
128
64
127
64
129
64
129
64
127
64
127
64
127
64
127
64
128
64
127
64
128
64
128
64
129
64
128
64
128
64
128
64
129
64
127
64
128
64
129
64
127
64
128
64
127
64
127
64
128
64
127
64
129
64
129
64
127
64
127
64
129
64
129
64
127
64
129
64
129
64
129
64
127
64
127
64
129
64
127
64
129
64
127
64
127
64
129
64
128
64
129
64
128
64
127
64
129
64
128
64
127
64
127
64
128
64
127
64
129
64
128
64
128
64
129
64
128
64
129
64
128
64
128
64
129
64
127
64
128
64
127
64
128
64
128
64
129
64
129
64
129
64
129
64
127
64
129
64
128
64
128
64
128
64
129
64
127
64
128
64
129
64
129
64
128
64
128
64
127
64
128
64
127
64
128
64
128
64
129
64
127
64
128
64
129
64
129
64
128
64
129
64
129
64
127
64
129
64
127
64
129
64
129
64
127
64
128
64
129
64
127
64
127
64
127
64
128
64
128
64
129
64
128
64
129
64
129
64
129
64
129
64
129
64
128
64
127
64
127
64
129
64
129
64
127
64
128
64
129
64
129
64
127
64
128
64
129
64
128
64
128
64
127
64
127
64
128
64
127
64
127
64
129
64
129
64
129
64
128
64
129
64
129
64
129
64
127
64
128
64
127
64
129
64
129
64
129
64
127
64
128
64
129
64
129
64
128
64
129
64
128
64
129
64
128
64
129
64
129
64
129
64
127
64
127
64
128
64
129
64
128
64
129
64
127
64
127
64
127
64
128
64
128
64
128
64
128
64
127
64
128
64
129
64
128
64
129
64
127
64
127
64
128
64
127
64
127
64
128
64
129
64
129
64
129
64
127
64
129
64
127
64
128
64
128
64
128
64
129
64
127
64
128
64
127
64
128
64
129
64
128
64
128
64
127
64
127
64
129
64
127
64
127
64
129
64
129
64
128
64
129
64
128
64
128
64
129
64
128
64
128
64
128
64
129
64
129
64
128
64
128
64
127
64
127
64
128
64
129
64
129
64
128
64
128
64
127
64
127
64
127
64
128
64
127
64
128
64
129
64
127
64
129
64
129
64
127
64
129
64
127
64
128
64
127
64
127
64
128
64
128
64
129
64
128
64
127
64
128
64
127
64
129
64
129
64
128
64
128
64
128
64
127
64
129
64
127
64
127
64
127
64
129
64
129
64
129
64
127
64
128
64
129
64
129
64
129
64
128
64
127
64
129
64
127
64
129
64
127
64
129
64
128
64
128
64
128
64
128
64
127
64
129
64
128
64
129
64
128
64
128
64
129
64
127
64
128
64
128
64
128
64
127
64
127
64
127
64
