128
129
128
127
128
128
127
128
127
126
125
125
126
125
125
124
124
124
126
131
134
138
139
140
141
144
145
145
146
146
147
147
149
151
150
155
159
162
165
167
169
171
172
173
173
174
174
173
175
178
182
185
188
191
64
78
90
102
113
123
132
140
150
158
164
172
178
183
187
64
80
95
108
121
134
145
156
165
174
182
187
191
64
80
100
115
129
142
155
164
173
180
187
64
85
105
122
136
150
162
171
180
188
64
88
110
128
145
158
170
181
64
89
111
131
148
162
176
187
64
90
113
133
151
168
182
64
92
116
137
157
174
188
64
92
118
141
162
181
64
92
120
144
167
186
64
94
123
147
170
189
64
94
123
150
173
64
95
126
154
177
64
97
128
155
181
64
99
129
155
184
64
98
131
158
188
64
101
133
162
191
64
101
136
166
64
104
139
172
64
104
141
173
64
103
140
174
64
104
140
175
64
106
144
176
64
106
145
180
64
108
149
184
64
108
150
185
64
111
151
188
64
112
155
64
113
156
64
110
156
64
112
155
64
116
161
64
115
161
64
115
162
64
115
162
64
116
163
64
118
165
64
116
164
64
119
167
64
120
168
64
118
170
64
119
168
64
118
167
64
121
171
64
121
173
64
121
175
64
120
171
64
123
176
64
122
177
64
124
180
64
126
181
64
126
184
64
128
186
64
128
188
64
129
187
64
130
190
64
129
191
64
132
64
132
64
133
64
132
64
135
64
134
64
134
64
135
64
136
64
135
64
135
64
135
64
137
64
138
64
138
64
136
64
137
64
138
64
139
64
140
64
138
64
139
64
140
64
140
64
138
64
140
64
139
64
141
64
140
64
142
64
140
64
142
64
142
64
142
64
142
64
142
64
140
64
143
64
142
64
142
64
143
64
144
64
142
64
144
64
142
64
143
64
145
64
143
64
144
64
143
64
144
64
144
64
145
64
145
64
142
64
145
64
143
64
145
64
146
64
144
64
143
64
145
64
145
64
143
64
145
64
146
64
145
64
146
64
146
64
147
64
147
64
147
64
146
64
148
64
148
64
150
64
152
64
152
64
154
64
155
64
156
64
157
64
156
64
158
64
159
64
158
64
161
64
161
64
163
64
163
64
163
64
163
64
163
64
165
64
167
64
166
64
168
64
168
64
169
64
169
64
170
64
169
64
169
64
171
64
170
64
172
64
172
64
173
64
174
64
174
64
173
64
174
64
173
64
175
64
175
64
175
64
176
64
176
64
175
64
177
64
176
64
177
64
177
64
177
64
177
64
177
64
178
64
179
64
179
64
178
64
180
64
178
64
178
64
180
64
181
64
180
64
181
64
179
64
180
64
180
64
181
64
181
64
180
64
181
64
180
64
182
64
181
64
180
64
182
64
182
64
183
64
183
64
182
64
181
64
183
64
183
64
183
64
182
64
183
64
183
64
183
64
184
64
184
64
184
64
184
64
182
64
183
64
183
64
184
64
182
64
183
64
184
64
183
64
182
64
185
64
183
64
183
64
184
64
185
64
183
64
185
64
184
64
183
64
185
64
185
64
184
64
185
64
185
64
183
64
184
64
185
64
185
64
184
64
183
64
183
64
184
64
183
64
184
64
185
64
185
64
184
64
185
64
183
64
183
64
184
64
184
64
186
64
185
64
185
64
184
64
185
64
186
64
185
64
186
64
185
64
184
64
186
64
186
64
186
64
185
64
185
64
184
64
184
64
185
64
185
64
185
64
185
64
186
64
186
64
186
64
184
64
185
64
185
64
186
64
186
64
186
64
184
64
185
64
186
64
185
64
185
64
184
64
186
64
184
64
185
64
186
64
186
64
186
64
184
64
186
64
186
64
186
64
184
64
184
64
186
64
186
64
184
64
185
64
185
64
184
64
186
64
185
64
184
64
184
64
185
64
186
64
185
64
185
64
186
64
185
64
185
64
186
64
185
64
185
64
185
64
184
64
186
64
185
64
184
64
184
64
184
64
185
64
186
64
186
64
185
64
185
64
185
64
184
64
185
64
186
64
184
64
186
64
185
64
185
64
186
64
185
64
184
64
185
64
185
64
186
64
184
64
185
64
186
64
184
64
184
64
186
64
185
64
184
64
184
64
185
64
184
64
185
64
186
64
184
64
184
64
185
64
184
64
184
64
184
64
185
64
185
64
185
64
186
64
186
64
184
64
186
64
186
64
184
64
185
64
184
64
184
64
185
64
185
64
185
64
186
64
184
64
185
64
184
64
186
64
185
64
184
64
185
64
185
64
186
64
184
64
186
64
186
64
185
64
185
64
186
64
184
64
184
64
186
64
185
64
185
64
185
64
185
64
184
64
185
64
184
64
185
64
184
64
184
64
186
64
184
64
185
64
185
64
184
64
185
64
186
64
186
64
184
64
185
64
184
64
186
64
186
64
184
64
186
64
184
64
185
64
184
64
186
64
184
64
186
64
186
64
184
64
184
64
186
64
184
64
184
64
186
64
186
64
184
64
184
64
185
64
185
64
185
64
186
64
184
64
184
64
184
64
185
64
185
64
184
64
184
64
186
64
184
64
184
64
185
64
184
64
185
64
186
64
184
64
184
64
185
64
185
64
186
64
186
64
184
64
186
64
184
64
184
64
184
64
185
64
186
64
186
64
184
64
186
64
185
64
186
64
186
64
184
64
184
64
185
64
185
64
186
64
186
64
184
64
186
64
185
64
184
64
185
64
186
64
184
64
184
64
184
64
186
64
185
64
184
64
185
64
185
64
185
64
184
64
184
64
186
64
185
64
184
64
184
64
184
64
184
64
185
64
184
64
185
64
186
64
186
64
185
64
186
64
184
64
186
64
185
64
186
64
185
64
184
64
185
64
185
64
184
64
185
64
186
64
186
64
186
64
185
64
186
64
185
64
184
64
185
64
186
64
185
64
184
64
184
64
186
64
184
64
185
64
186
64
185
64
186
64
185
64
184
64
186
64
184
64
185
64
184
64
185
64
186
64
186
64
185
64
184
64
185
64
184
64
186
64
186
64
185
64
184
64
186
64
185
64
185
64
185
64
185
64
184
64
184
64
184
64
186
64
185
64
186
64
186
64
186
64
186
64
185
64
186
64
184
64
186
64
185
64
186
64
185
64
185
64
184
64
184
64
184
64
186
64
184
64
186
64
184
64
185
64
185
64
185
64
185
64
186
64
185
64
186
64
184
64
185
64
185
64
185
64
184
64
186
64
185
64
185
64
186
64
186
64
186
64
186
64
184
64
184
64
185
64
185
64
186
64
185
64
186
64
185
64
186
64
184
64
186
64
184
64
185
64
184
64
184
64
186
64
184
64
184
64
184
64
186
64
185
64
184
64
185
64
186
64
184
64
184
64
184
64
184
64
184
64
184
64
184
64
185
64
186
64
184
64
184
64
185
64
184
64
186
64
184
64
184
64
186
64
186
64
184
64
184
64
185
64
184
64
186
64
186
64
185
64
184
64
186
64
186
64
185
64
186
64
185
64
184
64
186
64
186
64
185
64
184
64
184
64
184
64
184
64
184
64
186
64
186
64
186
64
184
64
184
64
184
64
184
64
185
64
185
64
186
64
184
64
184
64
184
64
185
64
186
64
186
64
185
64
184
64
184
64
184
64
185
64
185
64
185
64
185
64
184
64
184
64
185
64
185
64
186
64
185
64
184
64
184
64
186
64
184
64
186
64
184
64
186
64
186
64
185
64
186
64
184
64
186
64
184
64
185
64
185
64
185
64
184
64
186
64
186
64
184
64
186
64
186
64
185
64
185
64
184
64
184
64
185
64
186
64
186
64
186
64
186
64
184
64
186
64
184
64
184
64
186
64
186
64
184
64
186
64
185
64
184
64
185
64
186
64
186
64
185
64
186
64
186
64
184
64
185
64
184
64
184
64
185
64
186
64
185
64
184
64
186
64
184
64
184
64
185
64
185
64
185
64
186
64
186
64
185
64
186
64
184
64
186
64
186
64
185
64
186
64
184
64
186
64
184
64
184
64
186
64
185
64
185
64
184
64
186
64
186
64
186
64
184
64
184
64
186
64
185
64
184
64
185
64
186
64
185
64
184
64
186
64
185
64
186
64
185
64
184
64
185
64
184
64
184
64
185
64
186
64
185
64
184
64
186
64
185
64
184
64
184
64
184
64
184
64
186
64
186
64
184
64
186
64
185
64
184
64
186
64
184
64
185
64
185
64
186
64
185
64
186
64
186
64
186
64
186
64
185
64
186
64
184
64
186
64
184
64
184
64
186
64
185
64
185
64
184
64
186
64
185
64
185
64
185
64
184
64
186
64
184
64
185
64
186
64
185
64
185
64
184
64
186
64
185
64
186
64
185
64
186
64
186
64
186
64
185
64
185
64
186
64
185
64
184
64
185
64
184
64
186
64
186
64
184
64
185
64
184
64
184
64
184
64
184
64
185
64
186
64
185
64
184
64
185
64
186
64
185
64
185
64
185
64
184
64
185
64
186
64
184
64
186
64
185
64
184
64
184
64
185
64
186
64
184
64
186
64
184
64
184
64
186
64
186
64
184
64
186
64
184
64
185
64
185
64
185
64
186
64
185
64
184
64
185
64
185
64
186
64
184
64
185
64
184
64
184
64
184
64
185
64
186
64
186
64
184
64
185
64
184
64
186
64
185
64
186
64
186
64
184
64
185
64
186
64
185
64
184
64
185
64
184
64
185
64
185
64
184
64
185
64
186
64
184
64
185
64
185
64
185
64
186
64
185
64
184
64
186
64
185
64
186
64
185
64
184
64
185
64
185
64
185
64
186
64
184
64
185
64
184
64
186
64
184
64
186
64
184
64
184
64
185
64
184
64
184
64
186
64
184
64
184
64
186
64
185
64
186
64
184
64
184
64
185
64
185
64
186
64
185
64
184
64
186
64
184
64
184
64
186
64
185
64
186
64
184
64
184
64
185
64
184
64
185
64
184
64
185
64
185
64
186
64
185
64
184
64
185
64
186
64
186
64
184
64
186
64
186
64
184
64
184
64
184
64
186
64
184
64
186
64
184
64
185
64
186
64
185
64
186
64
185
64
186
64
185
64
186
64
186
64
185
64
186
64
186
64
184
64
184
64
184
64
186
64
184
64
185
64
185
64
184
64
184
64
184
64
184
64
186
64
185
64
184
64
184
64
186
64
184
64
185
64
184
64
186
64
186
64
186
64
184
64
184
64
185
64
184
64
184
64
186
64
186
64
186
64
184
64
186
64
184
64
184
64
184
64
185
64
186
64
184
64
184
64
185
64
184
64
185
64
184
64
185
64
184
64
185
64
184
64
184
64
186
64
185
64
185
64
186
64
184
64
184
64
184
64
184
64
186
64
185
64
185
64
184
64
186
64
185
64
186
64
186
64
184
64
185
64
186
64
186
64
185
64
186
64
184
64
185
64
186
64
185
64
185
64
185
64
186
64
186
64
184
64
184
64
184
64
186
64
184
64
184
64
186
64
186
64
186
64
184
64
185
64
184
64
184
64
186
64
185
64
186
64
184
64
186
64
185
64
185
64
184
64
184
64
185
64
186
64
184
64
184
64
184
64
185
64
184
64
185
64
184
64
185
64
185
64
184
64
185
64
184
64
184
64
186
64
185
64
185
64
185
64
184
64
184
64
184
64
186
64
185
64
186
64
185
64
184
64
185
64
185
64
184
64
185
64
184
64
186
64
184
64
185
64
184
64
184
64
184
64
185
64
184
64
186
64
186
64
185
64
185
64
186
64
186
64
185
64
186
64
185
64
185
64
186
64
184
64
184
64
185
64
186
64
186
64
185
64
184
64
185
64
186
64
184
64
185
64
186
64
184
64
184
64
186
64
185
64
184
64
185
64
185
64
185
64
185
64
185
64
186
64
184
64
184
64
184
64
184
64
184
64
186
64
184
64
184
64
185
64
184
64
185
64
184
64
185
64
184
64
185
64
186
64
184
64
184
64
186
64
185
64
184
64
184
64
184
64
186
64
186
64
184
64
185
64
185
64
185
64
185
64
184
64
185
64
184
64
184
64
186
64
186
64
185
64
185
64
185
64
185
64
184
64
185
64
184
64
186
64
186
64
184
64
186
64
184
64
186
64
186
64
186
64
185
64
185
64
185
64
184
64
184
64
186
64
185
64
185
64
184
64
186
64
185
64
184
64
184
64
185
64
186
64
185
64
186
64
184
64
186
64
186
64
184
64
184
64
186
64
186
64
186
64
184
64
184
64
186
64
186
64
185
64
185
64
184
64
186
64
184
64
185
64
186
64
185
64
185
64
186
64
184
64
184
64
185
64
186
64
184
64
185
64
185
64
185
64
185
64
185
64
186
64
186
64
184
64
185
64
186
64
185
64
185
64
185
64
186
64
186
64
185
64
185
64
186
64
186
64
186
64
184
64
184
64
186
64
186
64
185
64
185
64
184
64
186
64
185
64
185
64
186
64
184
64
186
64
186
64
184
64
185
64
185
64
184
64
184
64
186
64
185
64
184
64
186
64
185
64
186
64
185
64
184
64
184
64
185
64
184
64
185
64
186
64
186
64
185
64
186
64
186
64
186
64
186
64
184
64
184
64
184
64
184
64
184
64
184
64
184
64
186
64
185
64
184
64
185
64
186
64
184
64
186
64
185
64
184
64
185
64
186
64
186
64
185
64
185
64
185
64
185
64
186
64
184
64
186
64
185
64
186
64
185
64
184
64
184
64
186
64
184
64
186
64
184
64
186
64
186
64
185
64
186
64
186
64
186
64
185
64
186
64
185
64
186
64
184
64
186
64
185
64
184
64
186
64
184
64
185
64
186
64
186
64
186
64
186
64
186
64
186
64
186
64
185
64
185
64
185
64
186
64
184
64
185
64
185
64
186
64
184
64
186
64
186
64
186
64
186
64
185
64
186
64
184
64
184
64
186
64
185
64
184
64
186
64
186
64
186
64
185
64
185
64
185
64
184
64
185
64
186
64
185
64
186
64
184
64
184
64
184
64
184
64
186
64
185
64
185
64
186
64
186
64
185
64
184
64
186
64
185
64
185
64
186
64
186
64
184
64
186
64
185
64
185
64
185
64
185
64
184
64
186
64
186
64
184
64
184
64
186
64
184
64
186
64
186
64
184
64
185
64
185
64
185
64
185
64
185
64
184
64
186
64
185
64
184
64
186
64
184
64
186
64
185
64
185
64
185
64
186
64
186
64
186
64
184
64
186
64
186
64
184
64
184
64
186
64
185
64
186
64
185
64
186
64
185
64
184
64
184
64
185
64
185
64
186
64
185
64
185
64
186
64
185
64
185
64
186
64
184
64
184
64
184
64
185
64
186
64
184
64
186
64
186
64
184
64
184
64
186
64
184
64
185
64
186
64
186
64
186
64
185
64
184
64
184
64
186
64
185
64
184
64
184
64
186
64
186
64
186
64
186
64
184
64
185
64
184
64
184
64
186
64
185
64
185
64
185
64
185
64
185
64
185
64
184
64
186
64
186
64
185
64
186
64
186
64
184
64
185
64
185
64
186
64
186
64
186
64
185
64
185
64
186
64
186
64
185
64
186
64
186
64
184
64
184
64
185
64
184
64
184
64
184
64
184
64
185
64
186
64
185
64
186
64
185
64
186
64
184
64
184
64
185
64
184
64
184
64
185
64
184
64
184
64
186
64
186
64
184
64
186
64
185
64
185
64
184
64
186
64
186
64
184
64
185
64
185
64
185
64
184
64
186
64
186
64
184
64
186
64
184
64
185
64
186
64
186
64
186
64
185
64
186
64
184
64
186
64
186
64
184
64
186
64
184
64
186
64
186
64
185
64
184
64
185
64
186
64
184
64
185
64
185
64
184
64
184
64
185
64
186
64
185
64
185
64
184
64
185
64
186
64
185
64
184
64
184
64
184
64
185
64
185
64
186
64
184
64
186
64
185
64
185
64
186
64
184
64
186
64
184
64
186
64
186
64
184
64
186
64
184
64
185
64
184
64
185
64
186
64
185
64
186
64
186
64
184
64
186
64
185
64
185
64
185
64
185
64
184
64
185
64
185
64
186
64
186
64
185
64
184
64
184
64
184
64
186
64
185
64
184
64
185
64
186
64
184
64
185
64
186
64
186
64
184
64
185
64
186
64
184
64
186
64
185
64
184
64
185
64
184
64
184
64
185
64
186
64
186
64
184
64
186
64
186
64
184
64
184
64
185
64
184
64
186
64
185
64
186
64
184
64
185
64
186
64
186
64
184
64
184
64
186
64
184
64
185
64
184
64
185
64
186
64
185
64
184
64
184
64
186
64
185
64
186
64
185
64
184
64
186
64
184
64
185
64
184
64
186
64
186
64
186
64
185
64
185
64
185
64
185
64
184
64
185
64
184
64
186
64
184
64
184
64
186
64
185
64
184
64
184
64
186
64
185
64
185
64
186
64
184
64
186
64
185
64
184
64
186
64
185
64
184
64
186
64
185
64
184
64
186
64
184
64
186
64
186
64
186
64
184
64
184
64
184
64
184
64
185
64
184
64
185
64
186
64
185
64
186
64
186
64
186
64
186
64
186
64
186
64
185
64
184
64
184
64
186
64
184
64
184
64
185
64
186
64
186
64
184
64
184
64
185
64
185
64
184
64
186
64
184
64
184
64
185
64
186
64
184
64
186
64
184
64
185
64
185
64
186
64
185
64
185
64
184
64
184
64
185
64
186
64
185
64
184
64
186
64
185
64
184
64
185
64
185
64
186
64
184
64
184
64
185
64
184
64
186
64
186
64
185
64
186
64
185
64
185
64
186
64
184
64
184
64
185
64
184
64
184
64
185
64
186
64
186
64
186
64
184
64
185
64
185
64
186
64
185
64
185
64
184
64
186
64
186
64
186
64
186
64
186
64
184
64
185
64
186
64
184
64
186
64
186
64
184
64
186
64
184
64
184
64
184
64
184
64
184
64
186
64
186
64
184
64
184
64
186
64
184
64
186
64
185
64
184
64
185
64
184
64
186
64
185
64
186
64
184
64
184
64
186
64
184
64
184
64
186
64
184
64
186
64
186
64
185
64
186
64
185
64
185
64
185
64
184
64
185
64
184
64
186
64
186
64
185
64
184
64
185
64
186
64
186
64
186
64
186
64
184
64
186
64
185
64
186
64
185
64
185
64
185
64
185
64
184
64
184
64
186
64
184
64
186
64
185
64
185
64
186
64
184
64
184
64
185
64
185
64
184
64
184
64
184
64
185
64
185
64
186
64
184
64
186
64
184
64
186
64
185
64
184
64
184
64
185
64
186
64
186
64
185
64
185
64
185
64
184
64
186
64
185
64
184
64
184
64
186
64
186
64
186
64
184
64
185
64
186
64
186
64
185
64
185
64
184
64
186
64
185
64
184
64
186
64
186
64
186
64
185
64
185
64
184
64
186
64
186
64
184
64
186
64
184
64
185
64
186
64
184
64
186
64
185
64
186
64
185
64
186
64
184
64
186
64
186
64
184
64
186
64
186
64
186
64
184
64
185
64
186
64
185
64
