127
127
127
128
128
129
128
127
126
126
126
127
128
129
128
129
130
130
128
128
129
130
129
129
128
129
128
128
127
128
128
127
127
127
128
128
127
126
127
126
126
128
129
128
129
128
128
127
128
129
130
130
130
130
129
130
131
129
128
127
128
128
127
127
126
125
125
125
124
125
125
125
126
127
126
127
127
128
128
127
126
127
126
126
128
129
128
127
128
129
129
128
127
126
125
125
127
127
128
128
128
128
129
129
128
129
129
130
131
129
128
128
128
129
129
129
129
130
128
128
128
129
130
130
128
128
127
128
127
128
129
128
128
128
127
127
126
126
126
126
126
126
126
126
125
126
127
127
127
126
127
128
128
129
128
129
129
128
127
128
128
128
128
129
127
127
128
127
126
125
126
126
125
126
127
126
128
128
127
127
128
128
127
126
126
126
125
126
128
127
126
126
126
125
124
124
124
125
127
126
126
127
126
127
127
128
128
127
127
128
128
127
128
128
127
126
125
126
127
127
128
128
129
130
129
129
130
131
129
128
127
128
129
129
130
131
129
128
128
128
128
128
127
128
129
129
130
129
129
129
130
130
129
130
131
131
131
131
131
130
130
131
130
130
130
131
131
131
130
128
129
129
128
128
128
128
127
126
127
127
128
129
128
128
127
128
127
127
126
125
124
125
125
125
124
125
124
125
127
128
129
129
128
129
129
129
128
129
130
128
128
128
127
126
127
126
127
128
128
129
129
130
130
130
129
130
130
131
129
129
128
128
129
130
129
128
129
130
129
129
129
129
130
129
128
127
126
127
128
128
127
127
127
126
125
126
126
126
127
126
126
126
126
126
126
126
125
126
125
125
125
126
125
127
128
127
128
128
127
128
127
126
126
125
124
126
127
126
127
126
127
127
127
128
128
127
126
127
126
125
125
124
125
126
125
124
125
125
124
125
125
126
127
128
128
128
127
128
127
128
128
128
129
130
130
129
130
129
130
128
128
128
129
130
131
130
130
129
128
128
127
128
127
127
127
128
129
128
129
128
128
128
129
128
128
128
129
128
127
126
127
128
128
129
130
129
128
128
127
126
126
127
128
127
127
126
127
127
126
127
127
128
128
128
129
128
129
128
127
128
127
128
129
129
130
130
130
131
132
131
132
132
131
131
131
132
131
132
133
132
132
132
133
133
132
131
132
130
130
130
131
131
131
132
130
130
129
130
130
129
129
130
129
129
128
128
129
128
127
127
126
126
126
125
126
126
126
127
126
125
125
124
125
125
125
124
123
125
126
127
126
125
127
128
127
128
127
126
126
126
126
125
125
125
125
126
127
128
129
128
129
128
128
128
127
126
126
125
125
125
126
126
126
127
127
126
125
127
128
128
129
128
129
129
129
129
128
127
126
127
127
127
128
127
126
125
127
126
125
125
125
125
124
124
126
125
125
124
124
125
125
124
125
124
123
124
125
124
124
124
123
123
122
123
122
124
123
123
123
124
125
125
124
124
124
123
125
125
125
126
125
124
125
125
124
124
124
123
124
126
127
128
127
127
126
126
125
127
128
127
126
125
126
126
127
126
126
126
127
127
128
127
126
126
125
125
126
127
127
128
127
127
127
126
127
126
126
128
129
127
128
129
130
131
131
131
130
131
129
128
127
128
129
130
130
130
129
128
129
128
129
131
132
134
134
134
136
137
138
139
138
139
139
140
140
141
141
142
144
144
145
146
146
145
147
147
146
146
145
147
148
150
151
152
153
154
155
156
159
161
161
161
163
165
166
166
168
64
76
86
96
104
110
118
125
131
136
141
145
148
152
158
163
166
169
64
76
89
102
111
121
128
134
144
152
157
163
168
64
80
95
107
118
127
136
144
152
160
167
64
81
96
110
121
134
145
155
165
64
82
98
113
125
137
149
161
64
85
104
118
131
146
158
168
64
84
103
121
135
149
163
64
84
104
122
137
150
164
64
87
108
126
142
157
64
89
110
129
147
163
64
90
112
133
152
169
64
91
114
136
156
64
90
115
136
158
64
92
118
142
164
64
94
119
143
165
64
95
121
146
167
64
92
121
145
166
64
93
121
147
169
64
95
122
146
64
95
123
149
64
96
126
151
64
98
128
155
64
98
128
155
64
99
129
157
64
98
131
161
64
99
131
162
64
102
137
168
64
103
138
64
102
138
64
104
141
64
103
140
64
105
141
64
105
143
64
106
144
64
107
145
64
108
146
64
106
147
64
109
148
64
108
149
64
110
151
64
110
151
64
111
152
64
109
151
64
111
154
64
110
153
64
112
153
64
110
155
64
111
153
64
111
155
64
113
156
64
113
159
64
114
159
64
112
158
64
114
158
64
114
160
64
115
161
64
112
158
64
113
160
64
114
159
64
114
160
64
113
161
64
114
159
64
114
162
64
114
161
64
115
162
64
117
164
64
115
162
64
116
162
64
115
162
64
117
163
64
115
162
64
116
163
64
116
162
64
117
163
64
116
163
64
117
165
64
115
164
64
116
164
64
116
164
64
116
162
64
117
164
64
117
164
64
116
166
64
118
167
64
116
165
64
116
165
64
116
163
64
118
165
64
118
166
64
117
166
64
118
166
64
119
166
64
117
165
64
118
165
64
118
167
64
117
166
64
117
167
64
117
164
64
116
165
64
118
165
64
117
166
64
119
166
64
118
168
64
118
165
64
116
164
64
118
166
64
118
167
64
119
168
64
117
166
64
118
166
64
118
166
64
117
165
64
118
167
64
117
165
64
116
166
64
118
166
64
117
165
64
118
166
64
117
166
64
117
167
64
118
167
64
118
166
64
116
165
64
118
166
64
116
166
64
119
166
64
118
169
64
119
166
64
118
167
64
118
166
64
117
168
64
118
166
64
117
166
64
118
166
64
116
165
64
117
166
64
117
167
64
119
168
64
117
168
64
118
168
64
118
169
64
119
167
64
118
167
64
119
168
64
117
167
64
117
165
64
118
169
64
118
168
64
118
167
64
117
167
64
117
166
64
117
166
64
118
168
64
118
168
64
117
166
64
119
167
64
116
166
64
118
167
64
117
166
64
117
167
64
118
168
64
119
168
64
116
166
64
117
166
64
118
167
64
118
168
64
116
167
64
119
169
64
119
169
64
117
167
64
119
168
64
117
167
64
118
166
64
117
165
64
117
165
64
117
165
64
118
167
64
118
166
64
117
165
64
119
168
64
119
168
64
117
166
64
119
168
64
118
167
64
118
167
64
118
166
64
119
169
64
119
168
64
119
169
64
119
167
64
119
168
64
117
165
64
118
167
64
118
168
64
119
167
64
119
167
64
119
169
64
118
166
64
118
166
64
117
167
64
118
166
64
118
168
64
119
168
64
118
166
64
118
166
64
119
169
64
118
167
64
117
167
64
117
165
64
118
168
64
118
168
64
118
167
64
117
167
64
117
166
64
119
169
64
119
169
64
118
168
64
119
167
64
119
169
64
119
167
64
118
166
64
118
166
64
117
167
64
118
168
64
118
168
64
118
168
64
119
167
64
117
167
64
119
168
64
119
167
64
117
165
64
117
165
64
118
168
64
117
167
64
118
168
64
119
168
64
119
168
64
119
168
64
117
167
64
119
167
64
118
168
64
117
165
64
118
168
64
117
165
64
117
167
64
119
167
64
119
167
64
119
169
64
117
166
64
117
166
64
118
167
64
117
165
64
119
168
64
119
167
64
118
168
64
117
167
64
117
167
64
118
166
64
119
167
64
117
165
64
117
167
64
118
168
64
119
169
64
119
169
64
118
167
64
118
166
64
119
168
64
117
167
64
117
166
64
119
167
64
118
168
64
118
166
64
118
167
64
118
168
64
119
169
64
119
169
64
117
166
64
118
166
64
119
167
64
118
166
64
119
167
64
118
166
64
119
168
64
117
167
64
117
165
64
119
169
64
119
168
64
118
167
64
119
167
64
117
166
64
118
166
64
117
167
64
117
167
64
117
166
64
119
169
64
117
165
64
117
165
64
117
167
64
119
168
64
119
167
64
119
168
64
117
167
64
117
167
64
117
167
64
117
165
64
118
166
64
119
168
64
118
168
64
119
168
64
118
168
64
117
165
64
119
168
64
118
168
64
118
166
64
118
167
64
118
166
64
118
167
64
118
168
64
118
166
64
119
168
64
119
167
64
117
167
64
118
168
64
118
166
64
117
165
64
117
166
64
118
166
64
119
167
64
119
167
64
119
168
64
117
165
64
117
165
64
118
166
64
118
168
64
117
167
64
119
168
64
119
168
64
117
167
64
117
166
64
118
167
64
119
169
64
119
169
64
119
169
64
117
165
64
117
165
64
119
167
64
117
166
64
117
167
64
119
167
64
117
165
64
117
165
64
117
165
64
118
167
64
118
167
64
119
169
64
118
168
64
119
169
64
118
167
64
119
168
64
119
168
64
119
167
64
119
169
64
118
166
64
118
167
64
119
168
64
119
167
64
119
168
64
118
166
64
118
166
64
118
166
64
118
168
64
118
168
64
117
167
64
118
166
64
117
167
64
117
166
64
117
165
64
118
167
64
119
169
64
118
166
64
119
169
64
