129
128
129
128
127
128
128
130
131
131
132
131
133
134
134
134
135
137
136
138
140
141
142
143
145
145
145
147
149
150
152
152
153
152
152
151
154
155
157
158
159
160
161
161
163
165
166
167
167
168
168
169
171
173
173
175
177
177
178
181
183
183
184
185
185
186
187
188
189
190
64
77
88
101
112
122
132
140
147
153
162
168
174
177
181
184
188
64
80
94
108
120
133
142
154
164
171
178
184
64
83
98
112
125
138
150
159
168
177
185
64
83
101
118
133
145
158
168
179
189
64
84
104
122
137
153
165
176
184
64
87
109
128
145
160
174
185
64
85
107
127
145
161
176
190
64
88
109
129
147
164
179
64
90
114
135
153
168
184
64
90
114
136
154
173
190
64
91
113
134
154
173
191
64
91
117
140
158
175
191
64
92
118
141
163
181
64
92
118
143
163
182
64
92
118
143
164
184
64
95
122
147
168
187
64
95
123
149
172
64
95
124
150
175
64
98
129
157
182
64
98
129
156
183
64
98
129
158
183
64
98
130
158
184
64
99
131
161
190
64
101
136
169
64
101
134
166
64
102
137
168
64
102
135
165
64
103
139
169
64
105
140
173
64
105
143
175
64
105
142
176
64
104
140
175
64
104
140
174
64
108
148
182
64
108
145
181
64
107
146
182
64
109
149
183
64
110
149
185
64
110
152
189
64
111
154
64
109
150
186
64
113
158
64
113
157
64
112
154
64
114
157
64
114
157
64
115
162
64
114
163
64
116
162
64
115
162
64
115
163
64
117
164
64
118
168
64
116
165
64
118
167
64
119
167
64
119
170
64
118
170
64
120
168
64
123
174
64
121
171
64
122
172
64
121
171
64
123
174
64
123
177
64
120
171
64
122
174
64
123
178
64
122
175
64
123
175
64
123
178
64
125
178
64
124
178
64
126
180
64
126
183
64
125
181
64
126
183
64
126
183
64
127
184
64
128
184
64
127
186
64
128
188
64
128
188
64
130
187
64
129
189
64
131
191
64
129
189
64
130
190
64
133
64
129
191
64
129
189
64
133
64
130
64
131
64
132
64
133
64
132
64
132
64
131
191
64
133
64
133
64
134
64
132
64
135
64
134
64
135
64
133
64
132
64
134
64
136
64
134
64
135
64
136
64
134
64
135
64
134
64
134
64
135
64
137
64
135
64
136
64
136
64
135
64
137
64
134
64
133
64
134
64
135
64
134
64
136
64
136
64
136
64
135
64
136
64
135
64
136
64
137
64
136
64
136
64
135
64
138
64
136
64
136
64
135
64
135
64
136
64
137
64
136
64
136
64
137
64
137
64
136
64
137
64
135
64
136
64
135
64
135
64
137
64
137
64
138
64
138
64
137
64
135
64
138
64
137
64
136
64
138
64
135
64
135
64
138
64
136
64
135
64
136
64
135
64
138
64
137
64
135
64
137
64
139
64
137
64
135
64
135
64
136
64
137
64
137
64
136
64
135
64
137
64
138
64
137
64
138
64
135
64
137
64
138
64
137
64
135
64
136
64
138
64
137
64
138
64
135
64
136
64
139
64
136
64
137
64
135
64
136
64
137
64
137
64
136
64
135
64
138
64
137
64
138
64
137
64
138
64
135
64
136
64
135
64
137
64
136
64
136
64
136
64
138
64
136
64
138
64
138
64
136
64
136
64
136
64
135
64
138
64
136
64
138
64
137
64
136
64
136
64
138
64
138
64
137
64
135
64
137
64
136
64
137
64
136
64
137
64
136
64
139
64
137
64
135
64
136
64
138
64
136
64
137
64
136
64
138
64
139
64
137
64
137
64
136
64
136
64
138
64
136
64
135
64
136
64
137
64
137
64
138
64
137
64
136
64
138
64
138
64
135
64
136
64
136
64
136
64
136
64
137
64
135
64
136
64
137
64
137
64
136
64
136
64
136
64
137
64
138
64
135
64
136
64
138
64
136
64
137
64
138
64
135
64
138
64
137
64
137
64
137
64
136
64
138
64
138
64
139
64
138
64
139
64
139
64
137
64
137
64
139
64
139
64
138
64
139
64
138
64
139
64
138
64
140
64
139
64
140
64
140
64
138
64
142
64
141
64
139
64
141
64
139
64
141
64
142
64
140
64
142
64
142
64
141
64
141
64
143
64
141
64
142
64
145
64
143
64
144
64
142
64
142
64
142
64
143
64
144
64
144
64
146
64
145
64
145
64
146
64
144
64
146
64
147
64
144
64
147
64
147
64
148
64
146
64
148
64
146
64
148
64
148
64
148
64
150
64
148
64
149
64
151
64
151
64
151
64
153
64
151
64
155
64
155
64
155
64
155
64
156
64
156
64
158
64
159
64
158
64
159
64
160
64
160
64
161
64
162
64
161
64
163
64
163
64
163
64
163
64
165
64
165
64
166
64
166
64
169
64
168
64
172
64
173
64
173
64
173
64
173
64
176
64
178
64
180
64
179
64
181
64
183
64
183
64
183
64
184
64
186
64
187
64
188
64
188
64
191
64
191
64
64
64
64
64
64
64
64
64
64
64
64
64
64
64
64
64
64
64
64
64
64
64
64
64
64
64
64
64
64
64
64
64
64
64
64
64
64
64
64
64
64
64
64
64
64
64
64
64
64
64
64
64
64
64
64
64
64
64
64
64
64
64
64
64
64
64
64
64
64
64
64
64
64
64
64
64
64
64
64
64
64
64
64
64
64
64
64
64
64
64
64
64
64
64
64
64
64
64
64
64
64
64
64
64
64
64
64
64
64
64
64
64
64
64
64
64
64
64
64
64
64
64
64
64
64
64
64
64
64
64
64
64
64
64
64
64
64
64
64
64
64
64
64
64
64
64
64
64
64
64
64
64
64
64
64
64
64
64
64
64
64
64
64
64
64
64
64
64
64
64
64
64
64
64
64
64
64
64
64
64
64
64
64
64
64
64
64
64
64
64
64
64
64
64
64
64
64
64
64
64
64
64
64
64
64
64
64
64
64
64
64
64
64
64
64
64
64
64
64
64
64
64
64
64
64
64
64
64
64
64
64
64
64
64
64
64
64
64
64
64
64
64
64
64
64
64
64
64
64
64
64
64
64
64
64
64
64
64
64
64
64
64
64
64
64
64
64
64
64
64
64
64
64
64
64
64
64
64
64
64
64
64
64
64
64
64
64
64
64
64
64
64
64
64
64
64
64
64
64
64
64
64
64
64
64
64
64
64
64
64
64
64
64
64
64
64
64
64
64
64
64
64
64
64
64
64
64
64
64
64
64
64
64
64
64
64
64
64
64
64
64
64
64
64
64
64
64
64
64
64
64
64
64
64
64
64
64
64
64
64
64
64
64
64
64
64
64
64
64
64
64
64
64
64
64
64
64
64
64
64
64
64
64
64
64
64
64
64
64
64
64
64
64
64
64
64
64
64
64
64
64
64
64
64
64
64
64
64
64
64
64
64
64
64
64
64
64
64
64
64
64
64
64
64
64
64
64
64
64
64
64
64
64
64
64
64
64
64
64
64
64
64
64
64
64
64
64
64
64
64
64
64
64
64
64
64
64
64
64
64
64
64
64
64
64
64
64
64
64
64
64
64
64
64
64
64
64
64
64
64
64
64
64
64
64
64
64
64
64
64
64
64
64
64
64
64
64
64
64
64
64
64
64
64
64
64
64
64
64
64
64
64
64
64
64
64
64
64
64
64
64
64
64
64
64
64
64
64
64
64
64
64
64
64
64
64
64
64
64
64
64
64
64
64
64
64
64
64
64
64
64
64
64
64
64
64
64
64
64
64
64
64
64
64
64
64
64
64
64
64
64
64
64
64
64
64
64
64
64
64
64
64
64
64
64
64
64
64
64
64
64
64
64
64
64
64
64
64
64
64
64
64
64
64
64
64
64
64
64
64
64
64
64
64
64
64
64
64
64
64
64
64
64
64
64
64
64
64
64
64
64
64
64
64
64
64
64
64
64
64
64
64
64
64
64
64
64
64
64
64
64
64
64
64
64
64
64
64
64
64
64
64
64
64
64
64
64
64
64
64
64
64
64
64
64
64
64
64
64
64
64
64
64
64
64
64
64
64
64
64
64
64
64
64
64
64
64
64
64
64
64
64
64
64
64
64
64
64
64
64
64
64
64
64
64
64
64
64
64
64
64
64
64
64
64
64
64
64
64
64
64
64
64
64
64
64
64
64
64
64
64
64
64
64
64
64
64
64
64
64
64
64
64
64
64
64
64
64
64
64
64
64
64
64
64
64
64
64
64
64
64
64
64
64
64
64
64
64
64
64
64
64
64
64
64
64
64
64
64
64
64
64
64
64
64
64
64
64
64
64
64
64
64
64
64
64
64
64
64
64
64
64
64
64
64
64
64
64
64
64
64
64
64
64
64
64
64
64
64
64
64
64
64
64
64
64
64
64
64
64
64
64
64
64
64
64
64
64
64
64
64
64
64
64
64
64
64
64
64
64
64
64
64
64
64
64
64
64
64
64
64
64
64
64
64
64
64
64
64
64
64
64
64
64
64
64
64
64
64
64
64
64
64
64
64
64
64
64
64
64
64
64
64
64
64
64
64
64
64
64
64
64
64
64
64
64
64
64
64
64
64
64
64
64
64
64
64
64
64
64
64
64
64
64
64
64
64
64
64
64
64
64
64
64
64
64
64
64
64
64
64
64
64
64
64
64
64
64
64
64
64
64
64
64
64
64
64
64
64
64
64
64
64
64
64
64
64
64
64
64
64
64
64
64
64
64
64
64
64
64
64
64
64
64
64
64
64
64
64
64
64
64
64
64
64
64
64
64
64
64
64
64
64
64
64
64
64
64
64
64
64
64
64
64
64
64
64
64
64
64
64
64
64
64
64
64
64
64
64
64
64
64
64
64
64
64
64
64
64
64
64
64
64
64
64
64
64
64
64
64
64
64
64
64
64
64
64
64
64
64
64
64
64
64
64
64
64
64
64
64
64
64
64
64
64
64
64
64
64
64
64
64
64
64
64
64
64
64
64
64
64
64
64
64
64
64
64
64
64
64
64
64
64
64
64
64
64
64
64
64
64
64
64
64
64
64
64
64
64
64
64
64
64
64
64
64
64
64
64
64
64
64
64
64
64
64
64
64
64
64
64
64
64
64
64
64
64
64
64
64
64
64
64
64
64
64
64
64
64
64
64
64
64
64
64
64
64
64
64
64
64
64
64
64
64
64
64
64
64
64
64
64
64
64
64
64
64
64
64
64
64
64
64
64
64
64
64
64
64
64
64
64
64
64
64
64
64
64
64
64
64
64
64
64
64
64
64
64
64
64
64
64
64
64
64
64
64
64
64
64
64
64
64
64
64
64
64
64
64
64
64
64
64
64
64
64
64
64
64
64
64
64
64
64
64
64
64
64
64
64
64
64
64
64
64
64
64
64
64
64
64
64
64
64
64
64
64
64
64
64
64
64
64
64
64
64
64
64
64
64
64
64
64
64
64
64
64
64
64
64
64
64
64
64
64
64
64
64
64
64
64
64
64
64
64
64
64
64
64
64
64
64
64
64
64
64
64
64
64
64
64
64
64
64
64
64
64
64
64
64
64
64
64
64
64
64
64
64
64
64
64
64
64
64
64
64
64
64
64
64
64
64
64
64
64
64
64
64
64
64
64
64
64
64
64
64
64
64
64
64
64
64
64
64
64
64
64
64
64
64
64
64
64
64
64
64
64
64
64
64
64
64
64
64
64
64
64
64
64
64
64
64
64
64
64
64
64
64
64
64
64
64
64
64
64
64
64
64
64
64
64
64
64
64
64
64
64
64
64
64
64
64
64
64
64
64
64
64
64
64
64
64
64
64
64
64
64
64
64
64
64
64
64
64
64
64
64
64
64
64
64
64
64
64
64
64
64
64
64
64
64
64
64
64
64
64
64
64
64
64
64
64
64
64
64
64
64
64
64
64
64
64
64
64
64
64
64
64
64
64
64
64
64
64
64
64
64
64
64
64
64
64
64
64
64
64
64
64
64
64
64
64
64
64
64
64
64
64
64
64
64
64
64
64
64
64
64
64
64
64
64
64
64
64
64
64
64
64
64
64
64
64
64
64
64
64
64
64
64
64
64
64
64
64
64
64
64
64
64
64
64
64
64
64
64
64
64
64
64
64
64
64
64
64
64
64
64
64
64
64
64
64
64
64
64
64
64
64
64
64
64
64
64
64
64
64
64
64
64
64
64
64
64
64
64
64
64
64
64
64
64
64
64
64
64
64
64
64
64
64
64
64
64
64
64
64
64
64
64
64
64
64
64
64
64
64
64
64
64
64
64
64
64
64
64
64
64
64
64
64
64
64
64
64
64
64
64
64
64
64
64
64
64
64
64
64
64
64
64
64
64
64
64
64
64
64
64
64
64
64
64
64
64
64
64
64
64
64
64
64
64
64
64
64
64
64
64
64
64
64
64
64
64
64
64
64
64
64
64
64
64
64
64
64
64
64
64
64
64
64
64
64
64
64
64
64
64
64
64
64
64
64
64
64
64
64
64
64
64
64
64
64
64
64
64
64
64
64
64
64
64
64
64
64
64
64
64
64
64
64
64
64
64
64
64
64
64
64
64
64
64
64
64
64
64
64
64
64
64
64
64
64
64
64
64
64
64
64
64
64
64
64
64
64
64
64
64
64
64
64
64
64
64
64
64
64
64
64
64
64
64
64
64
64
64
64
64
64
64
64
64
64
64
64
64
64
64
64
64
64
64
64
64
64
64
64
64
64
64
64
64
64
64
64
64
64
64
64
64
64
64
64
64
64
64
64
64
64
64
64
64
64
64
64
64
64
64
64
64
64
64
64
64
64
64
64
64
64
64
64
64
64
64
64
64
64
64
64
64
64
64
64
64
64
64
64
64
64
64
64
64
64
64
64
64
64
64
64
64
64
64
64
64
64
64
64
64
64
64
64
64
64
64
64
64
64
64
64
64
64
64
64
64
64
64
64
64
64
64
64
64
64
64
64
64
64
64
64
64
64
64
64
64
64
64
64
64
64
64
64
64
64
64
64
64
64
64
64
64
64
64
64
64
64
64
64
64
64
64
64
64
64
64
64
64
64
64
64
64
64
64
64
64
64
64
64
64
64
64
64
64
64
64
64
64
64
64
64
64
64
64
64
64
64
64
64
64
64
64
64
64
64
64
64
64
64
64
64
64
64
64
64
64
64
64
64
64
64
64
64
64
64
64
64
64
64
64
64
64
64
64
64
64
64
64
64
64
64
64
64
64
64
64
64
64
