127
128
129
128
129
128
127
127
128
129
130
130
129
130
131
132
132
133
132
133
132
133
132
133
131
130
129
128
127
127
127
128
129
130
129
130
129
130
130
128
127
127
126
126
127
128
127
128
127
128
128
129
128
128
129
129
130
131
131
130
130
129
130
128
129
129
130
130
130
130
130
129
129
128
129
128
129
129
129
130
131
130
130
129
128
128
127
126
126
127
126
126
125
127
127
127
127
127
127
126
127
126
127
126
127
127
128
127
128
127
128
129
128
127
127
126
126
127
127
126
128
127
126
126
126
125
125
125
125
125
125
125
124
124
124
124
123
125
124
125
126
125
125
125
127
128
129
128
127
128
129
129
130
130
130
130
129
129
130
130
131
131
131
130
130
131
129
128
127
126
127
126
125
125
126
127
126
126
127
126
127
126
126
125
126
127
128
129
130
130
130
129
129
129
128
129
129
129
127
126
128
128
127
126
126
127
128
129
129
130
130
131
132
130
130
131
130
130
131
131
131
132
133
131
130
130
129
128
128
128
128
128
127
128
128
127
126
127
128
127
128
129
128
127
128
128
127
128
129
130
130
130
129
130
131
130
131
130
128
128
128
127
126
127
126
127
128
128
128
129
129
130
129
128
129
127
126
127
126
127
127
126
126
126
127
127
128
127
127
127
126
127
127
127
126
128
129
129
130
129
130
129
129
128
129
129
128
128
128
127
127
127
126
125
124
126
127
126
127
126
127
128
129
129
130
130
130
131
131
131
131
131
130
129
128
127
126
127
130
131
132
134
134
134
136
136
138
139
140
141
142
141
141
141
142
143
144
145
147
148
148
148
149
151
151
153
152
152
153
155
158
158
160
161
163
164
165
165
166
165
164
163
166
168
169
169
171
172
173
172
173
173
174
176
178
179
181
183
183
181
181
180
179
180
180
180
182
182
182
182
182
181
184
184
186
187
187
187
186
187
189
190
64
78
91
102
111
118
128
137
144
149
154
160
163
166
171
177
180
182
184
185
187
191
64
79
93
105
115
123
133
142
149
154
161
166
172
177
182
185
187
190
64
78
94
108
119
128
139
146
151
159
167
173
178
182
187
64
80
96
108
120
129
139
150
158
166
173
177
183
189
64
82
98
111
123
134
145
154
161
168
175
184
188
64
79
96
111
126
138
147
156
165
174
182
189
64
83
101
115
127
139
151
160
169
176
183
190
64
82
100
116
129
142
155
165
174
184
191
64
84
102
119
135
148
159
167
177
186
64
84
99
117
134
146
157
168
177
186
64
82
101
118
134
147
158
168
180
190
64
82
99
116
131
145
156
167
178
187
64
84
102
120
136
150
161
173
182
64
85
104
120
136
148
161
171
183
64
84
103
122
139
152
166
180
191
64
86
108
127
144
157
170
182
64
87
109
126
143
159
172
186
64
86
107
126
143
158
174
187
64
88
109
128
144
158
173
186
64
85
109
129
146
162
178
189
64
88
111
130
147
161
176
188
64
86
110
131
150
164
178
190
64
89
111
132
148
165
181
64
87
109
130
150
164
178
64
90
112
132
150
167
180
64
88
111
132
151
167
180
64
87
110
132
151
167
182
64
88
112
134
153
171
188
64
87
112
134
154
172
189
64
89
113
134
154
171
188
64
89
113
134
153
172
188
64
89
114
137
157
174
64
90
115
137
157
176
64
93
118
142
163
181
64
93
117
140
163
181
64
94
120
144
165
183
64
95
122
149
171
189
64
95
122
148
170
191
64
94
121
148
172
64
94
123
149
172
64
93
124
149
172
64
94
121
148
170
190
64
96
123
149
172
191
64
97
123
150
173
64
95
123
148
173
64
95
123
149
173
64
97
126
152
176
64
96
125
149
175
64
94
124
149
173
64
95
123
151
174
64
96
126
151
174
64
97
127
153
175
64
95
123
149
173
64
95
124
150
174
64
94
125
151
174
64
95
125
151
175
64
95
126
152
177
64
95
125
150
172
64
97
125
151
174
64
96
124
151
177
64
95
126
152
176
64
97
127
154
178
64
98
128
153
177
64
96
127
154
176
64
95
123
151
176
64
97
127
154
179
64
96
125
153
177
64
97
126
153
177
64
97
126
151
176
64
95
125
153
176
64
98
128
154
177
64
97
128
153
177
64
96
128
154
178
64
96
125
153
178
64
96
126
152
176
64
96
125
151
175
64
97
125
154
179
64
96
127
154
179
64
97
129
156
179
64
97
124
152
176
64
96
125
153
177
64
96
126
152
175
64
96
124
150
176
64
98
128
153
176
64
96
126
152
177
64
97
126
153
177
64
98
127
153
177
64
96
125
151
175
64
97
125
154
179
64
97
128
155
179
64
96
126
151
174
64
97
127
154
178
64
98
128
153
179
64
95
124
151
174
64
96
125
151
174
64
98
128
155
180
64
95
125
153
176
64
96
127
155
179
64
97
126
151
175
64
95
124
152
176
64
96
125
152
176
64
98
127
154
178
64
96
128
155
177
64
96
125
152
177
64
96
125
151
176
64
96
127
154
178
64
97
126
152
176
64
98
128
155
178
64
96
126
152
177
64
97
127
154
178
64
98
129
154
178
64
97
127
153
176
64
95
124
152
176
64
97
128
153
179
64
95
127
154
178
64
98
126
154
177
64
96
126
153
179
64
97
127
153
175
64
96
126
152
176
64
99
127
153
179
64
97
126
154
178
64
97
127
154
177
64
97
128
155
179
64
95
124
151
174
64
97
126
154
177
64
97
126
153
178
64
95
127
152
176
64
96
125
152
178
64
98
128
155
181
64
95
125
153
177
64
96
125
152
177
64
99
127
153
179
64
95
126
153
177
64
97
128
155
180
64
98
129
154
178
64
96
125
153
177
64
95
125
152
176
64
96
127
154
178
64
95
124
152
176
64
95
124
151
174
64
97
127
151
176
64
95
125
149
172
64
97
125
150
175
64
96
124
147
170
190
64
95
124
147
171
64
95
122
148
169
191
64
94
123
148
169
191
64
93
121
146
168
188
64
93
121
145
165
185
64
92
118
144
164
185
64
92
121
146
168
187
64
92
120
145
166
187
64
93
120
143
163
183
64
92
118
141
162
181
64
92
118
142
162
182
64
92
117
142
161
182
64
92
120
143
164
183
64
92
118
142
162
180
64
90
118
141
159
179
64
92
120
143
164
184
64
92
119
143
162
181
64
92
119
142
161
181
64
91
116
141
161
181
64
92
119
143
163
183
64
91
118
140
160
179
64
90
116
138
157
176
64
90
116
140
161
181
64
92
118
142
162
180
64
91
116
140
160
180
64
90
117
139
157
177
64
92
116
139
158
177
64
91
118
140
160
178
64
91
117
141
159
178
64
89
117
141
160
179
64
90
116
138
159
179
64
89
114
138
158
178
64
91
117
141
160
180
64
90
115
139
158
177
64
89
115
137
156
175
191
64
92
116
137
157
177
64
93
119
141
160
179
64
92
117
140
161
178
64
91
117
140
162
181
64
92
116
137
157
175
190
64
93
118
141
162
180
64
91
115
137
158
176
64
91
116
140
160
177
64
93
116
138
159
177
64
92
116
140
161
179
64
93
117
141
160
178
64
91
114
137
157
175
64
91
116
139
160
178
64
91
114
137
159
175
64
93
116
139
160
178
64
93
115
140
161
179
64
91
118
140
163
181
64
93
120
146
168
188
64
93
121
144
169
187
64
94
123
148
170
64
96
126
150
176
64
96
127
156
181
64
97
127
154
180
64
101
134
163
189
64
99
133
162
190
64
103
137
169
64
102
136
168
64
104
140
173
64
104
140
172
64
104
139
172
64
105
142
174
64
105
142
176
64
105
141
176
64
107
146
181
64
107
145
180
64
108
147
181
64
107
146
183
64
108
146
182
64
108
147
182
64
107
148
184
64
110
149
187
64
108
148
184
64
108
150
185
64
109
149
187
64
109
150
189
64
109
149
187
64
110
150
187
64
110
151
188
64
110
151
188
64
110
152
191
64
110
152
191
64
112
153
190
64
110
153
190
64
112
155
64
111
153
64
111
152
191
64
110
153
64
109
154
191
64
111
155
64
112
155
64
112
154
64
111
152
64
111
153
64
113
155
64
111
154
64
111
153
64
111
156
64
113
157
64
110
155
64
114
155
64
111
155
64
114
156
64
111
153
191
64
110
154
64
111
153
64
111
155
64
111
153
64
111
156
64
113
156
64
111
154
64
112
154
64
112
156
64
110
153
64
109
154
191
64
110
152
188
64
109
153
188
64
109
152
189
64
109
151
188
64
109
151
186
64
109
149
184
64
108
148
183
64
107
148
184
64
108
148
183
64
106
146
182
64
106
146
181
64
105
144
179
64
105
145
180
64
106
144
179
64
106
146
180
64
105
143
176
64
105
142
176
64
104
141
175
64
106
144
177
64
103
141
174
64
105
143
175
64
105
141
173
64
103
139
173
64
103
139
170
64
104
140
173
64
105
140
171
64
104
141
172
64
104
140
173
64
103
138
170
64
104
141
174
64
103
139
171
64
102
139
172
64
104
140
171
64
103
139
170
64
104
138
169
64
102
139
171
64
104
138
171
64
104
140
170
64
102
139
171
64
102
139
169
64
103
139
170
64
102
138
170
64
103
139
171
64
101
136
166
64
102
139
170
64
102
138
168
64
103
138
170
64
102
136
167
64
102
136
168
64
103
137
169
64
103
137
168
64
102
136
167
64
102
138
168
64
102
136
167
64
102
138
170
64
103
138
170
64
101
137
167
64
101
136
166
64
101
137
168
64
101
136
168
64
103
137
167
64
101
136
166
64
102
136
166
64
102
137
169
64
101
137
169
64
102
136
167
64
102
136
166
64
102
136
167
64
102
138
168
64
102
137
167
64
101
137
169
64
103
139
169
64
101
135
167
64
101
135
166
64
103
139
170
64
102
136
166
64
101
135
166
64
101
137
168
64
101
135
165
64
101
136
168
64
102
137
168
64
102
137
167
64
102
138
167
64
101
137
167
64
103
137
168
64
101
136
166
64
101
135
165
64
103
137
169
64
101
137
169
64
103
138
169
64
103
137
168
64
102
138
167
64
101
135
165
64
102
137
168
64
102
137
166
64
101
137
167
64
102
137
166
64
101
136
167
64
102
137
166
64
102
137
168
64
103
136
168
64
101
135
167
64
101
137
166
64
101
136
167
64
102
138
169
64
102
137
168
64
102
138
168
64
102
136
165
64
102
138
167
64
101
135
167
64
101
136
166
64
101
135
165
64
101
135
165
64
101
137
167
64
103
137
169
64
101
137
166
64
101
137
168
64
102
136
166
64
101
137
166
64
103
136
166
64
102
136
166
64
103
138
169
64
102
136
168
64
103
138
170
64
103
136
166
64
101
136
168
64
101
136
168
64
101
136
168
64
101
136
168
64
101
135
167
64
102
137
169
64
102
137
168
64
103
137
168
64
103
136
168
64
103
138
168
64
101
137
166
64
103
138
169
64
103
136
167
64
103
137
169
64
102
136
168
64
103
138
169
64
101
137
166
64
102
136
166
64
103
137
168
64
102
137
168
64
101
135
165
64
101
135
166
64
103
136
167
64
103
138
170
64
102
135
167
64
102
137
168
64
101
135
167
64
103
137
168
64
103
138
170
64
101
137
167
64
103
136
167
64
103
137
167
64
102
137
169
64
102
137
168
64
103
136
167
64
103
138
168
64
103
137
169
64
101
137
166
64
102
137
167
64
101
137
166
64
102
136
166
64
102
136
167
64
101
136
167
64
103
136
168
64
103
138
170
64
103
138
169
64
103
138
169
64
101
137
167
64
101
135
167
64
101
135
166
64
103
136
168
64
103
137
169
64
101
135
166
64
103
136
166
64
102
135
166
64
101
135
165
64
101
136
167
64
101
135
167
64
101
135
166
64
103
138
168
64
103
137
167
64
103
137
168
64
102
136
166
64
102
136
168
64
103
137
167
64
103
138
170
64
101
137
166
64
103
136
167
64
102
137
167
64
103
138
170
64
101
136
167
64
102
136
168
64
101
137
167
64
101
137
167
64
101
137
166
64
102
135
165
64
101
136
168
64
101
135
165
64
103
138
169
64
103
138
170
64
102
135
166
64
102
137
169
64
103
137
168
64
102
135
167
64
102
135
167
64
101
136
166
64
101
137
168
64
101
136
167
64
103
136
168
64
101
135
165
64
103
136
167
64
103
136
168
64
103
137
167
64
103
136
168
64
101
137
166
64
103
138
169
64
101
137
166
64
102
137
167
64
103
138
170
64
103
136
167
64
102
137
167
64
101
137
166
64
101
136
167
64
103
138
169
64
102
135
166
64
101
135
165
64
103
137
167
64
103
136
166
64
103
136
166
64
102
137
169
64
103
138
170
64
102
137
169
64
103
138
168
64
102
136
168
64
101
136
168
64
103
137
168
64
103
136
168
64
102
137
167
64
101
136
166
64
103
137
169
64
102
136
167
64
103
137
167
64
102
136
168
64
103
136
167
64
101
136
167
64
101
136
167
64
102
136
168
64
103
136
166
64
102
135
165
64
101
135
165
64
102
137
168
64
103
137
169
64
102
136
166
64
102
135
165
64
102
135
166
64
102
136
167
64
103
137
167
64
101
137
168
64
101
135
165
64
102
135
166
64
103
136
166
64
102
137
168
64
101
137
168
64
102
136
167
64
101
137
168
64
102
136
168
64
103
138
168
64
102
136
166
64
102
136
167
64
103
138
170
64
102
135
166
64
102
136
166
64
102
137
168
64
102
137
169
64
102
137
168
64
101
135
165
64
101
136
168
64
101
137
167
64
101
135
167
64
101
135
167
64
103
137
168
64
103
136
168
64
102
137
168
64
101
137
168
64
102
137
167
64
102
137
168
64
101
136
168
64
102
136
167
64
103
138
169
64
101
136
166
64
102
137
167
64
102
135
167
64
102
137
168
64
103
138
170
64
102
137
168
64
103
137
169
64
101
137
167
64
103
137
169
64
101
137
167
64
103
138
169
64
103
136
168
64
103
138
169
64
102
135
165
64
101
135
167
64
101
135
167
64
102
137
169
64
102
137
167
64
102
137
169
64
103
138
168
64
103
138
170
64
103
136
168
64
101
136
167
64
102
135
166
64
101
137
168
64
103
137
168
64
101
136
166
64
103
138
170
64
102
136
168
64
103
138
170
64
103
136
168
64
103
136
167
64
101
135
167
64
102
137
168
64
103
138
168
64
102
136
167
64
103
137
167
64
103
136
168
64
102
137
169
64
103
136
166
