127
128
129
128
129
129
129
129
130
131
130
130
131
131
130
131
131
131
132
130
131
130
129
130
131
131
129
130
131
132
130
129
130
129
128
128
127
128
127
128
128
127
126
126
125
128
130
132
133
135
135
136
136
138
138
138
138
139
139
138
138
141
141
143
145
146
146
146
148
147
146
146
145
145
146
146
147
150
150
152
154
154
153
153
152
153
156
159
159
160
160
161
163
163
163
166
168
169
169
170
171
171
172
171
172
173
174
176
178
180
180
181
180
180
181
182
182
182
182
183
184
187
187
190
190
64
77
89
100
112
121
129
136
142
148
155
161
165
170
175
180
182
184
187
190
64
78
91
104
116
128
139
147
155
160
166
172
177
183
186
190
64
81
96
109
124
135
146
156
167
176
182
190
64
82
100
114
128
140
150
161
170
180
187
64
85
104
121
138
152
164
176
186
64
86
105
121
136
151
165
179
189
64
87
108
125
143
157
171
185
64
88
108
129
147
164
179
64
90
112
131
149
165
180
64
88
111
133
153
170
186
64
89
114
135
154
171
186
64
93
118
139
158
176
64
90
115
139
162
181
64
93
118
142
163
182
64
94
123
147
168
188
64
93
121
146
168
187
64
94
120
145
167
189
64
95
124
149
172
64
96
126
152
177
64
96
125
150
173
64
98
127
154
179
64
96
126
155
180
64
96
125
154
179
64
98
130
158
183
64
101
133
163
189
64
99
134
164
191
64
101
134
165
64
100
133
165
64
102
136
168
64
102
136
170
64
103
138
170
64
104
140
173
64
103
138
173
64
105
141
173
64
106
143
178
64
105
141
175
64
104
140
175
64
105
142
177
64
106
145
181
64
106
144
181
64
106
145
182
64
108
145
182
64
107
146
183
64
107
148
184
64
106
146
184
64
108
147
184
64
108
148
185
64
108
148
184
64
111
153
191
64
109
152
190
64
110
152
64
110
153
64
112
156
64
111
157
64
112
154
64
112
155
64
113
157
64
114
161
64
115
159
64
116
163
64
116
163
64
117
165
64
115
163
64
116
165
64
118
165
64
117
168
64
119
168
64
120
168
64
120
169
64
119
169
64
121
170
64
120
170
64
121
171
64
121
171
64
120
169
64
122
172
64
121
172
64
122
174
64
121
173
64
123
176
64
123
175
64
121
175
64
121
175
64
122
175
64
123
176
64
124
178
64
124
178
64
125
178
64
124
178
64
122
178
64
123
175
64
125
180
64
126
179
64
125
180
64
125
179
64
126
181
64
126
179
64
123
179
64
124
178
64
124
177
64
126
181
64
125
181
64
124
178
64
125
180
64
126
182
64
126
181
64
126
179
64
125
179
64
126
182
64
124
179
64
124
178
64
126
181
64
125
180
64
126
183
64
126
180
64
127
182
64
126
183
64
124
180
64
126
179
64
127
183
64
127
183
64
126
181
64
127
182
64
125
181
64
127
183
64
125
181
64
126
181
64
126
182
64
127
183
64
126
184
64
126
180
64
125
180
64
127
183
64
125
183
64
125
179
64
127
184
64
127
183
64
126
183
64
126
182
64
125
180
64
127
182
64
127
183
64
125
180
64
126
182
64
128
185
64
127
184
64
126
180
64
127
182
64
127
183
64
127
184
64
125
182
64
126
181
64
127
182
64
127
184
64
125
181
64
126
181
64
126
181
64
127
183
64
125
182
64
125
182
64
127
182
64
125
181
64
127
184
64
128
183
64
127
184
64
127
183
64
127
182
64
128
184
64
128
185
64
126
181
64
125
181
64
126
180
64
128
183
64
125
182
64
126
181
64
128
184
64
126
182
64
127
184
64
125
182
64
127
182
64
128
185
64
127
184
64
127
182
64
128
184
64
127
183
64
125
183
64
125
182
64
126
181
64
128
183
64
125
181
64
126
183
64
126
182
64
126
181
64
127
183
64
125
180
64
127
183
64
128
185
64
126
183
64
126
183
64
126
182
64
127
184
64
125
182
64
127
183
64
126
181
64
127
184
64
126
184
64
126
183
64
127
183
64
127
184
64
125
183
64
125
180
64
127
181
64
128
185
64
127
183
64
125
180
64
126
182
64
127
184
64
126
182
64
125
180
64
128
183
64
126
183
64
125
182
64
125
180
64
126
181
64
126
181
64
125
181
64
125
181
64
126
181
64
128
184
64
126
184
64
126
182
64
127
182
64
126
181
64
125
181
64
126
183
64
126
181
64
127
182
64
127
182
64
126
182
64
126
182
64
127
183
64
125
181
64
125
180
64
128
182
64
127
182
64
127
182
64
126
183
64
128
184
64
127
182
64
125
181
64
125
180
64
127
181
64
126
181
64
127
182
64
127
182
64
128
182
64
126
181
64
127
184
64
126
181
64
126
182
64
127
184
64
126
183
64
126
183
64
128
182
64
126
181
64
125
181
64
127
183
64
127
182
64
128
185
64
126
183
64
126
181
64
126
181
64
127
183
64
126
183
64
127
182
64
128
183
64
128
185
64
125
182
64
127
184
64
126
182
64
127
184
64
125
181
64
125
182
64
127
181
64
126
183
64
127
184
64
126
181
64
128
183
64
126
182
64
125
183
64
127
182
64
126
182
64
126
183
64
127
183
64
126
183
64
127
183
64
128
185
64
125
181
64
125
180
64
127
182
64
128
184
64
127
184
64
127
183
64
127
182
64
126
183
64
127
183
64
125
182
64
126
183
64
126
182
64
126
183
64
127
184
64
127
182
64
128
185
64
125
182
64
127
184
64
128
182
64
128
185
64
127
184
64
125
180
64
126
181
64
128
184
64
127
183
64
127
184
64
126
183
64
127
184
64
126
183
64
127
183
64
126
181
64
128
183
64
127
182
64
125
180
64
126
183
64
126
182
64
127
183
64
127
184
64
126
181
64
128
183
64
127
183
64
125
180
64
128
183
64
126
182
64
125
182
64
127
182
64
128
182
64
126
181
64
125
181
64
125
180
64
127
181
64
126
181
64
125
182
64
126
182
64
127
181
64
127
184
64
126
183
64
125
182
64
128
182
64
127
182
64
127
183
64
126
182
64
128
182
64
126
182
64
125
183
64
125
181
64
127
183
64
126
183
64
125
181
64
127
182
64
128
182
64
126
182
64
127
183
64
127
182
64
127
182
64
127
183
64
126
183
64
125
182
64
126
181
64
127
184
64
126
182
64
126
183
64
127
183
64
128
183
64
126
182
64
125
182
64
126
181
64
127
182
64
127
182
64
127
183
64
127
183
64
127
183
64
126
182
64
126
183
64
126
183
64
127
183
64
127
183
64
126
181
64
126
182
64
127
182
64
126
184
64
127
182
64
126
183
64
128
185
64
126
184
64
127
182
64
126
182
64
127
183
64
127
182
64
127
184
64
128
183
64
126
182
64
127
183
64
125
180
64
126
182
64
127
182
64
127
184
64
127
182
64
126
181
64
126
182
64
127
182
64
125
181
64
126
181
64
126
182
64
125
183
64
127
183
64
127
182
64
127
182
64
126
182
64
126
182
64
127
182
64
128
185
64
127
184
64
126
183
64
126
183
64
126
183
64
127
182
64
127
183
64
128
182
64
126
181
64
125
181
64
127
183
64
128
182
64
128
183
64
127
182
64
127
183
64
128
184
64
128
185
64
126
182
64
127
184
64
128
182
64
127
183
64
126
182
64
125
181
64
126
182
64
126
183
64
127
183
64
126
183
64
127
183
64
128
184
64
126
182
64
126
181
64
126
181
64
128
183
64
125
183
64
125
181
64
126
183
64
126
181
64
125
181
64
126
181
64
126
183
64
127
184
64
126
184
64
127
183
64
128
184
64
127
183
64
125
182
64
126
183
64
126
183
64
126
181
64
126
184
64
125
180
64
126
183
64
127
183
64
125
182
64
125
180
64
128
184
64
126
181
64
127
184
64
126
181
64
127
181
64
128
185
64
125
183
64
126
183
64
127
183
64
127
182
64
127
184
64
125
180
64
127
181
64
126
182
64
125
183
64
126
181
64
128
182
64
127
183
64
126
183
64
125
180
64
124
181
64
126
182
64
125
182
64
125
179
64
126
180
64
123
178
64
122
177
64
123
175
64
125
179
64
124
177
64
124
178
64
125
179
64
124
177
64
125
179
64
125
179
64
125
178
64
124
177
64
124
179
64
123
179
64
125
178
64
126
180
64
126
181
64
122
178
64
124
177
64
125
179
64
123
176
64
121
177
64
121
174
64
122
176
64
123
177
64
122
175
64
121
173
64
121
174
64
123
175
64
119
172
64
121
172
64
120
171
64
123
176
64
121
174
64
119
170
64
121
173
64
121
172
64
118
170
64
120
169
64
120
172
64
119
169
64
120
171
64
120
171
64
119
167
64
119
169
64
117
167
64
119
167
64
119
168
64
119
166
64
116
166
64
115
161
64
116
165
64
117
164
64
116
164
64
114
161
64
115
163
64
115
160
64
114
162
64
113
158
64
116
163
64
115
160
64
115
162
64
113
157
64
112
157
64
114
159
64
112
155
64
112
156
64
111
156
64
111
154
64
111
156
64
112
154
64
111
154
191
64
112
153
190
64
110
153
190
64
110
151
187
64
110
151
187
64
109
150
185
64
110
151
186
64
107
146
182
64
110
149
184
64
107
147
182
64
107
146
181
64
107
145
180
64
108
145
180
64
107
144
177
64
106
142
175
64
106
142
175
64
105
141
171
64
102
137
167
64
104
139
169
64
101
136
166
64
102
135
166
64
102
136
165
64
102
135
163
64
99
133
163
189
64
99
132
161
187
64
98
130
159
184
64
99
132
162
186
64
99
130
157
182
64
99
128
156
183
64
98
130
158
183
64
98
129
156
180
64
98
130
155
179
64
96
126
154
180
64
95
125
153
176
64
96
126
154
178
64
96
126
152
176
64
96
126
154
179
64
95
126
153
175
64
97
126
151
174
64
96
124
150
175
64
96
124
151
176
64
96
124
150
173
64
95
124
149
173
64
95
124
150
173
64
94
121
147
171
190
64
97
125
151
174
64
95
123
147
172
191
64
93
123
150
172
64
96
125
151
174
64
95
124
149
173
64
95
122
147
171
190
64
96
124
150
173
64
94
122
146
170
190
64
93
122
149
172
64
95
124
149
170
64
95
123
147
172
64
95
121
146
169
190
64
94
121
145
166
188
64
95
123
149
173
191
64
95
123
148
171
190
64
93
121
148
169
189
64
94
122
145
168
189
64
93
120
146
168
189
64
95
123
147
170
189
64
93
119
146
167
188
64
95
122
148
169
189
64
93
120
145
168
188
64
94
121
146
169
188
64
93
119
144
167
186
64
94
121
147
168
189
64
95
121
145
167
186
64
94
121
146
167
188
64
94
122
147
169
189
64
95
123
148
169
189
64
94
122
147
170
191
64
95
123
148
171
191
64
95
123
149
170
188
64
94
120
145
168
187
64
95
122
147
170
190
64
95
123
146
167
189
64
95
121
145
167
186
64
96
123
146
167
188
64
95
122
149
172
191
64
94
120
146
166
188
64
93
119
144
166
186
64
95
124
147
170
189
64
93
121
146
167
188
64
95
122
146
169
189
64
94
120
144
168
187
64
93
121
146
166
186
64
95
122
148
170
188
64
94
122
147
169
189
64
95
121
146
169
189
64
95
124
149
169
191
64
94
121
145
168
189
64
94
122
145
166
186
64
93
120
145
167
186
64
95
124
148
169
190
64
94
120
144
165
185
64
95
122
147
170
191
64
93
121
146
167
188
64
93
121
145
166
188
64
95
122
148
170
189
64
95
124
149
169
190
64
95
121
147
169
189
64
95
122
147
169
190
64
95
120
147
169
189
64
94
121
144
167
187
64
93
119
144
167
187
64
93
121
146
167
189
64
94
121
146
167
186
64
95
123
146
169
188
64
93
119
144
168
187
64
95
123
146
168
189
64
93
121
145
166
186
64
93
120
146
166
187
64
94
122
148
170
188
64
94
121
145
168
189
64
95
120
147
169
188
64
95
124
147
170
189
64
93
120
145
166
187
64
93
120
145
165
186
64
94
121
146
167
188
64
94
122
147
170
189
64
94
121
146
169
190
64
93
122
145
168
190
64
93
121
146
167
188
64
94
121
144
165
185
64
93
121
147
169
190
64
95
122
145
168
188
64
95
120
146
168
188
64
95
122
146
169
190
64
95
121
148
171
191
64
93
121
145
165
185
64
94
120
145
168
188
64
93
121
145
166
186
64
94
120
145
167
187
64
94
123
146
168
189
64
93
119
143
166
185
64
94
121
145
167
189
64
94
122
146
169
188
64
95
123
148
170
189
64
94
120
144
165
186
64
95
122
147
168
187
64
95
121
148
171
189
64
94
122
145
168
189
64
95
122
147
169
187
64
93
120
146
167
189
64
95
120
145
168
187
64
95
124
148
169
191
64
95
122
147
169
189
64
94
121
144
166
186
64
95
120
145
168
189
64
93
120
144
164
186
64
93
120
146
168
187
64
94
121
146
169
190
64
93
119
144
167
188
64
93
122
147
170
189
64
94
122
147
169
190
64
94
121
145
166
188
64
93
120
145
168
187
64
95
124
147
168
188
64
95
122
149
171
189
64
95
122
145
166
188
64
94
121
145
168
187
64
95
124
147
168
188
64
95
122
149
170
190
64
95
122
146
169
188
64
94
122
148
170
190
64
94
123
148
171
190
64
94
121
146
168
189
64
93
120
144
165
185
64
94
122
148
170
190
64
94
123
148
170
189
64
94
121
146
168
189
64
93
122
145
167
187
64
95
120
145
167
187
64
95
122
146
169
188
64
95
122
148
171
190
64
93
122
145
166
188
64
95
121
146
169
188
64
93
120
146
168
189
64
94
121
147
168
187
64
95
122
145
166
187
64
95
120
146
167
186
64
95
123
146
168
188
64
94
122
147
170
191
64
93
121
147
167
187
64
94
121
146
169
188
64
94
122
145
166
187
64
94
122
148
169
190
64
93
120
145
165
185
64
94
122
148
171
191
64
93
121
147
169
189
64
94
122
146
169
190
64
95
124
148
168
189
64
93
120
145
167
186
64
95
124
149
169
190
64
95
120
147
170
191
64
94
122
147
169
190
64
94
121
145
168
188
64
94
121
145
166
188
64
95
121
147
168
187
64
95
122
147
169
188
64
94
121
145
166
185
64
95
122
146
167
186
64
94
121
147
168
188
64
94
123
147
170
189
64
94
120
145
167
188
64
93
121
145
166
187
64
95
120
146
167
188
64
95
124
149
170
190
64
