129
129
130
131
131
131
132
130
130
131
130
130
130
132
132
134
135
136
137
139
141
141
141
143
143
143
144
147
149
152
153
153
153
153
154
154
155
157
158
159
159
162
164
165
167
167
169
170
171
173
175
178
178
178
179
179
181
182
183
185
187
187
189
189
191
64
77
90
103
114
124
133
141
146
151
156
161
167
172
178
183
188
64
81
97
111
124
135
145
155
163
172
181
189
64
81
98
114
130
145
157
169
179
187
64
87
105
123
138
151
163
177
188
64
86
107
127
145
162
176
188
64
88
112
134
153
169
184
64
92
116
139
159
178
64
90
115
139
159
179
64
94
120
146
169
189
64
95
123
148
170
64
95
124
151
175
64
95
124
151
175
64
98
127
155
180
64
98
129
158
184
64
99
131
160
186
64
100
135
166
64
101
135
166
64
102
138
172
64
103
138
171
64
104
140
174
64
106
143
177
64
107
146
180
64
106
146
181
64
109
147
184
64
108
149
186
64
108
150
188
64
112
153
191
64
112
157
64
113
157
64
114
160
64
117
164
64
118
166
64
118
165
64
118
170
64
120
170
64
123
176
64
121
172
64
125
179
64
124
179
64
126
180
64
128
183
64
128
186
64
128
187
64
130
191
64
131
191
64
130
191
64
131
191
64
134
64
133
64
133
64
134
64
134
64
134
64
137
64
137
64
138
64
136
64
138
64
139
64
140
64
139
64
141
64
142
64
139
64
142
64
143
64
143
64
143
64
142
64
144
64
143
64
144
64
146
64
145
64
145
64
146
64
146
64
147
64
148
64
146
64
150
64
149
64
148
64
147
64
150
64
150
64
151
64
148
64
151
64
151
64
151
64
152
64
153
64
154
64
156
64
155
64
155
64
158
64
157
64
159
64
158
64
160
64
161
64
162
64
163
64
164
64
164
64
165
64
167
64
167
64
169
64
169
64
170
64
172
64
173
64
173
64
172
64
175
64
173
64
174
64
177
64
176
64
178
64
178
64
178
64
177
64
181
64
178
64
179
64
182
64
180
64
183
64
184
64
184
64
182
64
184
64
183
64
183
64
187
64
184
64
185
64
186
64
185
64
186
64
189
64
188
64
187
64
188
64
189
64
188
64
191
64
190
64
190
64
190
64
190
64
190
64
191
64
64
64
190
64
64
64
64
191
64
191
64
64
64
64
64
191
64
64
191
64
64
64
64
64
64
64
64
64
64
64
64
64
64
64
64
64
64
64
64
64
64
64
64
64
64
64
64
64
64
64
64
64
64
64
64
64
64
64
64
64
64
64
64
64
64
64
64
64
64
64
64
64
64
64
64
64
64
64
64
64
64
64
64
64
64
64
64
64
64
64
64
64
64
191
64
64
64
64
64
64
64
64
64
64
64
191
64
64
191
64
64
64
64
64
64
64
64
191
64
191
64
64
64
191
64
64
64
64
64
64
64
64
64
64
64
64
64
64
191
64
64
64
64
64
64
64
64
64
64
64
191
64
64
191
64
64
191
64
64
64
64
64
64
64
64
191
64
191
64
64
64
64
64
64
64
64
64
64
64
191
64
64
64
64
64
64
64
64
64
64
64
191
64
64
64
64
64
64
191
64
191
64
64
64
64
64
64
64
64
64
64
64
64
64
64
191
64
64
64
191
64
64
64
64
64
190
64
191
64
64
64
191
64
64
64
64
64
191
64
64
191
64
64
64
64
191
64
64
191
64
64
64
191
64
64
64
64
64
64
64
64
64
64
64
64
64
64
64
64
64
191
64
191
64
64
64
64
64
64
190
64
191
64
64
64
191
64
191
64
64
64
191
64
191
64
191
64
64
64
64
191
64
64
191
64
64
191
64
64
191
64
64
64
64
64
64
64
191
64
64
64
64
64
64
64
64
64
64
64
64
64
64
64
190
64
64
64
64
64
191
64
64
191
64
64
64
64
64
191
64
64
64
64
64
191
64
64
64
64
64
64
64
64
64
64
191
64
64
64
64
64
64
191
64
64
64
64
64
191
64
191
64
64
64
64
64
64
64
64
64
64
64
64
64
64
64
191
64
64
64
64
64
64
64
64
190
64
64
191
64
64
64
64
64
64
64
64
64
64
64
191
64
64
64
64
64
64
64
64
64
64
64
64
64
64
191
64
64
64
64
64
64
64
64
191
64
64
64
64
64
64
64
64
190
64
64
64
64
64
191
64
64
191
64
64
64
64
64
64
64
64
64
64
64
191
64
191
64
64
64
190
64
64
191
64
64
191
64
64
64
64
64
64
64
64
191
64
64
64
64
64
191
64
64
191
64
64
64
64
191
64
64
64
191
64
64
191
64
64
64
64
64
191
64
64
190
64
64
64
64
64
64
64
64
64
64
64
64
64
191
64
64
64
64
64
64
64
64
64
64
64
64
191
64
64
64
64
191
64
64
64
64
64
64
64
64
64
191
64
64
191
64
191
64
64
64
64
64
64
64
64
64
64
64
64
191
64
64
191
64
64
64
64
64
64
64
64
191
64
64
191
64
64
64
64
191
64
64
64
64
64
64
191
64
64
64
64
64
191
64
191
64
64
64
64
64
64
64
64
191
64
64
64
64
64
64
191
64
64
64
64
64
64
64
191
64
64
64
64
64
64
191
64
191
64
64
191
64
64
64
64
64
64
64
64
64
191
64
64
191
64
64
64
64
64
64
64
64
64
64
191
64
64
64
64
64
64
64
64
64
191
64
64
191
64
64
191
64
64
64
64
64
64
64
191
64
64
64
64
64
64
64
64
64
64
64
64
191
64
64
64
64
64
191
64
64
191
64
64
191
64
64
64
64
64
64
64
64
191
64
64
191
64
64
64
64
64
191
64
64
64
64
64
191
64
64
64
64
64
64
64
64
64
64
64
191
64
64
64
64
64
64
64
191
64
64
64
191
64
64
64
64
64
191
64
64
64
64
64
190
64
64
191
64
64
64
64
191
64
64
64
64
64
64
64
64
64
64
64
64
64
64
64
190
64
64
64
64
64
64
64
64
64
64
64
64
64
64
64
64
64
64
64
64
64
64
64
190
64
64
191
64
64
64
64
64
64
64
190
64
64
64
64
64
191
64
64
64
190
64
64
191
64
191
64
64
64
191
64
191
64
64
64
191
64
64
191
64
64
64
64
64
191
64
64
64
64
191
64
64
64
190
64
191
64
64
64
64
64
64
64
64
64
190
64
64
191
64
64
64
64
64
64
64
64
190
64
64
191
64
64
64
64
191
64
64
191
64
64
64
64
64
64
64
64
191
64
64
191
64
64
64
191
64
64
64
64
64
191
64
64
64
64
64
64
64
64
191
64
64
191
64
191
64
64
64
191
64
64
64
64
64
64
64
191
64
64
64
64
64
64
191
64
64
64
64
191
64
64
64
191
64
64
64
64
64
64
64
64
190
64
64
64
64
64
64
64
64
64
64
64
64
64
64
64
64
64
64
64
64
64
64
64
64
64
64
191
64
64
64
64
191
64
64
191
64
64
64
64
64
64
64
64
191
64
64
64
190
64
64
64
64
64
64
64
64
64
64
191
64
64
64
64
64
64
64
64
64
64
64
191
64
64
64
64
64
64
64
64
64
64
64
64
191
64
64
64
64
64
190
64
191
64
64
64
191
64
191
64
64
191
64
64
191
64
64
64
64
64
64
64
64
64
191
64
64
190
64
64
191
64
64
191
64
191
64
64
191
64
64
64
64
64
64
191
64
191
64
64
191
64
64
64
64
64
64
64
64
64
64
64
64
191
64
64
64
64
64
64
64
64
191
64
64
64
64
64
191
64
64
64
64
64
191
64
191
64
64
64
191
64
64
191
64
191
64
64
64
64
64
64
191
64
191
64
64
64
191
64
64
190
64
64
64
64
64
64
64
191
64
64
64
191
64
64
64
64
64
64
64
64
191
64
64
64
64
64
64
64
64
191
64
191
64
64
64
64
64
191
64
64
64
64
64
64
64
64
64
191
64
64
191
64
64
64
64
64
64
64
64
64
64
64
64
64
64
64
64
64
191
64
64
191
64
64
64
64
64
191
64
64
64
64
64
64
64
191
64
64
64
64
64
64
64
64
64
191
64
64
64
64
64
64
64
191
64
64
64
191
64
191
64
64
64
64
64
64
191
64
64
64
64
64
191
64
64
64
64
64
64
64
64
64
64
64
190
64
64
64
64
64
191
64
64
191
64
64
64
64
64
64
64
64
64
64
64
191
64
64
64
191
64
64
64
64
64
64
191
64
64
64
191
64
64
191
64
64
64
64
64
191
64
64
191
64
64
64
64
64
64
64
64
191
64
64
64
64
64
191
64
191
64
64
64
64
64
64
64
191
64
64
64
64
191
64
64
190
64
64
64
64
64
64
64
64
64
64
64
64
64
64
191
64
64
64
64
64
191
64
191
64
64
64
64
64
64
64
64
64
64
64
64
191
64
191
64
64
64
64
64
64
64
64
64
64
64
64
191
64
191
64
64
64
64
64
64
191
64
64
190
64
64
64
64
64
191
64
64
64
64
64
64
64
64
64
64
64
64
64
64
191
64
64
190
64
64
64
64
64
191
64
64
191
64
64
191
64
64
64
64
64
64
64
64
64
64
64
64
64
64
64
64
64
64
64
64
64
64
64
191
64
64
191
64
64
191
64
64
191
64
64
64
64
64
64
64
64
64
64
64
191
64
64
64
64
64
64
64
191
64
64
64
64
64
191
64
64
64
64
64
64
64
64
191
64
64
64
64
64
64
64
64
64
191
64
64
64
64
64
64
64
64
190
64
191
64
64
191
64
64
64
64
64
64
64
64
191
64
64
64
190
64
64
191
64
64
64
191
64
190
64
191
64
64
191
64
64
191
64
64
64
64
191
64
64
64
64
64
64
64
64
191
64
191
64
64
64
64
191
64
64
64
64
64
64
191
64
191
64
64
64
64
64
191
64
191
64
64
64
64
64
64
64
64
64
64
64
64
191
64
64
64
64
64
64
64
64
64
191
64
64
191
64
64
64
64
191
64
64
64
64
64
191
64
64
64
64
64
64
191
64
191
64
64
64
64
64
64
64
64
64
64
64
64
64
64
64
191
64
64
64
64
64
64
64
191
64
64
64
191
64
64
191
64
64
64
64
64
64
64
64
64
64
64
64
64
64
191
64
191
64
64
64
64
64
64
191
64
191
64
64
64
64
64
64
190
64
64
64
64
64
64
64
64
190
64
64
191
64
191
64
64
64
64
64
64
191
64
64
190
64
64
64
64
64
191
64
191
64
64
64
191
64
191
64
64
191
64
64
64
64
64
191
64
64
64
64
64
64
191
64
191
64
64
64
64
64
64
64
64
64
64
64
64
191
64
64
191
64
64
64
64
64
64
64
64
64
64
64
64
64
64
191
64
64
64
64
64
191
64
64
64
64
64
64
64
64
64
64
64
64
64
64
191
64
64
191
64
64
64
64
64
64
64
191
64
64
64
191
64
191
64
64
64
64
64
64
64
64
191
64
64
64
64
64
64
191
64
191
64
64
64
64
64
64
64
64
64
64
64
64
191
64
64
190
64
64
64
64
64
64
64
64
64
64
64
64
64
64
64
64
64
64
64
64
64
64
64
190
64
64
64
64
64
191
64
64
191
64
64
191
64
64
64
64
191
64
64
64
64
64
64
190
64
191
64
64
64
64
64
64
191
64
191
64
64
64
64
64
191
64
64
64
64
64
64
64
64
191
64
64
64
64
64
64
191
64
64
64
64
64
64
64
191
64
64
64
64
64
64
191
64
64
64
64
64
64
64
191
64
64
64
64
64
64
64
64
64
64
64
64
64
64
64
64
64
64
191
64
64
191
64
64
64
64
64
64
64
64
64
64
64
191
64
64
64
64
64
64
64
64
191
64
64
191
64
191
64
64
64
64
64
191
64
64
64
190
64
64
191
64
64
190
64
191
64
64
64
64
64
64
64
64
64
191
64
64
191
64
64
64
64
64
191
64
64
190
64
64
190
64
64
64
64
64
64
64
64
64
64
191
64
64
64
191
64
64
64
64
64
191
64
64
64
64
64
64
64
64
64
64
64
190
64
64
191
64
64
64
64
191
64
64
64
64
64
64
64
64
64
64
64
191
64
64
191
64
64
64
64
64
64
64
64
191
64
64
64
64
64
64
191
64
64
64
64
191
64
64
191
64
64
64
191
64
64
64
64
191
64
64
191
64
64
64
64
64
64
64
64
64
191
64
64
64
64
64
64
64
64
64
64
64
64
64
64
191
64
64
191
64
64
64
64
64
191
64
64
190
64
64
64
64
64
64
64
64
191
64
64
190
64
64
64
64
64
191
64
64
64
64
191
64
64
64
64
64
64
64
64
64
64
64
64
64
64
64
64
64
64
64
64
191
64
64
191
64
64
64
64
64
191
64
64
191
64
64
64
64
64
64
64
64
64
64
64
64
191
64
191
64
64
64
191
64
64
64
64
64
64
64
191
64
64
64
191
64
64
64
64
64
191
64
64
64
64
64
64
64
64
191
64
64
64
64
64
64
64
64
64
64
64
64
64
191
64
64
64
64
64
64
64
64
64
64
64
64
190
64
64
64
64
64
191
64
64
191
64
64
191
64
64
191
64
64
191
64
191
64
64
191
64
64
64
191
64
64
64
64
191
64
64
64
64
64
64
64
64
64
191
64
64
191
64
64
64
64
64
64
64
191
64
64
64
191
64
64
64
64
64
64
64
64
191
64
191
64
64
64
64
64
64
191
64
191
64
64
191
64
64
64
64
64
64
64
64
64
64
64
64
191
64
64
64
64
64
64
64
64
64
64
64
64
64
64
191
64
64
64
64
64
191
64
191
64
64
64
64
64
64
64
64
191
64
64
64
64
64
64
191
64
64
64
64
64
191
64
64
64
64
64
191
64
64
64
64
64
64
64
191
64
64
64
191
64
64
64
64
64
64
64
64
191
64
64
191
64
64
64
64
64
64
64
64
64
64
64
64
64
64
64
64
64
64
64
191
64
64
64
64
64
64
191
64
64
64
64
64
191
64
64
191
64
64
64
64
64
190
64
191
64
64
64
64
64
64
64
64
64
64
64
64
191
64
64
64
64
64
64
64
191
64
64
191
64
64
64
64
64
191
64
64
191
64
64
64
64
64
64
64
64
64
191
64
64
190
64
64
64
64
64
64
64
191
64
64
64
190
64
64
64
64
64
64
64
64
191
64
64
190
64
64
191
64
64
64
64
64
191
64
64
191
64
64
64
