127
128
129
127
126
128
129
127
126
126
126
127
128
127
127
126
126
127
128
128
127
127
126
125
125
126
125
124
125
125
125
124
124
123
123
123
122
122
123
123
124
124
125
125
126
127
126
127
128
127
128
128
127
128
129
129
131
132
133
134
135
137
138
138
137
137
139
140
141
141
142
142
144
144
144
146
146
148
147
148
147
146
147
149
151
152
154
156
156
158
157
157
158
158
160
164
167
169
170
170
170
170
172
173
175
177
178
178
179
179
180
182
184
187
190
191
64
79
93
104
115
126
136
145
152
157
162
168
173
177
181
186
64
80
97
113
125
136
146
154
165
174
182
189
64
80
99
116
131
143
155
165
176
184
64
84
100
117
133
146
160
173
185
64
86
106
125
142
158
171
184
64
88
108
128
147
161
177
190
64
87
109
130
148
164
181
64
89
112
132
153
170
185
64
92
115
138
157
176
64
93
118
141
162
180
64
93
120
145
167
189
64
94
120
146
169
189
64
97
125
151
174
64
95
124
153
176
64
97
127
154
181
64
98
130
158
184
64
98
131
161
188
64
103
136
165
64
101
134
166
64
102
137
170
64
103
137
169
64
105
142
174
64
104
141
173
64
107
143
177
64
105
143
177
64
105
144
179
64
108
147
182
64
108
148
182
64
108
148
184
64
107
146
183
64
110
150
189
64
109
150
188
64
110
153
188
64
111
153
64
109
152
191
64
113
156
64
111
156
64
115
159
64
113
159
64
115
162
64
115
163
64
118
165
64
116
164
64
120
171
64
118
169
64
120
170
64
120
170
64
121
174
64
121
174
64
124
178
64
121
175
64
124
179
64
123
177
64
124
178
64
123
179
64
126
180
64
124
181
64
126
183
64
126
181
64
128
184
64
125
185
64
128
185
64
126
185
64
128
185
64
128
187
64
130
188
64
130
189
64
129
187
64
130
190
64
129
191
64
129
191
64
131
191
64
130
64
132
64
130
64
131
64
132
64
130
64
131
64
131
64
131
64
134
64
132
64
133
64
134
64
132
64
132
64
132
64
135
64
133
64
134
64
133
64
133
64
133
64
135
64
132
64
133
64
134
64
136
64
135
64
134
64
136
64
134
64
135
64
135
64
133
64
134
64
135
64
134
64
135
64
134
64
136
64
134
64
135
64
134
64
135
64
134
64
135
64
135
64
137
64
136
64
136
64
135
64
135
64
137
64
137
64
136
64
137
64
136
64
136
64
137
64
138
64
138
64
138
64
137
64
137
64
139
64
137
64
139
64
137
64
139
64
137
64
140
64
139
64
140
64
140
64
139
64
139
64
139
64
139
64
140
64
138
64
140
64
140
64
141
64
138
64
139
64
138
64
140
64
140
64
139
64
141
64
140
64
140
64
141
64
139
64
140
64
141
64
141
64
141
64
140
64
140
64
141
64
139
64
140
64
141
64
142
64
139
64
140
64
140
64
142
64
141
64
142
64
142
64
141
64
140
64
141
64
140
64
141
64
141
64
142
64
140
64
141
64
140
64
143
64
141
64
141
64
141
64
143
64
142
64
142
64
141
64
141
64
142
64
141
64
140
64
141
64
142
64
142
64
140
64
141
64
140
64
141
64
140
64
143
64
142
64
141
64
142
64
142
64
142
64
143
64
142
64
142
64
142
64
143
64
140
64
141
64
140
64
142
64
140
64
141
64
141
64
142
64
141
64
142
64
141
64
143
64
142
64
142
64
142
64
143
64
140
64
141
64
142
64
142
64
140
64
142
64
140
64
143
64
142
64
143
64
141
64
142
64
141
64
141
64
140
64
143
64
141
64
143
64
142
64
141
64
142
64
143
64
141
64
141
64
141
64
143
64
140
64
142
64
141
64
141
64
140
64
142
64
142
64
142
64
140
64
143
64
141
64
142
64
140
64
142
64
142
64
141
64
140
64
143
64
140
64
143
64
141
64
142
64
141
64
142
64
140
64
143
64
142
64
143
64
142
64
141
64
140
64
141
64
142
64
142
64
142
64
142
64
142
64
142
64
141
64
142
64
142
64
142
64
142
64
141
64
140
64
143
64
140
64
142
64
142
64
141
64
141
64
143
64
140
64
143
64
140
64
141
64
140
64
141
64
140
64
143
64
142
64
142
64
142
64
141
64
142
64
141
64
140
64
142
64
140
64
142
64
140
64
141
64
142
64
141
64
142
64
141
64
141
64
143
64
140
64
143
64
141
64
142
64
140
64
142
64
141
64
141
64
142
64
142
64
141
64
143
64
141
64
142
64
141
64
142
64
142
64
141
64
141
64
141
64
142
64
141
64
142
64
141
64
142
64
142
64
142
64
142
64
140
64
141
64
142
64
141
64
140
64
143
64
140
64
143
64
142
64
141
64
141
64
141
64
140
64
143
64
140
64
143
64
142
64
143
64
142
64
143
64
141
64
143
64
142
64
141
64
142
64
143
64
141
64
141
64
141
64
143
64
141
64
142
64
141
64
141
64
141
64
142
64
141
64
143
64
140
64
141
64
140
64
142
64
140
64
143
64
141
64
143
64
142
64
142
64
141
64
141
64
142
64
141
64
141
64
141
64
140
64
141
64
142
64
141
64
141
64
141
64
140
64
141
64
142
64
142
64
140
64
142
64
140
64
141
64
140
64
143
64
142
64
143
64
140
64
143
64
140
64
143
64
140
64
141
64
142
64
143
64
142
64
144
64
142
64
143
64
144
64
143
64
142
64
143
64
143
64
142
64
141
64
144
64
145
64
143
64
143
64
143
64
145
64
144
64
142
64
144
64
144
64
145
64
146
64
144
64
144
64
146
64
147
64
145
64
146
64
146
64
145
64
147
64
146
64
147
64
146
64
147
64
146
64
146
64
146
64
147
64
148
64
147
64
146
64
147
64
149
64
148
64
147
64
148
64
146
64
148
64
149
64
146
64
149
64
149
64
146
64
149
64
149
64
146
64
149
64
149
64
149
64
147
64
149
64
148
64
147
64
149
64
149
64
148
64
149
64
148
64
148
64
149
64
147
64
150
64
148
64
149
64
150
64
150
64
147
64
149
64
149
64
149
64
150
64
149
64
147
64
148
64
150
64
148
64
149
64
148
64
149
64
149
64
149
64
149
64
148
64
150
64
150
64
150
64
149
64
148
64
149
64
150
64
148
64
150
64
151
64
148
64
148
64
149
64
150
64
149
64
150
64
150
64
149
64
151
64
149
64
149
64
149
64
150
64
150
64
149
64
150
64
148
64
150
64
148
64
148
64
151
64
148
64
150
64
150
64
149
64
150
64
149
64
149
64
150
64
149
64
150
64
150
64
150
64
150
64
149
64
149
64
148
64
148
64
149
64
150
64
149
64
150
64
149
64
149
64
151
64
150
64
150
64
151
64
149
64
148
64
150
64
148
64
149
64
149
64
149
64
150
64
149
64
149
64
150
64
151
64
150
64
150
64
150
64
151
64
153
64
154
64
154
64
152
64
153
64
154
64
153
64
156
64
156
64
157
64
157
64
157
64
155
64
158
64
158
64
157
64
159
64
159
64
157
64
159
64
160
64
158
64
159
64
159
64
160
64
161
64
159
64
161
64
160
64
160
64
161
64
160
64
162
64
160
64
162
64
162
64
162
64
163
64
161
64
163
64
162
64
163
64
163
64
161
64
162
64
163
64
162
64
162
64
164
64
164
64
163
64
163
64
162
64
164
64
162
64
162
64
163
64
163
64
165
64
163
64
165
64
163
64
165
64
165
64
165
64
164
64
165
64
164
64
163
64
165
64
164
64
165
64
163
64
166
64
165
64
164
64
165
64
165
64
165
64
166
64
165
64
166
64
165
64
166
64
165
64
165
64
164
64
165
64
166
64
166
64
166
64
164
64
166
64
164
64
166
64
165
64
165
64
166
64
166
64
166
64
165
64
164
64
164
64
165
64
164
64
166
64
165
64
166
64
164
64
166
64
166
64
164
64
164
64
165
64
166
64
165
64
166
64
166
64
166
64
166
64
165
64
165
64
167
64
167
64
166
64
166
64
167
64
167
64
165
64
165
64
165
64
166
64
165
64
165
64
166
64
166
64
165
64
167
64
165
64
167
64
167
64
166
64
166
64
167
64
165
64
165
64
167
64
167
64
167
64
165
64
166
64
167
64
165
64
167
64
165
64
166
64
165
64
166
64
166
64
165
64
165
64
166
64
165
64
165
64
166
64
165
64
165
64
167
64
166
64
167
64
166
64
167
64
165
64
166
64
167
64
167
64
166
64
165
64
166
64
166
64
166
64
167
64
166
64
165
64
167
64
165
64
166
64
166
64
166
64
166
64
167
64
165
64
167
64
165
64
165
64
167
64
166
64
166
64
165
64
166
64
167
64
167
64
165
64
167
64
166
64
167
64
165
64
166
64
166
64
166
64
167
64
166
64
167
64
166
64
167
64
166
64
166
64
167
64
167
64
165
64
166
64
167
64
167
64
165
64
165
64
165
64
166
64
167
64
167
64
166
64
165
64
165
64
166
64
167
64
165
64
166
64
165
64
167
64
167
64
166
64
166
64
166
64
165
64
165
64
165
64
165
64
167
64
165
64
167
64
165
64
166
64
165
64
167
64
167
64
166
64
166
64
165
64
166
64
166
64
165
64
167
64
165
64
167
64
166
64
165
64
167
64
166
64
167
64
165
64
166
64
165
64
166
64
167
64
165
64
167
64
165
64
166
64
167
64
166
64
165
64
167
64
166
64
166
64
165
64
166
64
165
64
166
64
166
64
165
64
166
64
165
64
167
64
166
64
166
64
165
64
165
64
165
64
166
64
165
64
166
64
167
64
166
64
165
64
166
64
165
64
167
64
166
64
167
64
167
64
167
64
165
64
166
64
167
64
167
64
166
64
166
64
166
64
165
64
165
64
167
64
165
64
165
64
165
64
165
64
166
64
166
64
166
64
167
64
166
64
165
64
166
64
167
64
165
64
166
64
165
64
167
64
166
64
167
64
167
64
166
64
167
64
165
64
165
64
167
64
166
64
165
64
167
64
165
64
165
64
165
64
165
64
167
64
166
64
166
64
166
64
165
64
167
64
167
64
165
64
167
64
166
64
166
64
166
64
167
64
167
64
166
64
167
64
167
64
165
64
165
64
167
64
165
64
166
64
166
64
166
64
165
64
165
64
167
64
165
64
167
64
167
64
165
64
167
64
167
64
167
64
165
64
165
64
167
64
167
64
167
64
165
64
167
64
165
64
165
64
167
64
167
64
167
64
167
64
167
64
166
64
165
64
165
64
167
64
167
64
165
64
165
64
165
64
166
64
166
64
167
64
167
64
166
64
165
64
166
64
165
64
165
64
166
64
167
64
166
64
166
64
165
64
167
64
165
64
167
64
165
64
167
64
167
64
165
64
166
64
166
64
166
64
166
64
167
64
165
64
167
64
165
64
166
64
166
64
167
64
166
64
165
64
166
64
167
64
167
64
167
64
167
64
167
64
166
64
165
64
166
64
167
64
166
64
166
64
165
64
165
64
165
64
166
64
167
64
166
64
166
64
167
64
165
64
165
64
166
64
165
64
167
64
167
64
166
64
167
64
165
64
166
64
165
64
165
64
165
64
165
64
167
64
167
64
166
64
165
64
167
64
165
64
166
64
166
64
167
64
166
64
167
64
166
64
165
64
167
64
166
64
167
64
166
64
165
64
166
64
167
64
167
64
166
64
165
64
167
64
167
64
167
64
165
64
166
64
166
64
165
64
165
64
166
64
166
64
166
64
166
64
166
64
166
64
165
64
167
64
167
64
167
64
165
64
167
64
166
64
165
64
166
64
165
64
166
64
166
64
166
64
167
64
166
64
167
64
166
64
165
64
167
64
167
64
167
64
165
64
167
64
166
64
166
64
167
64
166
64
166
64
167
64
167
64
166
64
166
64
167
64
166
64
166
64
166
64
167
64
167
64
167
64
167
64
167
64
167
64
165
64
165
64
167
64
165
64
166
64
167
64
167
64
165
64
166
64
167
64
166
64
165
64
165
64
167
64
165
64
165
64
167
64
166
64
167
64
167
64
167
64
165
64
165
64
166
64
165
64
165
64
167
64
167
64
166
64
166
64
167
64
167
64
166
64
166
64
165
64
165
64
166
64
167
64
165
64
166
64
167
64
165
64
165
64
167
64
167
64
165
64
165
64
166
64
166
64
166
64
166
64
165
64
167
64
167
64
166
64
167
64
166
64
165
64
165
64
167
64
166
64
166
64
167
64
165
64
166
64
165
64
165
64
166
64
167
64
166
64
166
64
167
64
165
64
166
64
167
64
166
64
167
64
166
64
166
64
165
64
165
64
165
64
165
64
165
64
166
64
165
64
165
64
167
64
165
64
165
64
165
64
165
64
166
64
167
64
167
64
166
64
165
64
166
64
165
64
167
64
166
64
166
64
166
64
167
64
167
64
166
64
165
64
167
64
167
64
165
64
165
64
166
64
166
64
165
64
167
64
166
64
165
64
165
64
166
64
165
64
166
64
166
64
166
64
166
64
165
64
166
64
165
64
167
64
167
64
167
64
165
64
166
64
166
64
167
64
166
64
166
64
167
64
166
64
167
64
166
64
166
64
165
64
166
64
165
64
165
64
165
64
167
64
165
64
166
64
167
64
166
64
165
64
165
64
165
64
165
64
167
64
166
64
167
64
167
64
167
64
167
64
165
64
165
64
166
64
165
64
165
64
165
64
167
64
166
64
167
64
165
64
165
64
167
64
165
64
165
64
165
64
166
64
165
64
167
64
166
64
165
64
165
64
167
64
165
64
166
64
167
64
167
64
165
64
165
64
166
64
165
64
165
64
166
64
167
64
166
64
165
64
167
64
167
64
165
64
165
64
166
64
165
64
167
64
167
64
167
64
165
64
166
64
167
64
167
64
166
64
167
64
166
64
166
64
167
64
166
64
166
64
165
64
167
64
167
64
165
64
167
64
167
64
166
64
166
64
167
64
167
64
165
64
167
64
165
64
167
64
165
64
166
64
166
64
166
64
167
64
167
64
167
64
165
64
167
64
166
64
166
64
167
64
166
64
165
64
165
64
165
64
165
64
165
64
166
64
165
64
167
64
167
64
165
64
167
64
166
64
167
64
167
64
167
64
165
64
166
64
167
64
165
64
167
64
166
64
165
64
166
64
166
64
166
64
166
64
166
64
165
64
166
64
167
64
165
64
167
64
165
64
165
64
165
64
165
64
167
64
165
64
167
64
166
64
165
64
166
64
167
64
167
64
166
64
165
64
167
64
167
64
166
64
166
64
166
64
167
64
165
64
165
64
167
64
166
64
167
64
165
64
165
64
165
64
167
64
166
64
167
64
167
64
165
64
165
64
167
64
166
64
166
64
166
64
166
64
167
64
167
64
166
64
167
64
166
64
167
64
165
64
166
64
167
64
166
64
166
64
166
64
166
64
167
64
167
64
165
64
167
64
165
64
165
64
166
64
165
64
167
64
167
64
166
64
167
64
165
64
165
64
165
64
167
64
167
64
167
64
167
64
167
64
167
64
166
64
167
64
165
64
167
64
166
64
165
64
166
64
165
64
165
64
165
64
166
64
165
64
167
64
167
64
167
64
166
64
165
64
165
64
166
64
167
64
167
64
166
64
167
64
166
64
166
64
167
64
166
64
166
64
165
64
165
64
165
64
166
64
167
64
166
64
165
64
166
64
166
64
166
64
167
64
167
64
166
64
167
64
166
64
167
64
165
64
167
64
165
64
167
64
165
64
166
64
167
64
167
64
167
64
167
64
165
64
165
64
165
64
166
64
166
64
166
64
165
64
165
64
167
64
165
64
167
64
166
64
167
64
167
64
166
64
166
64
166
64
165
64
165
64
167
64
165
64
165
64
167
64
167
64
165
64
166
64
165
64
165
64
167
64
166
64
167
64
165
64
165
64
166
64
166
64
166
64
165
64
166
64
167
64
166
64
167
64
167
64
166
64
165
64
167
64
165
64
166
64
165
64
165
64
167
64
165
64
166
64
167
64
166
64
166
64
165
64
165
64
166
64
166
64
166
64
167
64
165
64
166
64
165
64
165
64
167
64
167
64
166
64
166
64
165
64
166
64
167
64
165
64
167
64
166
64
167
64
166
64
165
64
167
64
167
64
166
64
165
64
166
64
166
64
165
64
165
64
166
64
165
64
166
64
165
64
166
64
167
64
166
64
167
64
165
64
166
64
165
64
166
64
166
64
165
64
165
64
165
64
166
64
166
64
166
64
165
64
167
64
165
64
166
64
167
64
165
64
166
64
165
64
167
64
167
64
167
64
165
64
165
64
167
64
165
64
167
64
165
64
166
64
167
64
166
64
166
64
167
64
166
64
166
64
166
64
166
64
165
64
167
64
165
64
165
64
166
64
165
64
166
64
165
64
166
64
166
64
167
64
167
64
165
64
166
64
166
64
166
64
166
64
165
64
165
64
167
64
165
64
167
64
165
64
167
64
166
64
166
64
165
64
167
64
166
64
165
64
167
64
165
64
167
64
166
64
165
64
167
64
167
64
165
64
166
64
165
64
167
64
165
64
167
64
167
64
167
64
165
64
165
64
167
64
166
64
165
64
165
64
165
64
167
64
166
64
165
64
167
64
166
64
167
64
165
64
165
64
167
64
167
64
166
64
165
64
167
64
167
64
167
64
165
64
166
64
166
64
165
64
166
64
165
64
167
64
165
64
165
64
166
64
165
64
165
64
167
64
166
64
166
64
165
64
165
64
167
64
167
64
166
64
167
64
165
64
167
64
165
64
167
64
166
64
166
64
166
64
165
64
165
64
165
64
165
64
166
64
165
64
166
64
167
64
167
64
166
64
166
64
167
64
165
64
165
64
167
64
167
64
166
64
166
64
165
64
165
64
165
64
167
64
165
64
167
64
166
64
165
64
166
64
166
64
167
64
166
64
166
64
167
64
165
64
167
64
166
64
165
64
165
64
167
64
166
64
165
64
166
64
165
64
165
64
167
64
167
64
167
64
166
64
167
64
166
64
165
64
166
64
167
64
165
64
167
64
165
64
166
64
167
64
165
64
166
64
166
64
165
64
165
64
166
64
167
64
165
64
165
64
167
64
167
64
167
64
165
64
166
64
167
64
166
64
167
64
166
64
166
64
166
64
165
64
167
64
166
64
165
64
166
64
166
64
167
64
166
64
167
64
166
64
166
64
167
64
165
64
167
64
165
64
166
64
167
64
166
64
165
64
165
64
165
64
166
64
167
64
167
64
166
64
165
64
165
64
166
64
166
64
166
64
165
64
167
64
166
64
165
64
167
64
166
64
167
64
167
64
167
64
167
64
167
64
165
64
166
64
166
64
166
64
166
64
166
64
167
64
167
64
167
64
165
64
166
64
167
64
167
64
166
64
167
64
165
64
166
64
167
64
165
64
166
64
165
64
167
64
166
64
167
64
165
64
167
64
166
64
165
64
167
64
165
64
167
64
167
64
167
64
166
64
167
64
167
64
166
64
165
