128
127
126
127
127
126
125
125
125
124
125
124
125
124
123
125
126
127
127
127
127
128
129
129
128
128
128
129
130
128
129
130
130
130
130
130
131
132
132
132
130
131
132
130
130
129
129
127
126
126
126
125
126
125
127
127
126
125
125
126
126
125
126
125
126
126
127
127
127
127
127
126
127
127
127
126
126
126
128
129
128
127
128
127
126
125
126
125
124
123
123
124
124
123
123
125
124
123
123
124
125
124
124
124
124
123
125
124
124
124
124
123
122
122
122
123
124
123
122
122
121
122
123
123
122
124
124
123
122
121
123
123
124
126
127
127
127
128
128
127
128
128
127
127
128
128
129
130
130
131
132
131
132
133
134
134
132
131
133
135
136
135
137
137
136
137
138
139
138
138
137
136
136
135
136
135
136
137
135
135
135
136
138
138
138
140
139
139
140
139
140
140
139
140
141
140
140
139
139
139
140
141
143
143
142
144
144
145
145
144
143
143
142
142
141
143
143
144
144
145
145
145
144
146
146
147
147
148
149
148
149
151
152
152
153
153
154
155
154
152
152
152
152
153
155
155
155
155
155
155
156
157
155
155
156
156
158
158
159
158
158
157
156
156
157
156
155
153
152
155
155
154
155
157
156
156
156
156
156
156
155
158
158
157
157
158
160
159
159
160
159
159
162
161
161
160
160
160
160
160
160
160
159
158
161
162
162
163
164
163
163
162
163
164
162
162
163
165
165
164
164
165
164
165
164
163
164
166
166
167
167
167
167
167
165
164
166
167
168
169
169
168
168
169
169
167
168
169
168
168
169
168
169
170
168
167
166
166
168
167
167
167
166
167
166
166
169
170
170
171
170
170
170
170
171
171
172
172
172
173
173
171
170
171
171
170
171
171
173
172
171
170
171
172
171
172
174
174
175
175
175
176
174
174
172
172
172
173
174
173
172
173
172
173
171
171
172
172
173
172
173
173
173
172
172
173
175
174
173
173
174
174
175
175
175
175
176
175
175
175
175
174
175
175
174
175
174
173
172
172
174
174
174
174
175
174
174
174
175
177
179
180
179
178
178
177
179
181
182
183
182
182
181
181
182
181
181
180
180
179
180
180
182
181
182
181
181
181
181
181
183
183
183
183
184
184
185
183
184
185
185
186
185
185
183
183
183
183
183
183
184
183
182
182
183
184
184
183
183
182
180
180
180
182
181
182
183
183
183
183
184
184
185
184
185
185
184
182
183
183
184
183
183
183
182
181
181
182
182
181
181
182
183
181
183
183
184
183
184
183
182
180
182
184
184
185
185
185
184
185
184
183
184
185
184
184
184
183
182
182
183
182
182
182
182
180
181
183
184
185
186
184
183
183
184
185
185
186
187
185
185
183
185
184
185
186
184
185
185
185
186
185
185
184
185
185
184
183
184
183
183
182
181
181
180
180
182
183
185
186
185
184
182
182
181
183
182
183
182
182
182
183
184
184
185
185
185
183
184
182
183
183
185
184
183
183
184
183
183
183
185
184
184
185
184
184
185
185
186
184
185
186
185
184
186
186
186
187
185
186
185
185
187
186
186
186
186
184
182
181
183
184
184
183
182
181
179
180
182
184
185
184
184
182
183
183
185
185
185
184
184
183
182
181
181
182
184
184
185
184
185
185
186
185
184
184
185
184
183
182
182
184
185
184
185
184
183
182
184
183
185
185
183
183
182
181
182
183
182
183
183
183
182
180
182
183
184
185
185
185
185
184
184
183
183
183
182
182
182
181
181
181
182
182
183
181
182
181
183
182
184
185
186
184
184
183
184
185
185
184
185
184
184
184
184
185
186
185
186
185
184
184
186
187
188
187
186
185
185
184
184
183
182
183
184
184
184
184
185
185
185
184
184
185
183
181
183
183
183
184
185
184
183
184
184
186
187
187
187
185
185
185
185
186
185
184
185
185
184
182
184
185
184
185
186
186
185
185
186
188
188
186
186
186
186
186
185
184
185
184
184
184
185
184
183
185
185
186
185
183
183
181
181
181
182
182
181
181
180
179
181
182
183
184
182
182
183
181
183
185
184
183
183
183
182
181
183
184
184
183
184
183
184
182
183
184
184
184
184
183
184
182
184
185
185
185
186
185
185
184
185
186
186
185
186
185
185
184
183
185
185
185
184
184
185
184
185
185
184
184
183
182
182
181
183
182
182
182
182
183
182
181
183
184
185
185
185
185
183
183
182
183
184
185
185
184
183
182
182
183
184
183
183
184
182
182
183
182
182
182
182
181
180
179
181
182
183
182
181
180
180
180
180
182
183
183
183
182
181
182
182
181
181
180
180
179
180
179
180
181
180
180
180
179
178
178
179
180
180
180
179
180
178
179
180
181
183
183
183
182
181
181
181
183
182
182
181
182
182
180
181
181
182
181
180
181
181
181
182
183
183
184
183
182
181
179
179
181
181
180
179
180
180
181
183
183
183
183
183
184
182
181
183
183
182
182
181
182
183
181
181
183
182
181
180
180
180
179
179
179
181
182
180
181
180
180
180
180
180
180
181
181
179
178
179
179
180
179
178
176
176
176
178
177
176
176
175
175
175
174
174
173
173
172
172
171
170
169
168
169
171
170
169
169
169
167
166
166
167
167
166
165
165
163
164
164
163
162
164
163
162
162
164
165
166
167
166
164
163
162
164
163
162
162
161
160
161
161
162
163
164
164
163
162
163
164
163
164
163
164
162
162
162
162
163
162
160
161
160
160
159
160
160
159
158
159
161
161
160
161
160
160
159
161
163
164
163
163
163
161
162
162
163
165
164
164
162
162
164
163
162
163
164
163
165
165
164
164
165
165
163
164
166
167
167
166
167
167
167
166
167
166
165
164
165
166
165
166
165
166
168
168
169
169
168
168
168
169
170
171
172
172
172
173
173
173
172
172
172
172
172
172
172
173
174
174
175
176
175
174
176
175
175
175
175
175
175
176
177
178
177
176
178
178
178
178
179
179
179
178
178
177
176
175
177
178
179
180
180
180
180
180
179
178
180
180
180
181
182
181
181
181
181
181
183
184
183
183
184
185
187
186
185
184
186
186
188
186
187
186
188
189
190
188
187
187
188
188
188
188
188
188
189
190
191
64
75
84
95
104
112
119
125
130
137
144
149
152
154
158
161
164
168
169
170
172
174
176
179
180
180
179
182
184
184
185
184
185
187
187
186
187
187
187
189
189
188
187
187
187
187
188
188
187
188
187
187
187
189
189
187
187
187
189
188
189
188
187
189
189
190
189
188
187
189
191
64
76
86
96
107
117
124
132
136
141
148
153
158
160
162
163
166
169
172
174
175
175
177
180
180
181
183
184
185
187
189
188
189
189
189
191
190
191
190
190
191
64
77
89
97
105
114
123
129
134
139
142
148
151
156
158
161
164
169
171
173
175
175
175
176
179
180
181
181
182
183
184
186
187
188
186
186
186
187
185
185
185
185
186
185
185
185
183
184
183
183
182
181
181
182
182
183
182
182
181
181
180
179
177
177
175
172
173
172
170
169
168
168
165
165
164
162
160
160
158
155
156
157
156
155
155
153
151
149
150
149
148
147
146
144
144
145
144
144
143
140
138
137
135
135
134
132
130
128
125
124
125
124
124
122
120
120
118
116
115
114
112
111
110
109
109
107
105
107
107
107
107
105
105
103
104
104
105
104
103
103
104
102
101
101
102
100
101
99
98
97
96
96
97
97
96
97
96
96
96
95
97
98
98
98
98
97
95
94
94
96
97
96
97
96
96
96
96
96
97
97
97
95
95
95
95
94
96
95
95
96
95
96
95
93
93
94
94
95
95
94
92
92
94
94
95
94
95
94
94
94
95
96
97
97
95
94
94
93
93
93
92
91
92
93
92
90
93
93
93
95
94
94
94
93
95
97
98
97
96
97
97
96
98
98
97
98
98
98
98
98
99
98
98
99
99
100
99
97
99
100
101
102
101
99
97
98
99
98
97
96
95
95
94
92
92
94
93
95
95
94
93
93
94
95
97
98
97
97
95
96
98
99
99
98
99
98
99
98
100
100
101
102
102
103
102
101
101
102
102
101
100
98
98
99
98
99
98
98
97
95
94
94
95
96
95
94
94
95
95
95
96
98
98
97
98
97
96
94
94
96
95
95
97
97
96
95
96
97
96
96
94
95
95
95
96
97
96
95
96
97
96
96
96
97
97
97
97
96
94
92
93
93
92
92
91
92
91
90
92
94
94
94
95
96
95
94
95
96
96
97
96
96
94
94
96
96
97
97
98
99
97
96
98
100
100
99
99
98
96
95
97
99
99
98
99
98
99
100
101
103
103
103
104
103
101
102
102
102
102
103
102
103
104
103
104
105
105
105
106
105
104
103
105
105
106
107
105
104
103
102
102
103
102
103
103
104
104
103
103
102
102
101
99
98
98
97
98
98
99
99
98
96
95
94
96
95
95
94
94
93
92
92
93
94
92
93
93
92
91
90
91
93
94
94
93
94
93
93
95
96
97
99
97
97
97
97
98
99
99
100
99
100
98
98
99
100
100
99
97
98
96
97
96
98
98
99
100
100
99
97
98
98
98
98
99
99
98
98
99
98
99
99
99
98
97
96
95
94
95
94
93
92
90
89
87
88
89
90
89
88
86
87
86
88
88
88
87
86
85
84
84
85
86
88
88
89
89
88
88
90
90
91
91
93
94
94
95
96
96
95
94
94
93
93
92
92
94
93
92
93
91
90
90
91
90
90
90
91
90
88
89
90
90
91
91
92
91
92
91
91
91
92
91
92
93
93
92
92
92
91
91
90
90
89
89
90
90
90
91
92
93
91
90
90
91
90
90
91
92
93
91
91
92
94
92
91
91
90
90
92
91
91
90
90
91
92
91
91
93
94
94
95
95
94
93
94
95
95
94
95
95
94
92
92
92
92
92
91
92
91
90
93
95
97
96
97
98
99
99
99
99
98
98
99
98
97
95
95
96
98
97
96
96
95
95
94
93
94
94
93
91
91
92
91
92
94
94
95
95
95
95
93
94
94
93
92
92
91
90
90
91
91
92
93
95
95
96
95
96
96
98
98
99
97
97
97
99
99
100
99
100
99
98
96
98
98
98
99
97
96
96
97
96
96
95
97
96
94
95
95
96
95
96
95
96
96
96
94
96
97
97
96
96
95
95
95
96
97
97
98
96
96
94
94
96
95
96
95
94
92
93
93
95
94
93
93
92
91
91
92
93
94
94
93
94
93
93
91
93
94
95
93
92
93
92
92
90
90
92
92
91
90
90
90
90
92
91
91
90
89
88
87
85
87
87
88
87
88
87
86
85
83
85
85
85
85
84
83
84
84
86
87
88
88
89
89
89
87
86
87
88
89
88
87
85
84
82
84
83
83
84
84
83
84
85
87
89
90
89
90
90
89
89
91
91
91
92
91
92
93
93
93
95
96
97
98
98
98
97
97
98
99
100
99
98
96
96
97
98
98
97
96
94
92
91
93
92
91
91
89
88
88
87
87
88
88
87
87
88
87
88
90
91
91
92
93
94
94
92
93
93
93
93
94
95
96
95
97
98
97
98
99
97
96
96
98
98
97
97
97
95
95
93
92
92
93
94
95
93
91
92
92
93
92
92
91
91
89
89
89
90
91
93
92
92
93
91
92
93
94
96
96
95
95
93
95
96
97
96
95
95
95
94
94
95
97
96
96
97
96
96
97
98
97
98
98
98
96
95
96
97
96
96
96
95
94
92
94
95
95
96
97
95
93
91
91
91
90
91
92
92
92
90
88
87
89
89
88
88
87
88
89
87
88
90
91
90
91
90
91
91
91
93
93
93
94
94
94
94
93
93
91
92
92
91
89
89
88
88
89
89
89
88
88
88
89
89
88
89
90
91
90
90
89
88
88
88
87
87
87
86
86
86
88
87
88
89
89
87
87
85
84
84
84
83
84
85
84
84
85
86
87
89
89
87
86
86
84
87
86
87
86
87
87
86
85
86
87
88
88
88
87
88
88
90
91
91
90
90
91
92
92
92
93
94
94
95
93
92
90
91
91
93
93
92
93
93
93
95
95
94
93
92
92
92
90
90
91
91
90
91
89
87
86
86
86
87
89
89
88
89
89
89
89
90
89
89
90
90
89
88
89
90
90
89
88
88
87
87
89
90
92
91
90
90
89
87
87
89
89
88
87
88
87
88
88
89
90
91
91
92
92
93
94
94
94
95
96
95
94
92
93
94
95
95
96
95
93
91
91
90
90
90
89
90
89
90
91
90
90
91
91
92
93
92
93
94
93
93
92
93
92
91
91
91
92
94
93
93
93
92
94
95
95
95
94
94
93
93
93
94
94
94
94
94
95
93
95
97
99
98
98
98
96
95
95
96
96
97
98
96
96
95
95
97
97
98
98
99
98
97
98
99
100
98
97
97
96
95
95
96
95
95
95
95
95
93
93
93
92
92
93
92
93
93
92
93
94
94
95
95
95
95
94
95
96
95
95
93
92
91
92
92
91
92
93
91
91
91
91
92
91
92
92
91
92
91
91
90
91
92
92
91
92
92
93
94
93
93
94
93
94
92
91
92
91
90
91
90
91
91
91
93
92
92
91
90
89
89
90
91
92
92
91
92
92
91
92
91
92
91
91
92
91
89
91
90
91
90
90
89
88
89
91
92
92
93
92
92
93
93
94
94
93
93
92
93
93
94
96
96
97
96
96
95
96
95
96
97
99
99
98
97
95
95
95
95
94
95
96
95
96
95
95
96
96
95
95
95
96
96
95
96
97
97
95
95
93
92
91
90
91
90
90
89
89
88
88
89
89
88
90
89
89
90
92
91
90
91
91
91
91
91
91
93
94
94
94
93
94
93
94
94
94
94
93
94
93
93
94
95
94
93
91
91
92
92
93
95
93
92
91
90
89
89
91
93
92
93
92
91
90
90
91
91
91
93
94
94
93
94
96
96
97
98
98
96
97
97
99
99
100
98
99
99
98
98
100
101
100
98
99
98
96
94
97
98
98
97
96
95
96
95
95
97
97
97
96
95
94
95
96
96
96
96
96
94
94
94
94
94
95
95
94
93
93
91
92
94
96
97
96
95
96
97
98
98
98
97
97
97
98
97
97
97
98
98
98
98
97
97
99
101
102
103
103
103
102
101
101
101
100
100
102
101
100
99
100
100
99
101
101
99
99
98
100
100
101
101
101
100
99
98
99
99
101
101
100
100
101
99
98
99
100
101
100
99
98
98
98
98
99
100
100
100
100
100
100
101
101
102
102
101
100
101
102
103
103
103
102
103
103
102
102
104
103
104
105
103
103
101
103
104
103
105
104
105
105
103
105
104
104
105
105
105
105
105
106
105
104
105
103
103
102
102
103
103
104
105
104
103
101
99
99
100
101
100
99
97
97
97
97
97
97
96
96
95
95
94
94
94
95
94
96
95
94
92
93
95
97
98
99
99
99
99
99
98
100
99
98
97
96
94
97
97
98
99
98
98
99
97
97
99
99
99
99
99
98
97
97
97
96
96
97
97
96
95
95
96
98
99
98
99
97
97
97
97
96
97
97
97
97
97
96
96
95
96
95
93
94
93
94
95
94
92
93
92
90
90
90
89
89
90
91
91
90
90
89
89
89
89
89
87
86
86
84
85
87
86
88
88
87
86
85
85
85
85
87
87
89
88
88
87
89
90
90
90
90
91
90
91
91
93
94
93
92
92
92
91
90
91
90
91
92
92
90
90
91
92
92
93
94
93
92
93
92
92
92
91
90
89
89
88
88
88
88
89
89
90
91
90
91
92
94
94
94
93
93
93
94
93
92
92
90
90
90
89
89
88
88
88
88
86
85
85
86
87
86
87
86
87
88
87
88
88
88
89
89
90
90
91
91
92
92
92
92
92
91
91
91
91
92
94
94
94
93
92
91
91
92
93
93
93
92
93
94
94
96
97
97
97
96
95
96
97
98
98
98
97
98
98
99
99
100
100
100
101
99
99
98
97
97
98
99
98
97
98
99
97
98
99
100
99
98
97
96
94
96
96
96
97
97
97
96
95
97
97
97
96
98
97
96
97
99
100
100
100
99
99
98
98
99
99
100
101
100
99
97
96
97
99
100
100
100
101
102
101
100
101
103
103
104
102
100
100
100
99
100
99
99
99
98
96
96
97
98
97
99
97
97
98
97
98
98
99
99
99
99
97
98
99
100
99
98
96
97
95
97
97
97
97
97
96
95
96
97
98
98
99
98
98
97
96
96
96
97
98
97
96
96
95
95
97
98
98
97
96
97
96
97
99
99
99
99
99
99
97
98
99
100
99
98
99
99
100
101
102
101
101
101
102
101
100
102
102
101
102
102
102
101
99
100
102
103
103
104
102
101
100
100
101
101
101
102
100
99
97
98
99
98
99
99
98
97
96
97
96
96
95
95
96
96
94
95
96
95
94
94
94
93
92
92
93
94
93
92
92
91
92
92
91
90
90
91
91
92
91
93
95
95
96
95
93
92
91
93
93
93
92
91
92
91
91
91
90
90
91
91
90
91
90
91
90
91
91
90
91
91
90
88
88
90
90
91
90
89
88
89
90
91
90
89
89
88
87
86
87
87
87
87
87
88
89
90
90
90
90
89
89
89
87
88
90
91
90
89
88
89
89
90
91
92
92
91
91
90
90
90
91
91
91
92
90
90
89
88
86
87
86
88
86
87
88
89
87
89
89
89
89
90
89
87
86
88
89
90
91
92
91
91
92
92
93
94
93
93
91
92
93
94
94
93
92
92
91
92
90
91
90
91
90
92
90
89
89
89
90
90
91
91
90
89
90
91
91
93
92
93
92
93
92
93
94
93
95
93
93
93
91
92
92
92
92
92
93
94
94
95
94
94
93
94
93
94
93
95
97
98
99
99
98
96
97
99
99
100
100
101
100
99
98
98
98
97
97
96
96
96
95
96
96
98
98
97
96
97
96
97
97
98
97
97
96
95
94
95
96
96
95
96
95
95
95
97
99
100
100
100
99
97
97
98
98
97
98
97
97
97
97
98
99
100
100
98
97
95
94
94
95
95
95
96
96
96
96
95
97
98
98
97
97
95
94
95
94
96
94
95
95
95
94
94
94
95
95
95
95
95
93
95
94
93
92
91
91
92
92
94
93
93
92
92
91
90
89
89
91
91
90
89
89
89
90
92
93
94
94
94
95
95
93
94
94
94
94
93
92
91
89
88
88
88
87
88
88
87
88
86
85
85
84
86
87
87
86
84
85
85
87
87
88
88
87
86
85
85
85
86
87
86
87
88
86
85
86
87
87
86
86
86
86
86
86
88
90
89
90
89
90
90
92
92
92
92
93
93
94
92
93
93
94
93
92
92
92
92
94
95
97
97
97
95
95
93
95
95
95
95
95
95
95
94
95
94
93
92
93
94
94
93
94
94
93
93
94
95
95
93
94
95
95
96
97
96
96
95
97
98
97
96
96
95
95
95
97
97
97
97
95
95
95
96
96
96
95
94
94
94
93
93
94
95
94
95
95
94
95
95
95
94
96
94
95
