127
126
126
127
128
127
127
127
128
127
126
125
124
124
123
124
125
124
125
125
125
126
126
128
128
127
127
126
126
126
126
125
125
124
125
126
127
128
129
128
128
127
128
129
127
128
128
128
127
127
126
126
126
126
126
126
125
124
125
126
126
125
127
128
127
127
128
129
130
130
131
130
131
130
129
128
128
129
129
129
127
128
127
128
129
130
129
129
129
127
127
126
126
126
126
127
128
129
129
130
131
131
132
132
133
131
130
129
128
129
128
127
126
125
126
127
126
126
125
125
126
127
128
128
129
128
128
127
128
127
128
127
127
126
125
126
125
127
128
129
129
129
128
128
129
130
131
129
130
129
130
130
130
131
130
130
130
129
128
128
129
129
128
129
128
127
127
128
129
129
128
127
127
128
128
127
128
128
127
126
127
127
128
129
128
128
128
128
127
126
126
126
127
126
125
126
125
125
126
127
126
128
129
128
128
127
126
126
127
126
125
124
123
124
123
125
126
126
126
127
126
127
127
128
129
130
130
130
129
129
130
131
131
132
131
129
129
128
128
127
127
128
129
128
128
127
126
126
125
126
127
127
127
127
127
127
126
127
128
127
127
128
129
130
128
129
130
131
130
129
129
130
131
131
132
131
129
128
127
128
127
128
129
130
129
130
130
129
130
131
129
130
129
130
129
128
129
129
129
129
130
129
130
130
130
129
127
128
127
126
126
126
127
126
127
128
129
130
131
130
130
131
130
129
130
131
130
131
131
129
129
128
127
126
127
127
128
128
127
128
127
127
126
125
126
127
128
128
129
130
128
128
129
129
130
129
130
130
129
130
129
129
129
129
130
130
131
130
131
130
129
128
127
127
128
129
130
129
130
129
128
129
129
129
128
128
129
129
128
129
128
128
127
126
127
127
127
128
127
127
127
126
126
128
127
128
127
126
127
127
128
127
126
126
127
128
127
127
127
126
126
127
127
126
126
127
126
125
124
124
123
124
124
124
124
125
124
125
126
126
126
127
127
128
127
127
126
127
127
126
128
127
128
127
127
128
128
129
130
129
128
127
127
126
125
127
128
129
130
130
129
130
129
130
128
129
128
127
127
128
128
128
128
127
126
126
125
125
126
127
126
127
126
125
125
127
128
127
127
126
126
126
127
126
125
126
125
124
124
126
125
125
124
126
126
126
126
125
126
126
127
128
127
126
126
125
126
127
128
129
128
127
126
127
126
125
126
126
127
127
126
127
127
126
126
125
127
128
129
127
127
127
127
126
126
125
124
123
125
124
125
127
128
127
126
127
128
129
130
130
130
131
130
131
130
129
129
129
130
128
128
129
130
130
131
130
129
130
129
129
129
128
129
129
128
129
130
130
129
129
130
131
129
129
128
127
128
129
130
130
128
127
127
128
128
129
128
127
127
127
128
129
128
129
130
128
129
130
129
130
130
128
127
127
127
126
127
126
128
129
128
129
129
129
128
127
128
127
126
127
128
127
128
127
126
127
128
128
129
129
129
130
130
129
129
128
128
129
129
128
128
127
126
125
125
126
127
127
126
128
127
127
126
126
125
124
124
123
123
123
123
123
124
124
125
126
127
128
127
127
126
125
127
126
125
125
125
125
125
126
127
126
127
128
128
129
128
127
126
125
124
124
125
126
126
126
125
126
125
126
127
126
125
124
124
126
127
128
128
127
128
127
126
125
125
126
126
125
126
127
128
127
127
128
127
127
128
129
128
129
130
131
130
129
130
130
130
131
130
129
128
129
130
131
131
131
132
131
131
131
131
131
130
130
129
129
130
131
129
129
128
129
129
130
129
129
130
130
130
128
129
128
128
127
128
127
127
127
128
128
128
128
127
126
127
126
127
127
126
126
126
127
127
128
127
128
129
128
129
129
127
128
129
128
128
127
128
127
128
129
130
130
129
128
128
129
128
127
126
127
126
125
125
125
126
126
125
126
125
126
125
124
125
126
125
126
127
127
128
127
127
126
126
125
126
125
124
125
126
125
124
125
125
126
126
125
125
125
126
127
128
128
127
127
126
126
126
127
128
128
129
130
129
129
130
131
129
129
128
128
129
128
128
128
127
127
127
128
129
128
128
129
130
130
130
131
131
131
131
131
131
131
131
132
132
132
131
130
129
130
129
129
127
128
127
128
128
128
128
127
126
126
125
125
125
125
124
126
125
124
125
127
128
128
127
128
129
129
130
128
129
130
130
131
130
131
131
131
132
133
133
133
134
133
132
132
132
130
130
131
131
131
132
131
131
132
131
132
132
131
132
132
133
132
131
129
128
128
129
129
128
129
128
128
128
127
128
127
128
128
129
130
129
129
128
127
127
128
129
130
129
129
127
127
126
126
125
125
126
126
125
127
128
128
127
128
129
128
128
129
128
127
128
129
129
129
130
129
129
129
128
129
128
129
128
128
129
128
129
129
127
128
127
127
126
126
125
124
124
125
126
127
126
125
124
126
126
125
124
125
126
125
125
125
126
126
125
125
125
126
127
127
126
127
126
126
128
128
127
126
125
126
125
125
125
124
125
126
127
127
126
127
127
128
127
126
125
126
127
127
128
127
128
129
128
129
130
128
127
128
127
127
126
125
127
126
127
126
125
125
126
127
126
127
127
128
128
128
127
127
126
125
124
124
123
125
124
123
125
125
126
127
126
125
125
124
125
125
125
126
126
125
127
127
127
128
127
126
126
126
126
125
125
126
125
126
126
126
127
128
128
127
126
127
127
127
127
126
127
127
126
127
126
127
128
127
127
127
127
128
128
128
128
128
129
128
127
128
128
128
128
129
130
128
128
127
128
128
128
127
127
127
128
129
129
130
131
131
131
132
131
132
132
133
131
131
130
128
128
129
130
130
130
129
129
128
129
130
131
131
131
130
130
131
132
130
130
129
130
129
129
128
129
128
127
128
129
129
129
128
128
129
130
130
130
130
130
129
129
128
128
128
127
126
127
128
127
127
128
128
128
127
128
127
127
126
126
126
125
125
126
127
126
126
125
127
127
128
127
128
127
127
128
128
128
129
130
130
129
130
130
131
131
131
132
132
133
132
133
132
131
131
132
131
130
129
129
129
129
128
129
130
131
132
130
130
129
130
128
127
127
128
128
127
128
127
130
132
132
133
135
136
137
138
140
140
140
140
140
141
140
142
145
147
149
150
152
154
155
156
155
155
156
156
158
159
161
163
165
167
166
167
166
167
170
173
175
175
176
178
180
180
180
183
185
187
189
191
191
64
77
89
100
112
122
131
137
145
150
154
160
166
172
176
180
184
187
189
64
79
94
106
117
127
136
147
155
163
169
177
183
187
64
81
96
110
122
135
146
158
167
177
183
189
64
83
101
117
132
143
156
168
178
187
64
82
102
121
137
152
163
173
183
64
85
105
121
139
153
168
180
189
64
86
107
127
143
159
174
187
64
86
109
129
148
164
178
191
64
89
111
132
152
170
184
64
90
115
137
156
173
187
64
91
115
137
155
172
188
64
91
115
139
158
176
190
64
91
115
138
158
175
64
92
118
140
159
179
64
92
118
141
162
180
64
92
117
140
161
180
64
93
121
143
163
184
64
94
122
146
170
189
64
96
125
150
172
64
95
122
148
173
64
94
124
150
175
64
94
125
151
176
64
98
128
154
179
64
98
129
156
180
64
98
127
155
181
64
98
128
156
182
64
100
131
159
185
64
98
131
159
186
64
98
130
160
187
64
99
133
162
189
64
99
134
165
64
102
135
165
64
101
135
168
64
102
138
169
64
103
140
171
64
104
139
172
64
104
140
174
64
105
143
176
64
104
140
175
64
104
143
178
64
106
144
177
64
106
146
180
64
106
147
183
64
108
146
181
64
109
147
183
64
108
150
186
64
109
150
186
64
107
146
183
64
108
148
185
64
109
149
185
64
109
151
188
64
109
151
187
64
111
152
190
64
109
151
188
64
109
151
189
64
110
153
191
64
109
150
187
64
111
154
191
64
112
155
64
111
153
189
64
110
151
190
64
110
152
190
64
113
155
64
112
154
191
64
112
155
64
112
155
64
110
152
190
64
113
155
64
113
157
64
114
158
64
112
154
64
112
156
64
114
158
64
116
162
64
117
163
64
116
164
64
119
166
64
117
167
64
120
169
64
118
171
64
122
174
64
119
171
64
122
173
64
121
175
64
123
176
64
122
175
64
123
177
64
123
178
64
126
180
64
126
183
64
127
181
64
124
182
64
128
184
64
126
183
64
126
183
64
128
185
64
127
184
64
126
184
64
130
187
64
127
186
64
129
186
64
128
188
64
130
189
64
129
190
64
131
190
64
129
190
64
130
190
64
131
190
64
132
64
130
189
64
130
64
129
191
64
131
190
64
131
64
131
191
64
131
64
132
64
132
191
64
131
64
131
64
131
64
130
64
131
64
132
64
131
64
130
64
132
64
132
64
132
64
133
64
133
64
133
64
131
64
133
64
132
64
132
64
133
64
131
64
131
64
131
64
133
64
131
64
131
64
131
64
131
64
131
64
131
64
133
64
132
64
132
64
134
64
133
64
132
64
132
64
133
64
134
64
133
64
133
64
134
64
133
64
134
64
132
64
132
64
134
64
132
64
134
64
133
64
132
64
134
64
132
64
133
64
134
64
133
64
133
64
134
64
132
64
134
64
134
64
132
64
132
64
134
64
133
64
134
64
132
64
133
64
132
64
133
64
134
64
132
64
132
64
134
64
132
64
133
64
133
64
133
64
132
64
134
64
133
64
133
64
134
64
133
64
132
64
132
64
134
64
132
64
132
64
134
64
134
64
134
64
132
64
132
64
134
64
132
64
134
64
134
64
132
64
134
64
133
64
133
64
134
64
132
64
134
64
133
64
132
64
133
64
132
64
132
64
134
64
134
64
133
64
133
64
132
64
132
64
134
64
134
64
133
64
132
64
132
64
132
64
132
64
134
64
132
64
132
64
134
64
133
64
133
64
133
64
133
64
134
64
134
64
134
64
133
64
133
64
132
64
134
64
133
64
134
64
133
64
132
64
132
64
133
64
134
64
132
64
134
64
133
64
134
64
132
64
134
64
132
64
132
64
134
64
133
64
133
64
134
64
133
64
134
64
133
64
132
64
133
64
133
64
134
64
134
64
133
64
134
64
134
64
133
64
132
64
133
64
133
64
132
64
134
64
133
64
132
64
133
64
133
64
134
64
133
64
132
64
132
64
132
64
132
64
133
64
134
64
134
64
133
64
134
64
132
64
134
64
132
64
132
64
132
64
133
64
132
64
133
64
133
64
134
64
133
64
133
64
134
64
133
64
132
64
134
64
133
64
133
64
134
64
133
64
134
64
133
64
133
64
134
64
132
64
134
64
132
64
133
64
133
64
134
64
132
64
134
64
133
64
132
64
132
64
133
64
133
64
134
64
134
64
134
64
133
64
132
64
133
64
132
64
132
64
134
64
132
64
132
64
134
64
132
64
132
64
134
64
133
64
134
64
133
64
134
64
133
64
134
64
134
64
132
64
132
64
134
64
134
64
132
64
134
64
134
64
133
64
133
64
133
64
133
64
132
64
133
64
133
64
134
64
134
64
132
64
133
64
134
64
132
64
132
64
132
64
132
64
133
64
132
64
133
64
133
64
133
64
134
64
134
64
134
64
133
64
133
64
132
64
132
64
134
64
132
64
133
64
132
64
133
64
133
64
133
64
132
64
134
64
133
64
132
64
133
64
132
64
133
64
134
64
133
64
132
64
133
64
134
64
134
64
133
64
133
64
134
64
133
64
132
64
133
64
133
64
132
64
133
64
134
64
134
64
133
64
133
64
134
64
132
64
132
64
132
64
134
64
134
64
134
64
133
64
132
64
132
64
134
64
132
64
133
64
133
64
132
64
132
64
134
64
134
64
132
64
133
64
133
64
134
64
133
64
134
64
133
64
133
64
134
64
134
64
134
64
133
64
133
64
132
64
134
64
133
64
134
64
132
64
134
64
132
64
132
64
132
64
134
64
134
64
133
64
134
64
132
64
134
64
134
64
133
64
134
64
133
64
132
64
134
64
132
64
132
64
133
64
134
64
134
64
133
64
132
64
133
64
133
64
132
64
132
64
134
64
134
64
133
64
132
64
132
64
133
64
133
64
133
64
134
64
134
64
133
64
134
64
134
64
132
64
133
64
132
64
134
64
134
64
133
64
132
64
133
64
134
64
134
64
132
64
132
64
134
64
133
64
132
64
133
64
133
64
134
64
132
64
132
64
133
64
132
64
133
64
134
64
132
64
132
64
133
64
132
64
132
64
133
64
132
64
133
64
133
64
133
64
132
64
132
64
133
64
134
64
132
64
134
64
133
64
132
64
134
64
134
64
132
64
133
64
132
64
134
64
134
64
132
64
133
64
133
64
133
64
134
64
134
64
133
64
132
64
133
64
134
64
133
64
133
64
134
64
134
64
133
64
134
64
133
64
132
64
133
64
134
64
133
64
132
64
134
64
132
64
133
64
133
64
132
64
133
64
132
64
134
64
134
64
132
64
134
64
134
64
134
64
134
64
132
64
132
64
133
64
132
64
133
64
133
64
132
64
134
64
134
64
132
64
133
64
132
64
132
64
132
64
132
64
134
64
134
64
134
64
134
64
133
64
132
64
132
64
134
64
133
64
134
64
134
64
134
64
134
64
132
64
132
64
132
64
133
64
133
64
133
64
134
64
134
64
133
64
133
64
132
64
132
64
134
64
132
64
133
64
132
64
133
64
134
64
134
64
132
64
134
64
132
64
134
64
132
64
132
64
133
64
132
64
132
64
133
64
132
64
132
64
134
64
132
64
132
64
134
64
132
64
133
64
133
64
132
64
134
64
132
64
132
64
132
64
133
64
134
64
133
64
133
64
133
64
133
64
132
64
133
64
132
64
133
64
132
64
134
64
134
64
132
64
133
64
133
64
133
64
133
64
132
64
132
64
132
64
133
64
132
64
132
64
134
64
132
64
133
64
132
64
132
64
134
64
133
64
133
64
133
64
134
64
134
64
132
64
134
64
133
64
134
64
134
64
132
64
132
64
134
64
134
64
133
64
133
64
133
64
134
64
133
64
132
64
132
64
133
64
134
64
134
64
132
64
133
64
134
64
133
64
134
64
132
64
133
64
132
64
133
64
134
64
133
64
133
64
132
64
134
64
134
64
134
64
132
64
134
64
132
64
133
64
134
64
134
64
133
64
133
64
132
64
133
64
132
64
133
64
134
64
132
64
133
64
134
