129
129
128
127
127
126
126
127
126
127
128
129
130
129
129
130
131
129
128
129
128
128
127
126
126
126
127
126
126
128
127
127
127
127
128
129
129
130
129
128
129
129
128
128
128
127
127
127
128
127
127
126
127
127
127
128
127
127
128
128
129
128
128
127
128
127
126
125
124
124
125
125
125
125
126
126
126
127
127
126
128
127
126
127
127
128
128
128
129
129
129
129
130
131
130
129
129
130
130
129
128
128
129
130
131
132
131
131
130
131
130
131
130
131
130
130
129
128
129
128
127
128
128
128
127
128
129
130
129
128
129
129
129
130
129
130
130
130
130
128
128
128
128
127
126
126
127
127
126
125
125
125
126
126
126
127
127
127
126
125
125
126
127
127
128
127
126
127
127
127
127
128
129
130
129
129
128
129
128
128
129
128
127
126
125
124
124
124
125
126
126
125
124
125
125
126
126
126
126
127
126
125
124
123
124
125
124
126
127
128
128
129
128
128
127
126
127
127
127
127
127
128
128
129
130
129
128
129
127
127
128
127
127
128
127
127
127
128
128
129
128
128
128
128
127
126
127
127
127
127
128
128
127
127
128
128
128
129
130
130
130
130
131
132
131
130
129
127
126
128
127
127
126
125
124
124
124
125
125
125
125
124
125
126
125
126
127
127
126
126
127
126
126
127
128
128
127
128
127
127
128
127
128
129
128
127
127
128
128
127
126
127
126
126
125
127
127
127
128
129
130
129
130
129
128
128
128
128
129
128
128
127
128
128
129
128
128
127
128
129
127
128
129
128
127
126
125
126
126
126
125
126
127
127
126
128
127
126
125
125
124
124
124
124
125
125
124
125
124
123
125
126
127
126
126
126
125
125
124
123
124
123
125
125
126
125
126
127
128
129
128
127
127
128
128
128
128
127
128
129
129
127
127
128
127
128
128
129
128
127
126
127
128
128
128
128
129
129
128
127
126
126
127
127
126
126
125
126
127
126
127
128
128
129
130
130
128
129
129
129
130
131
130
131
130
128
129
130
129
129
129
128
129
128
129
129
129
129
128
129
129
127
126
126
125
124
125
127
127
128
128
128
128
128
129
129
129
129
130
129
128
127
126
127
126
125
126
127
128
129
129
128
129
129
130
128
129
128
128
128
129
130
130
129
130
130
131
130
131
130
130
128
129
128
128
128
127
126
127
128
127
127
128
128
127
128
127
128
129
130
131
129
128
127
128
127
128
128
129
130
131
129
130
129
129
129
129
128
128
127
128
128
127
126
125
126
128
129
128
128
127
127
128
127
128
129
129
129
128
128
128
127
126
126
125
124
126
125
124
123
123
124
126
125
125
126
126
126
126
126
126
127
127
126
126
127
126
127
126
127
127
128
129
128
128
128
128
127
126
127
127
126
125
125
127
128
129
129
129
128
127
128
128
127
128
129
130
130
128
128
129
128
128
127
126
127
126
126
126
126
127
126
126
126
125
125
124
123
123
124
125
127
126
127
126
126
127
128
128
129
128
128
128
128
128
127
128
127
126
126
126
127
127
126
125
126
126
126
125
125
125
125
124
123
125
126
127
127
126
127
128
129
130
131
131
129
130
129
128
129
129
127
127
126
126
127
126
127
127
128
127
128
129
129
129
130
128
127
126
125
127
127
128
127
127
126
126
125
126
127
128
128
128
129
127
128
127
127
128
128
129
130
130
131
130
131
130
130
129
130
131
130
131
131
130
130
131
130
129
128
127
128
129
128
127
126
125
124
124
124
123
124
125
126
128
129
128
128
129
128
129
129
128
129
129
129
129
129
130
129
128
128
127
127
126
126
125
126
125
126
125
125
124
126
125
126
127
128
128
127
128
128
129
130
130
128
128
128
129
130
131
131
131
130
128
129
130
129
128
129
129
129
127
126
127
126
125
126
127
127
128
129
130
130
130
128
129
129
128
127
128
129
129
129
128
127
127
127
126
127
127
128
127
127
126
125
126
128
128
127
126
127
128
128
127
126
127
127
128
128
128
129
128
129
130
130
131
130
130
129
128
129
128
129
130
129
128
128
129
129
128
128
129
130
130
130
130
131
131
132
133
133
131
131
132
132
131
130
129
128
127
127
126
126
125
126
127
127
128
128
129
128
129
129
127
128
128
127
127
126
126
128
127
126
125
125
124
126
125
124
123
124
124
125
126
126
127
127
128
129
130
129
128
127
128
128
128
129
129
128
128
128
128
129
129
130
130
130
130
131
130
131
130
129
129
129
130
130
130
129
128
129
130
131
131
132
132
130
129
128
128
127
126
127
126
125
126
128
128
128
129
128
128
129
128
128
128
129
130
129
128
128
127
128
129
130
129
129
130
128
127
127
127
128
129
128
129
130
130
129
129
128
127
128
128
127
128
127
126
126
125
126
126
126
127
127
127
126
126
125
125
126
126
125
126
126
126
126
127
128
129
129
129
129
129
128
129
129
128
128
128
127
128
127
127
126
127
128
128
129
128
127
127
126
126
125
126
128
127
126
126
126
127
128
127
127
126
125
127
128
129
130
130
131
132
130
131
131
131
131
130
130
131
132
130
129
128
129
128
128
127
126
127
128
129
128
129
129
128
129
127
128
128
129
129
129
130
130
129
130
131
132
132
132
130
131
131
131
131
131
129
128
127
128
129
128
129
128
129
129
129
130
130
129
128
127
128
127
128
129
130
129
128
129
128
127
128
127
126
125
126
125
125
126
125
124
124
123
125
124
124
124
123
122
122
122
122
124
123
123
125
125
125
126
126
125
125
126
127
128
129
129
128
129
130
130
129
128
127
128
129
130
131
130
129
130
129
128
127
127
126
126
127
126
126
126
125
126
125
125
124
125
126
127
128
127
127
128
127
126
126
125
125
126
125
124
125
124
125
124
125
124
124
126
126
127
127
127
128
128
127
127
128
129
129
128
128
128
128
127
128
127
126
126
125
126
125
126
125
126
127
127
127
126
126
128
128
129
128
127
128
128
127
127
126
127
128
129
130
131
130
130
130
129
129
128
127
127
126
126
125
125
127
127
126
126
127
127
126
126
126
128
129
129
129
130
129
129
128
129
128
129
128
128
129
128
128
128
127
127
128
129
128
129
128
128
128
128
129
127
126
126
127
126
126
127
128
129
128
127
127
127
127
128
129
128
127
126
126
125
126
128
128
129
129
129
130
130
129
129
128
128
127
128
129
128
128
128
128
127
126
127
126
127
126
125
126
126
126
125
124
124
125
126
127
126
127
126
125
126
127
129
131
133
135
134
134
136
136
136
137
138
140
139
140
140
141
140
140
142
142
144
144
144
143
143
145
145
145
145
147
146
147
148
150
151
153
154
154
155
155
157
157
158
157
158
160
161
161
161
163
162
162
163
164
165
167
167
167
167
169
171
170
170
171
173
174
176
178
179
181
181
180
182
182
182
183
185
185
186
186
188
189
191
64
78
89
99
109
120
130
137
143
148
155
160
167
172
177
181
183
187
190
64
78
92
104
114
123
131
141
151
159
166
171
174
178
183
187
64
80
95
108
121
133
142
151
158
165
173
180
186
190
64
80
96
111
123
134
144
153
164
171
179
186
64
81
99
115
128
140
149
160
170
179
186
64
83
100
115
131
144
155
167
176
183
190
64
85
103
120
135
149
161
171
180
188
64
86
106
122
136
149
161
174
184
64
86
107
125
140
153
164
176
186
64
85
104
123
139
153
167
179
190
64
86
107
124
142
159
171
182
64
87
109
128
145
161
174
187
64
88
111
131
149
165
179
190
64
88
110
129
147
163
178
191
64
88
113
134
152
169
186
64
88
111
131
150
168
185
64
90
112
133
152
168
184
64
89
112
134
154
171
187
64
91
115
136
155
174
64
90
115
139
159
178
64
92
116
139
158
177
64
92
116
140
160
177
64
91
116
139
159
178
64
91
116
140
160
177
64
94
118
142
164
182
64
93
119
144
164
182
64
93
120
144
165
185
64
93
118
141
163
183
64
93
120
144
167
187
64
92
120
143
165
184
64
92
120
142
166
184
64
95
122
145
167
187
64
92
122
147
168
188
64
94
122
147
169
189
64
96
125
150
172
64
97
126
150
175
64
95
125
153
177
64
95
125
153
178
64
98
127
155
179
64
98
127
154
178
64
99
129
158
182
64
99
130
158
185
64
99
129
157
181
64
97
130
158
184
64
100
133
162
188
64
97
130
158
183
64
100
132
160
185
64
101
134
163
191
64
98
130
161
187
64
99
131
160
187
64
99
133
162
189
64
99
132
163
189
64
100
132
161
189
64
100
134
164
64
100
132
163
190
64
101
135
166
64
101
134
164
190
64
102
137
165
64
102
136
167
64
101
136
165
64
102
136
167
64
103
137
167
64
102
137
168
64
103
139
172
64
103
139
169
64
103
141
173
64
103
141
174
64
105
144
178
64
105
145
180
64
105
146
180
64
108
147
183
64
108
148
185
64
107
148
183
64
108
150
187
64
110
151
190
64
110
152
189
64
110
152
190
64
111
153
191
64
112
157
64
111
154
64
112
156
64
113
157
64
111
156
64
113
158
64
114
160
64
113
156
64
112
158
64
115
159
64
114
159
64
116
162
64
114
161
64
115
159
64
113
159
64
114
160
64
116
161
64
115
160
64
115
162
64
115
160
64
116
164
64
116
163
64
116
165
64
117
163
64
116
164
64
117
165
64
115
164
64
116
164
64
117
165
64
117
165
64
115
162
64
117
163
64
115
162
64
118
166
64
116
166
64
117
166
64
115
164
64
118
165
64
116
165
64
116
165
64
116
165
64
118
167
64
116
164
64
116
163
64
116
165
64
117
164
64
118
166
64
117
166
64
116
165
64
118
166
64
118
168
64
119
166
64
118
167
64
119
168
64
118
167
64
117
164
64
116
164
64
119
166
64
118
168
64
119
167
64
116
165
64
117
166
64
117
165
64
118
166
64
117
167
64
118
167
64
117
165
64
119
166
64
116
167
64
117
165
64
116
167
64
117
166
64
116
165
64
118
165
64
117
166
64
117
166
64
118
166
64
118
168
64
116
165
64
117
167
64
116
167
64
119
167
64
116
165
64
118
168
64
116
165
64
117
165
64
118
169
64
118
166
64
118
168
64
119
169
64
116
167
64
119
168
64
118
167
64
117
165
64
117
168
64
119
167
64
118
169
64
118
167
64
118
168
64
118
168
64
116
165
64
118
168
64
116
165
64
117
166
64
118
169
64
119
168
64
118
168
64
119
167
64
117
166
64
118
166
64
118
168
64
118
166
64
116
166
64
118
166
64
117
167
64
118
168
64
117
166
64
117
165
64
118
168
64
119
167
64
119
167
64
119
167
64
119
169
64
118
166
64
117
167
64
118
166
64
117
165
64
118
167
64
117
165
64
119
168
64
117
165
64
118
167
64
119
169
64
118
166
64
117
165
64
119
169
64
117
166
64
118
168
64
117
165
64
119
168
64
118
167
64
119
169
64
118
168
64
119
167
64
117
165
64
119
169
64
118
168
64
117
167
64
117
165
64
117
165
64
119
169
64
118
167
64
119
169
64
119
167
64
117
166
64
119
168
64
119
169
64
118
166
64
119
168
64
119
168
64
117
165
64
117
165
64
118
167
64
119
169
64
117
165
64
117
167
64
117
167
64
118
167
64
117
167
64
119
168
64
118
168
64
119
167
64
118
167
64
119
167
64
117
166
64
117
165
64
118
167
64
118
166
64
118
168
64
117
167
64
117
167
64
118
167
64
117
165
64
117
165
64
119
169
64
118
167
64
119
167
64
118
167
64
117
165
64
119
167
64
117
167
64
118
168
64
118
168
64
119
169
64
119
169
64
119
167
64
117
165
64
118
167
64
117
165
64
117
167
64
119
168
64
117
165
64
119
167
64
119
167
64
117
165
64
119
168
64
119
167
64
118
168
64
118
166
64
119
167
64
117
166
64
118
166
64
117
167
64
117
167
64
117
167
64
117
166
64
119
167
64
117
167
64
117
165
64
119
167
64
119
168
64
118
168
64
117
167
64
118
166
64
117
166
64
119
168
64
119
169
64
117
166
64
119
169
64
119
168
64
119
167
64
118
167
64
118
167
64
117
165
64
119
169
64
117
165
64
117
166
64
119
169
64
119
167
64
117
165
64
119
169
64
117
166
64
119
169
64
118
166
64
117
165
64
117
167
64
119
167
64
119
169
64
118
167
64
119
168
64
119
169
64
118
168
64
118
166
64
118
167
64
118
166
64
117
165
64
117
166
64
118
168
64
119
167
64
119
169
64
119
168
64
117
165
64
118
166
64
118
166
64
118
168
64
117
165
64
118
166
64
117
166
64
119
168
64
117
166
64
117
167
64
117
167
64
117
165
64
118
166
64
118
167
64
117
167
64
117
165
64
117
166
64
119
167
64
119
169
64
118
167
64
119
168
64
118
167
64
118
166
64
118
168
64
118
166
64
119
169
64
117
166
64
119
167
64
119
168
64
118
167
64
119
168
64
119
169
64
118
167
64
117
166
64
119
167
64
118
168
64
118
166
64
118
167
64
118
166
64
119
167
64
117
165
64
118
168
64
119
169
64
118
166
64
117
165
64
119
168
64
117
167
64
117
167
64
119
168
64
118
166
64
117
166
64
118
168
64
118
168
64
117
166
64
119
168
64
117
166
64
117
166
64
119
169
64
119
169
64
118
168
64
119
169
64
119
168
64
119
168
64
119
167
64
118
166
64
119
167
64
119
169
64
119
168
64
117
165
64
117
165
64
117
167
64
117
165
64
119
168
64
118
167
64
118
167
64
118
168
64
119
169
64
117
165
64
119
167
64
118
166
64
117
166
64
118
168
64
118
166
64
119
168
64
117
167
64
119
169
64
117
167
64
117
167
64
118
167
64
118
167
64
117
165
64
118
166
64
118
168
64
117
165
64
118
167
64
118
168
64
119
168
64
118
166
64
119
168
64
117
165
64
117
165
64
119
169
64
117
166
64
118
167
64
119
169
64
118
168
64
117
167
64
119
168
64
117
165
64
119
169
64
119
167
64
118
168
64
119
167
64
118
168
64
118
168
64
118
168
64
117
166
64
119
169
64
117
165
64
118
167
64
119
169
64
119
167
64
119
169
64
119
168
64
118
168
64
119
169
64
118
166
64
118
167
64
118
167
64
118
166
64
119
168
64
118
166
64
117
165
64
117
165
64
118
168
64
119
168
64
118
166
64
118
167
64
118
166
64
119
167
64
118
167
64
119
168
64
119
169
64
