127
126
127
128
129
130
130
131
130
129
127
126
128
129
129
130
129
130
130
129
128
129
130
129
130
129
130
129
129
128
127
127
127
128
128
127
127
126
126
127
127
127
127
128
127
128
127
127
126
125
127
128
129
129
128
127
128
127
126
127
127
128
129
130
131
130
129
128
129
129
128
127
126
127
128
129
128
127
128
128
129
130
128
129
130
129
130
131
129
128
128
129
130
130
129
129
128
128
127
127
128
128
129
128
127
127
126
127
128
129
129
129
129
130
129
129
128
129
130
129
127
128
127
127
127
127
126
128
127
126
125
124
125
125
125
125
126
128
127
128
128
128
128
128
127
126
125
126
125
124
124
124
124
124
124
124
124
123
123
124
123
124
124
126
127
127
127
126
125
124
125
124
125
127
128
128
129
127
128
129
128
129
130
129
128
129
128
128
128
128
127
128
127
126
125
126
126
125
126
126
126
127
126
127
127
128
127
128
129
129
130
128
128
129
130
130
131
131
132
132
133
131
131
132
130
129
128
129
130
128
128
127
127
127
128
127
126
127
127
128
129
128
127
127
127
128
128
129
128
129
129
130
130
131
131
131
131
131
129
128
129
130
131
133
133
134
134
136
138
139
139
140
140
139
140
140
140
140
141
142
142
142
143
144
143
143
142
143
144
144
145
146
148
150
150
150
150
151
152
153
154
152
151
150
153
154
155
155
157
159
160
159
161
161
161
160
160
160
160
161
163
163
165
166
166
166
165
165
167
167
166
168
167
169
170
171
171
173
173
173
174
175
176
177
178
178
179
180
181
182
184
183
184
185
185
186
185
184
185
185
186
188
189
189
190
190
191
64
76
89
100
111
121
129
137
143
149
153
158
164
169
174
178
181
185
188
190
64
77
90
102
114
123
132
139
145
151
155
161
168
172
177
180
185
188
190
64
77
90
104
117
127
138
145
153
158
163
167
174
180
184
190
64
79
93
107
118
129
140
151
158
165
170
175
180
184
190
64
80
95
108
119
131
142
151
160
167
175
181
187
64
80
95
108
123
134
145
153
163
170
178
184
190
64
81
98
113
126
138
148
156
165
175
181
189
64
80
97
113
124
136
148
157
165
172
178
184
190
64
82
98
114
127
139
151
162
170
179
186
64
82
102
117
130
144
155
164
174
185
64
85
102
117
130
143
156
166
177
187
64
84
105
121
137
150
160
172
184
64
84
102
120
135
151
166
176
186
64
86
107
125
141
154
168
179
190
64
86
105
124
140
156
169
181
64
86
105
124
140
156
170
181
191
64
87
107
126
142
158
173
185
64
88
109
127
145
161
175
187
64
87
108
127
146
162
176
188
64
89
110
130
148
163
177
189
64
87
108
126
143
161
176
188
64
86
109
130
147
162
177
190
64
89
112
132
149
165
180
64
89
112
130
148
165
180
64
88
111
130
150
166
182
64
88
109
130
149
166
181
64
87
109
129
148
163
179
191
64
86
106
126
145
161
176
188
64
88
108
128
147
163
176
188
64
87
107
127
145
161
174
185
64
87
108
127
144
159
173
186
64
86
105
123
142
157
171
183
64
87
107
125
141
156
170
182
64
84
104
120
137
151
166
178
188
64
86
105
121
137
153
167
178
187
64
85
104
121
136
150
162
174
183
64
83
103
120
133
149
163
173
182
64
84
101
117
131
146
159
171
181
189
64
85
103
121
136
151
163
175
185
64
83
104
120
135
149
160
169
179
186
64
85
104
121
136
150
160
170
181
189
64
83
101
117
132
146
158
171
180
190
64
84
102
117
133
147
160
171
181
190
64
83
103
122
137
150
162
174
182
191
64
85
104
122
136
149
160
172
183
64
86
104
121
136
149
161
174
184
64
83
101
117
132
144
158
169
181
189
64
85
104
119
134
147
159
169
180
190
64
84
102
121
136
149
162
171
180
187
64
84
104
122
138
152
164
173
183
191
64
85
105
120
136
149
162
174
185
64
85
102
120
133
147
160
172
181
189
64
84
103
121
137
152
164
175
185
64
83
102
121
135
148
160
172
181
190
64
84
104
120
136
148
159
168
179
190
64
83
103
119
134
148
160
173
183
64
85
104
121
135
150
164
175
184
64
84
101
117
133
148
162
174
183
191
64
83
102
121
136
151
162
172
181
190
64
86
104
121
136
150
162
173
182
64
84
104
119
134
148
161
174
184
64
84
103
119
135
149
163
173
185
64
83
101
116
131
145
159
171
182
191
64
83
101
118
135
149
160
172
181
189
64
85
104
120
136
148
161
171
181
190
64
86
104
121
137
151
161
173
182
190
64
84
104
120
135
151
163
175
186
64
84
101
118
136
149
161
173
183
191
64
83
103
122
136
149
160
170
179
188
64
86
105
122
135
148
159
169
179
188
64
84
104
121
136
150
162
174
184
64
85
104
122
135
150
164
176
185
64
83
101
118
136
149
161
172
182
191
64
83
101
119
135
150
163
175
183
191
64
84
104
120
134
146
159
171
182
64
84
103
120
134
148
159
171
181
189
64
83
103
118
133
146
159
171
181
189
64
83
102
119
135
150
164
175
186
64
85
103
121
136
148
161
171
180
188
64
84
104
122
137
151
162
172
184
64
86
103
119
133
146
158
170
182
190
64
84
103
120
133
148
160
171
180
189
64
83
100
118
134
149
162
173
182
191
64
86
105
122
137
150
160
171
181
190
64
85
104
120
135
149
160
173
183
64
84
104
120
136
150
163
174
185
64
83
101
117
131
147
160
172
183
191
64
84
102
121
136
149
161
173
182
190
64
84
102
121
136
150
161
172
180
189
64
85
102
118
133
146
159
170
182
191
64
84
103
118
133
148
160
170
182
191
64
85
102
119
135
150
162
174
185
64
85
105
122
136
151
163
174
184
191
64
84
104
122
137
151
162
171
183
64
85
102
118
132
146
158
169
181
190
64
84
102
119
132
146
159
171
182
190
64
83
102
119
133
147
159
169
179
188
64
84
102
119
134
149
162
172
182
64
84
102
119
134
149
161
172
181
191
64
84
102
119
133
147
160
170
182
190
64
83
102
118
134
148
160
171
181
189
64
85
105
123
138
151
164
174
182
190
64
85
104
120
134
147
158
169
179
190
64
84
102
118
131
144
157
170
181
190
64
84
103
118
134
148
159
170
181
190
64
83
102
119
133
146
158
169
179
189
64
85
103
119
135
148
160
169
181
64
84
103
119
133
146
158
169
179
190
64
83
102
117
131
146
158
168
180
190
64
83
100
117
133
147
160
171
179
189
64
84
104
122
136
151
162
171
179
189
64
84
102
118
134
149
161
174
185
64
84
104
121
136
148
162
174
183
64
85
102
119
132
147
160
171
181
189
64
84
101
119
134
149
161
173
181
190
64
86
105
123
139
152
165
174
184
64
85
103
120
134
146
159
169
179
190
64
85
104
120
135
149
162
172
183
191
64
84
101
117
133
148
161
173
184
64
85
102
118
133
147
159
170
181
189
64
86
104
120
135
149
160
172
180
188
64
84
102
119
135
149
162
173
181
189
64
84
104
120
133
146
159
171
181
190
64
84
103
120
134
148
161
172
182
190
64
83
100
117
134
147
159
171
179
187
64
84
103
120
136
148
160
170
180
189
64
84
104
119
134
146
159
172
181
190
64
84
101
119
132
147
161
172
182
191
64
84
102
120
135
149
163
173
182
191
64
84
103
120
135
148
161
171
181
191
64
84
103
121
137
150
162
172
183
64
83
103
118
134
148
160
172
182
191
64
83
102
117
133
149
162
174
183
191
64
82
103
120
136
150
161
173
181
189
64
86
106
123
137
150
162
173
184
64
86
103
120
135
147
158
171
181
189
64
83
101
118
133
146
159
172
183
64
84
101
117
134
149
162
172
181
190
64
83
104
122
137
151
164
173
184
64
84
102
119
135
149
161
172
180
191
64
86
103
121
137
150
162
174
184
64
84
102
118
133
145
160
171
182
191
64
84
103
120
137
150
163
174
184
64
85
104
120
136
151
164
176
185
64
85
103
119
135
149
162
171
181
189
64
86
105
122
136
151
163
172
183
64
86
103
120
136
148
158
170
181
190
64
83
101
118
133
147
159
170
181
191
64
85
102
119
134
147
160
172
182
64
85
102
119
134
148
159
169
179
186
64
85
104
122
136
148
159
168
179
188
64
83
101
117
132
144
155
167
179
189
64
84
101
117
130
144
157
168
179
189
64
85
102
119
136
150
161
172
182
190
64
85
105
121
135
148
160
172
182
191
64
85
102
118
132
145
156
168
178
187
64
85
103
121
136
148
161
174
185
64
83
102
117
131
144
157
169
178
186
64
84
102
120
136
150
161
172
181
191
64
84
102
119
134
147
159
168
178
189
64
83
103
120
134
148
158
171
182
191
64
85
103
118
133
147
160
172
181
190
64
83
102
119
135
150
161
173
181
190
64
85
105
122
137
150
163
173
181
191
64
84
103
119
133
145
156
165
178
186
64
85
102
119
134
148
159
170
180
188
64
83
102
119
133
146
160
172
183
190
64
83
102
119
135
149
160
172
182
191
64
82
99
118
133
148
159
171
179
187
64
83
103
120
136
149
162
172
179
190
64
85
102
120
134
147
159
172
182
189
64
83
102
119
133
146
160
171
182
189
64
83
102
118
135
150
161
170
181
190
64
86
106
123
138
150
162
173
183
64
84
103
119
134
146
157
166
176
185
64
83
103
118
134
146
160
173
184
64
84
101
117
131
146
159
170
180
189
64
85
102
120
134
148
160
170
180
187
64
85
104
120
135
149
160
170
179
188
64
84
102
119
135
149
161
172
183
191
64
84
101
118
133
149
161
173
182
191
64
83
100
118
134
147
160
172
180
189
64
86
105
121
135
148
159
169
177
187
64
84
102
118
132
144
157
168
179
189
64
84
103
120
134
149
161
172
182
189
64
84
102
119
134
149
162
174
184
64
83
104
120
137
149
161
171
181
190
64
84
104
121
137
151
161
171
183
64
84
101
117
132
145
157
168
180
189
64
84
102
119
132
147
160
172
183
191
64
85
104
121
138
151
163
174
185
64
82
103
121
135
148
159
170
180
188
64
84
102
120
136
149
160
169
181
190
64
85
103
119
135
147
161
174
184
64
83
103
118
134
149
161
172
183
191
64
83
100
119
135
148
159
171
180
189
64
84
103
122
136
149
162
172
182
64
85
104
122
138
150
161
171
182
64
86
103
120
136
148
158
169
180
190
64
85
103
119
133
147
159
169
180
190
64
83
101
118
134
147
158
170
179
189
64
86
104
122
138
152
165
175
185
64
84
102
118
133
148
161
170
179
190
64
83
102
118
132
145
158
170
181
189
64
84
101
117
132
146
159
170
181
191
64
83
100
117
132
147
161
171
181
189
64
86
105
122
138
150
162
173
182
64
84
103
119
133
147
160
171
182
191
64
84
104
119
135
148
162
174
183
64
84
103
120
133
148
162
174
184
64
84
102
117
134
148
161
171
181
190
64
82
102
119
134
147
159
171
180
189
64
84
103
121
136
150
161
173
183
64
86
103
119
133
145
156
169
180
190
64
84
102
119
133
149
162
172
181
189
64
83
101
118
134
149
162
172
181
191
64
84
104
120
136
149
161
170
180
189
64
86
104
122
137
148
160
170
181
191
64
83
103
120
134
148
160
172
182
64
84
101
119
132
145
158
168
177
188
64
84
100
116
133
146
159
170
181
190
64
82
102
120
134
149
162
172
180
188
64
85
103
120
136
150
160
170
181
190
64
84
102
118
134
146
160
172
181
189
64
83
100
117
133
147
159
170
179
189
64
84
103
119
133
147
158
168
179
188
64
86
103
120
136
150
161
172
181
190
64
84
102
117
132
146
158
170
181
190
64
85
103
119
134
148
160
171
180
189
64
83
100
117
133
146
157
167
177
185
64
84
102
120
135
149
161
171
180
190
64
85
104
120
134
147
157
168
178
189
64
83
100
118
131
145
158
170
179
189
64
85
101
118
134
149
162
173
182
190
64
86
106
123
137
150
161
170
180
191
64
86
103
119
133
147
157
169
181
190
64
84
103
119
134
147
160
171
182
64
85
104
120
135
150
163
174
185
64
84
104
122
138
151
163
173
182
189
64
84
102
119
134
148
159
171
183
64
84
103
120
136
148
160
173
185
64
83
103
119
134
147
161
172
181
190
64
85
104
120
135
150
163
175
184
64
84
101
119
136
150
161
171
182
191
64
85
104
123
137
150
161
172
183
64
85
105
121
136
149
162
171
181
190
64
83
103
120
133
146
156
167
179
188
64
85
103
120
136
147
160
170
180
190
64
84
101
118
135
148
161
171
180
187
64
83
103
119
133
148
161
172
181
188
64
86
105
123
138
152
163
173
184
64
83
101
118
132
145
156
168
178
188
64
85
102
119
133
148
160
170
181
191
64
83
100
116
132
148
160
170
181
189
64
85
103
120
135
148
161
171
180
190
64
84
103
121
136
148
159
170
180
188
64
84
101
118
132
147
159
170
180
188
64
83
101
119
134
147
159
169
179
187
64
86
104
122
137
149
162
171
182
64
84
102
119
134
147
158
168
179
188
64
84
102
118
132
146
161
173
182
64
84
102
119
134
148
160
171
182
190
64
85
102
120
135
149
160
172
182
189
64
85
104
122
136
150
162
172
182
64
84
103
121
136
150
162
172
182
191
64
84
104
119
135
151
164
177
185
64
83
102
119
136
149
162
174
185
64
83
101
118
135
149
163
174
182
191
64
85
106
122
137
150
162
172
180
187
64
86
104
119
133
148
158
170
182
64
85
102
119
135
149
159
172
184
64
85
103
118
132
145
159
170
181
190
64
85
104
120
137
150
163
174
184
191
64
83
104
120
135
148
161
172
181
189
64
85
104
120
135
147
160
169
181
190
64
85
105
121
135
147
162
172
181
190
64
85
102
117
133
148
160
172
180
190
64
82
102
120
136
149
160
172
181
189
64
86
104
120
136
150
160
170
180
188
64
85
104
121
135
148
161
173
184
191
64
84
102
118
134
149
162
172
183
191
64
83
103
120
136
150
162
171
180
187
64
84
104
122
136
149
160
170
181
191
64
83
102
119
132
146
160
173
184
64
84
102
118
132
146
159
172
183
64
85
102
117
134
148
159
170
181
190
64
84
102
119
133
146
160
169
178
187
64
84
102
119
133
148
160
172
180
189
64
85
105
122
136
149
162
174
184
64
85
105
120
135
149
161
171
182
190
64
85
104
120
135
148
160
171
181
188
64
82
103
120
137
150
162
173
184
190
64
85
104
119
134
148
160
170
181
191
64
83
102
119
133
147
159
171
181
189
64
84
101
116
132
148
161
171
180
190
64
83
104
120
135
149
162
173
182
189
64
86
105
120
135
148
160
172
183
64
86
103
119
133
147
160
173
182
191
64
84
102
119
133
149
163
174
185
64
85
103
120
135
149
163
175
184
191
64
82
103
120
136
150
163
172
181
188
64
85
105
121
137
149
160
170
181
190
64
84
103
120
134
148
162
175
185
64
85
103
120
135
149
161
172
181
191
64
83
100
118
135
149
160
170
179
189
64
84
104
121
138
152
162
173
182
64
85
104
122
137
150
161
171
182
64
86
105
121
136
148
159
172
183
191
64
84
104
119
132
146
159
170
181
189
64
83
100
119
136
150
163
174
184
64
84
104
120
136
150
161
171
180
188
64
85
104
120
135
147
158
169
179
187
64
83
102
118
133
147
159
171
181
190
64
85
104
121
137
152
164
175
185
64
85
104
121
137
152
165
176
184
64
84
103
120
134
148
159
171
181
191
64
86
105
121
135
149
160
171
182
190
64
83
102
118
132
146
159
170
180
190
64
84
102
118
133
148
160
171
181
188
64
84
103
122
138
151
164
176
184
191
64
85
105
123
136
150
161
170
182
64
84
104
120
136
150
162
174
185
64
85
105
120
134
147
159
172
181
191
64
85
103
120
137
152
164
174
184
64
85
104
122
138
150
162
173
183
64
83
101
120
136
148
159
170
181
189
64
84
102
120
135
150
160
172
182
190
64
83
101
118
134
148
160
171
183
64
83
102
118
133
147
160
173
183
191
64
84
101
117
132
147
158
171
179
187
64
82
103
119
135
148
162
172
180
188
64
84
104
122
137
150
161
172
184
64
86
103
119
134
147
159
171
183
64
83
102
118
133
146
161
171
181
191
64
84
102
118
135
150
162
174
184
64
83
101
119
134
149
163
172
182
190
64
84
103
121
138
151
161
171
180
190
64
86
105
122
135
147
159
172
183
64
84
104
121
135
149
162
172
182
64
84
104
120
133
147
160
171
182
191
64
84
101
120
134
149
161
171
181
191
64
85
104
121
136
150
163
173
181
191
64
84
101
118
132
145
157
170
181
190
64
85
104
121
136
149
163
175
185
64
85
102
117
134
150
163
174
185
64
83
102
121
135
148
160
170
178
186
64
85
104
122
138
152
162
172
180
189
64
86
104
121
135
148
159
172
184
64
83
101
119
134
146
159
170
180
188
64
83
102
118
133
148
162
172
180
190
64
84
103
122
136
150
162
171
182
191
64
85
103
119
134
147
160
172
183
64
86
104
122
137
149
160
172
181
191
64
85
104
121
137
152
163
175
185
64
85
103
121
137
151
162
172
181
188
64
84
103
120
135
149
161
173
183
64
86
105
123
137
149
160
169
180
189
64
85
103
119
134
146
159
171
183
191
64
85
103
118
136
149
163
175
183
191
64
85
105
122
138
152
164
174
184
64
84
104
122
138
151
164
175
185
64
85
103
119
133
147
158
167
178
187
64
84
103
119
134
148
163
174
184
64
85
104
121
136
150
163
176
186
64
84
101
118
135
148
161
172
182
191
64
85
105
121
137
150
161
173
183
64
85
105
122
136
150
162
171
179
189
64
86
105
123
138
150
162
172
183
64
85
103
118
132
146
159
170
180
189
64
85
103
120
137
150
162
173
184
64
84
102
121
135
150
162
173
184
64
84
104
120
136
151
164
173
181
190
64
86
106
121
135
150
160
172
181
190
64
85
103
120
136
148
162
172
184
64
83
101
117
133
147
160
172
181
189
64
83
102
120
135
150
162
171
181
190
64
85
105
122
137
152
162
174
183
64
85
105
122
136
148
159
170
181
191
64
85
103
119
133
147
160
173
184
64
85
102
120
134
150
163
176
184
64
83
101
118
136
151
164
175
184
64
83
100
117
133
146
159
170
181
188
64
84
103
120
134
148
161
172
180
189
64
85
103
120
135
147
160
171
182
64
84
104
119
133
146
160
171
183
191
64
85
104
120
133
149
162
173
184
64
84
101
118
133
147
160
172
180
189
64
83
103
121
137
151
163
174
182
189
64
84
103
121
136
150
161
172
182
191
64
83
103
120
135
146
159
169
179
187
64
83
100
117
134
150
161
173
183
190
64
82
103
119
136
150
162
174
183
64
84
104
121
135
149
160
170
179
190
64
84
102
120
135
149
161
172
182
64
84
103
119
134
146
159
