129
129
130
129
129
130
128
127
127
128
127
128
129
130
131
130
130
131
132
131
130
129
129
129
129
129
129
130
130
129
128
129
130
131
129
130
131
130
131
131
130
130
129
128
128
129
130
128
129
129
130
131
129
130
131
130
128
127
128
127
126
127
127
126
127
126
126
125
124
124
123
122
123
122
124
125
124
125
125
125
126
125
124
125
127
128
127
126
126
125
125
125
125
126
125
124
124
125
126
125
126
125
125
125
125
126
128
129
128
129
130
129
131
131
131
131
130
130
131
132
131
132
133
132
132
131
130
130
131
131
130
130
132
133
133
132
132
132
131
132
132
131
131
133
134
134
135
134
133
133
133
134
133
134
136
136
136
137
139
139
138
138
139
139
141
142
142
143
145
144
143
145
145
146
145
147
148
147
147
148
148
149
151
152
152
152
153
154
155
154
155
154
156
155
156
156
156
157
158
159
158
158
158
158
158
159
160
161
161
161
161
163
162
164
165
167
167
167
169
171
170
169
170
172
173
172
172
172
172
174
175
176
175
175
177
179
181
182
183
184
185
185
186
187
188
188
189
190
189
191
64
76
87
97
105
114
121
128
136
144
150
157
162
165
170
176
180
184
188
191
64
78
92
105
118
127
135
142
150
158
164
171
176
182
188
64
81
95
110
124
135
144
153
162
168
177
183
189
64
82
98
114
127
138
149
159
169
177
184
191
64
83
99
115
129
141
154
163
173
181
188
64
83
101
119
133
148
160
172
182
191
64
85
103
122
139
153
165
177
187
64
86
106
123
140
156
170
183
64
86
107
127
143
159
173
187
64
87
110
128
146
162
177
64
87
110
131
149
167
183
64
90
112
134
153
169
184
64
90
113
135
153
170
186
64
89
113
136
156
175
191
64
92
116
137
158
175
64
92
118
140
159
178
64
92
117
142
162
182
64
92
117
141
162
181
64
93
120
144
165
183
64
93
121
145
166
187
64
93
121
147
171
64
95
122
148
172
64
96
126
151
176
64
97
126
152
176
64
97
128
154
180
64
98
130
157
183
64
97
128
156
180
64
98
129
156
182
64
99
130
158
184
64
98
130
159
185
64
99
133
163
189
64
100
132
161
188
64
99
131
163
191
64
100
132
163
64
102
136
166
64
102
135
167
64
101
134
167
64
103
136
169
64
103
138
169
64
101
137
170
64
102
136
169
64
102
139
173
64
105
141
175
64
104
139
173
64
103
141
175
64
106
143
178
64
104
142
175
64
106
144
177
64
105
142
177
64
106
143
177
64
106
145
181
64
107
146
182
64
107
145
180
64
107
147
182
64
108
147
184
64
108
147
184
64
107
146
183
64
108
147
185
64
109
150
186
64
108
149
187
64
110
151
187
64
109
150
187
64
109
151
188
64
110
151
187
64
110
150
189
64
111
153
191
64
111
151
188
64
109
149
187
64
111
153
64
110
151
188
64
110
153
189
64
110
152
189
64
110
154
64
110
154
64
111
153
190
64
110
154
64
112
155
64
111
155
64
111
155
64
112
155
64
112
154
64
112
153
191
64
111
155
64
113
156
64
112
157
64
113
157
64
112
156
64
111
153
64
111
156
64
112
155
64
111
155
64
113
157
64
113
156
64
111
156
64
112
156
64
112
154
64
112
155
64
113
156
64
113
157
64
114
156
64
112
157
64
113
156
64
112
156
64
114
157
64
113
159
64
113
156
64
113
157
64
113
158
64
114
158
64
114
159
64
112
158
64
113
157
64
113
158
64
114
157
64
111
157
64
114
159
64
112
157
64
112
158
64
112
157
64
112
156
64
113
159
64
114
159
64
113
158
64
114
159
64
114
158
64
113
157
64
113
159
64
114
160
64
114
158
64
112
155
64
112
158
64
112
158
64
112
157
64
114
158
64
112
158
64
114
160
64
113
159
64
115
159
64
112
156
64
113
157
64
114
159
64
112
157
64
112
157
64
114
158
64
113
159
64
112
156
64
113
157
64
112
157
64
112
158
64
112
157
64
114
158
64
114
160
64
114
159
64
113
158
64
114
158
64
114
158
64
113
157
64
113
158
64
112
158
64
112
157
64
112
158
64
112
156
64
113
157
64
112
157
64
112
158
64
113
158
64
114
160
64
112
156
64
114
158
64
112
158
64
112
157
64
112
158
64
114
157
64
113
156
64
114
158
64
113
156
64
112
156
64
114
157
64
112
156
64
113
158
64
113
159
64
114
160
64
114
160
64
114
160
64
113
159
64
114
158
64
112
158
64
112
158
64
114
159
64
114
158
64
114
157
64
112
155
64
113
157
64
111
154
64
111
155
64
113
157
64
113
157
64
111
155
64
112
155
64
110
154
64
110
153
64
110
153
64
113
155
64
112
156
64
112
154
64
112
154
64
110
152
64
110
152
64
111
153
190
64
109
153
191
64
111
154
190
64
112
154
191
64
111
153
190
64
111
151
188
64
110
151
190
64
109
151
189
64
109
149
188
64
109
151
188
64
111
153
190
64
110
152
189
64
108
150
188
64
110
151
190
64
111
153
189
64
109
149
187
64
110
152
190
64
111
152
190
64
109
149
187
64
108
150
187
64
109
149
187
64
110
152
189
64
109
151
187
64
110
151
187
64
110
152
190
64
111
151
189
64
111
153
190
64
108
149
187
64
109
151
187
64
110
150
186
64
111
152
189
64
108
150
188
64
111
151
189
64
111
153
191
64
109
152
189
64
109
149
187
64
111
153
64
110
151
188
64
108
151
188
64
109
150
189
64
108
151
188
64
110
152
188
64
109
151
187
64
110
151
188
64
111
151
188
64
109
151
188
64
109
150
188
64
108
150
188
64
111
153
190
64
109
149
187
64
108
149
184
64
110
151
189
64
109
149
186
64
108
149
186
64
108
149
187
64
110
151
189
64
109
150
187
64
109
152
189
64
108
148
185
64
109
151
188
64
110
153
191
64
108
150
186
64
109
150
188
64
109
150
187
64
109
150
187
64
110
151
187
64
110
150
189
64
108
150
189
64
110
153
189
64
110
152
190
64
109
149
188
64
110
152
189
64
110
151
189
64
109
150
188
64
109
150
188
64
109
151
189
64
110
152
191
64
110
150
187
64
110
153
64
111
153
191
64
109
152
191
64
109
150
187
64
111
152
191
64
109
152
190
64
111
154
64
111
154
64
111
152
64
111
155
64
110
152
64
112
154
191
64
111
153
64
111
153
191
64
112
154
64
110
153
64
112
156
64
110
154
64
113
157
64
111
155
64
113
155
64
112
154
64
113
156
64
110
155
64
113
157
64
111
156
64
111
156
64
111
154
64
113
157
64
112
155
64
112
157
64
111
156
64
111
154
64
112
156
64
112
156
64
111
156
64
112
156
64
111
154
64
113
156
64
111
155
64
114
158
64
111
154
64
112
157
64
112
156
64
113
157
64
112
157
64
112
156
64
111
156
64
114
159
64
113
158
64
112
156
64
113
157
64
113
156
64
111
155
64
113
156
64
112
157
64
113
157
64
113
158
64
112
157
64
111
155
64
113
157
64
112
155
64
112
156
64
112
157
64
114
157
64
111
157
64
113
159
64
113
157
64
112
158
64
112
157
64
112
156
64
114
158
64
112
158
64
113
156
64
112
156
64
114
158
64
113
157
64
112
157
64
113
159
64
113
157
64
114
158
64
114
159
64
113
158
64
114
158
64
114
157
64
113
158
64
114
158
64
113
159
64
114
160
64
114
161
64
114
158
64
114
159
64
114
159
64
113
160
64
114
158
64
114
161
64
113
158
64
114
159
64
113
158
64
113
159
64
115
160
64
114
161
64
113
159
64
115
160
64
115
161
64
114
159
64
113
158
64
114
159
64
115
160
64
113
159
64
113
158
64
114
159
64
115
161
64
114
159
64
115
161
64
114
161
64
115
161
64
115
160
64
114
160
64
114
161
64
116
162
64
113
159
64
114
160
64
114
160
64
115
161
64
115
162
64
116
163
64
115
161
64
116
163
64
114
160
64
116
162
64
116
161
64
114
161
64
115
161
64
115
163
64
115
161
64
115
161
64
114
160
64
117
164
64
114
160
64
116
161
64
115
161
64
117
163
64
115
162
64
117
165
64
117
166
64
116
162
64
115
164
64
117
164
64
117
164
64
116
164
64
116
166
64
118
165
64
116
165
64
119
167
64
118
168
64
117
165
64
118
167
64
119
167
64
117
167
64
119
168
64
119
169
64
119
169
64
118
169
64
119
169
64
120
171
64
118
167
64
117
167
64
119
168
64
118
167
64
120
169
64
120
170
64
119
170
64
119
170
64
121
170
64
118
169
64
120
170
64
120
169
64
121
172
64
121
172
64
119
170
64
120
170
64
121
172
64
120
172
64
121
172
64
121
173
64
120
173
64
121
175
64
123
175
64
123
176
64
123
174
64
122
175
64
122
176
64
124
178
64
123
176
64
124
176
64
122
175
64
124
178
64
122
177
64
125
180
64
123
176
64
123
178
64
124
179
64
124
177
64
123
178
64
123
177
64
124
178
64
125
181
64
124
179
64
126
179
64
126
179
64
124
180
64
126
179
64
125
180
64
126
180
64
124
179
64
124
179
64
124
178
64
126
182
64
126
181
64
126
181
64
125
180
64
126
183
64
124
181
64
125
179
64
125
181
64
125
181
64
126
183
64
126
182
64
127
184
64
127
184
64
124
180
64
125
182
64
125
180
64
127
184
64
127
184
64
125
181
64
127
182
64
127
182
64
125
182
64
125
181
64
127
183
64
126
181
64
127
182
64
127
183
64
127
182
64
126
182
64
127
182
64
127
182
64
127
185
64
126
184
64
125
183
64
125
180
64
126
184
64
126
183
64
127
183
64
127
185
64
126
184
64
126
182
64
126
184
64
127
185
64
125
182
64
125
183
64
126
184
64
127
183
64
126
181
64
127
182
64
126
182
64
128
185
64
127
185
64
126
181
64
127
184
64
127
183
64
126
182
64
128
185
64
126
184
64
126
184
64
125
183
64
128
185
64
127
184
64
126
183
64
126
184
64
128
183
64
127
183
64
128
184
64
127
184
64
128
183
64
125
181
64
128
184
64
128
183
64
127
183
64
127
183
64
125
183
64
127
185
64
128
183
64
126
184
64
126
182
64
127
183
64
128
185
64
126
184
64
127
183
64
126
183
64
128
185
64
128
184
64
127
182
64
128
184
64
126
181
64
127
186
64
127
182
64
125
183
64
126
183
64
125
183
64
127
183
64
127
184
64
128
185
64
126
183
64
127
184
64
127
183
64
126
182
64
127
184
64
126
182
64
126
182
64
128
185
64
125
183
64
127
183
64
127
184
64
127
182
64
127
183
64
127
185
64
127
183
64
127
184
64
126
184
64
126
183
64
126
183
64
126
183
64
126
183
64
127
183
64
126
184
64
128
186
64
127
185
64
126
181
64
126
183
64
127
185
64
128
185
64
126
182
64
127
184
64
127
183
64
127
185
64
128
183
64
126
182
64
128
183
64
125
181
64
126
182
64
125
183
64
127
182
64
126
184
64
127
183
64
128
183
64
128
183
64
127
184
64
125
182
64
127
184
64
127
183
64
125
181
64
126
184
64
127
183
64
127
185
64
125
181
64
127
184
64
126
182
64
126
183
64
125
181
64
126
181
64
126
184
64
125
183
64
127
183
64
125
182
64
127
183
64
127
184
64
126
182
64
125
182
64
126
182
64
126
181
64
127
184
64
127
183
64
127
184
64
126
181
64
125
182
64
125
180
64
126
182
64
125
181
64
125
181
64
126
182
64
125
182
64
125
182
64
126
182
64
126
182
64
125
180
64
125
180
64
125
183
64
125
182
64
126
181
64
125
180
64
126
181
64
124
179
64
126
183
64
125
181
64
124
180
64
126
183
64
125
181
64
126
183
64
125
182
64
126
182
64
126
182
64
125
180
64
125
182
64
126
181
64
125
179
64
124
179
64
127
183
64
126
183
64
124
181
64
126
181
64
126
183
64
126
181
64
125
180
64
127
181
64
126
183
64
124
181
64
126
182
64
126
181
64
125
182
64
125
181
64
124
181
64
125
181
64
126
182
64
124
181
64
124
179
64
124
181
64
126
182
64
126
181
64
126
183
64
124
179
64
125
181
64
126
180
64
124
179
64
125
181
64
124
179
64
126
181
64
126
181
64
125
181
64
124
179
64
126
183
64
124
181
64
126
182
64
124
180
64
124
178
64
124
181
64
125
180
64
125
180
64
126
182
64
124
181
64
126
183
64
125
181
64
126
181
64
125
181
64
126
181
64
124
181
64
126
182
64
126
181
64
125
179
64
126
181
64
125
180
64
125
180
64
125
180
64
127
182
64
124
180
64
126
183
64
126
182
64
124
180
64
125
179
64
125
180
64
125
179
64
125
180
64
124
179
64
125
181
64
124
179
64
126
182
64
126
182
64
125
181
64
126
182
64
124
181
64
126
181
64
126
182
64
126
182
64
126
183
64
126
180
64
127
183
64
124
180
64
125
181
64
125
179
64
126
181
64
125
180
64
126
181
64
124
180
64
125
180
64
126
182
64
126
180
64
124
178
64
126
180
64
126
183
64
126
183
64
125
180
64
126
181
64
124
180
64
125
180
64
125
179
64
126
182
64
126
180
64
126
181
64
124
179
64
126
181
64
126
182
64
124
180
64
124
180
64
125
180
64
125
181
64
125
182
64
124
179
64
126
182
64
124
181
64
126
181
64
126
180
64
126
183
64
126
181
64
124
181
64
125
180
64
126
182
64
124
179
64
124
180
64
124
180
64
127
181
64
124
180
64
126
181
64
125
181
64
126
181
64
125
182
64
124
181
64
126
180
64
126
180
64
126
181
64
126
181
64
125
179
64
126
181
64
124
178
64
125
181
64
126
180
64
125
180
64
125
179
64
124
181
64
126
181
64
126
181
64
126
182
64
126
181
64
126
181
64
124
181
64
124
181
64
127
183
64
125
179
64
125
181
64
124
179
64
125
180
64
125
179
64
127
183
64
124
178
64
124
179
64
124
178
64
126
180
64
125
181
64
125
180
64
124
179
64
127
182
64
124
181
64
124
179
64
125
180
64
124
179
64
125
181
64
127
182
64
124
179
64
125
182
64
126
180
64
125
181
64
126
181
64
125
181
64
126
181
64
125
181
64
125
180
64
125
181
64
126
180
64
124
181
64
126
182
64
126
180
64
125
180
64
125
181
64
124
180
64
126
182
64
125
180
64
126
183
64
