128
127
128
129
129
130
129
130
130
130
131
130
129
127
128
128
128
128
127
126
126
125
127
127
126
126
126
125
125
126
125
126
127
128
129
128
129
129
129
130
130
130
131
129
130
129
128
127
126
126
126
127
128
127
126
126
128
127
127
128
127
127
126
125
124
124
124
124
124
123
124
124
124
123
123
122
122
121
122
123
123
124
123
123
124
124
124
125
125
125
127
128
129
128
129
129
130
130
132
134
134
134
134
133
135
137
138
139
140
139
138
138
138
139
140
139
139
141
143
145
147
148
149
149
148
149
149
150
151
150
149
149
151
151
153
154
156
156
156
156
156
155
157
157
159
161
163
163
162
162
164
163
163
164
165
165
165
166
167
168
169
169
169
169
168
169
170
171
172
173
173
174
173
174
173
175
178
178
179
180
181
181
181
182
183
185
185
187
189
190
191
64
75
89
101
110
119
128
137
144
149
156
161
167
172
176
180
183
186
189
64
77
90
102
114
125
135
145
152
158
164
168
175
179
183
188
64
80
94
109
120
130
139
149
155
165
171
176
181
187
191
64
80
97
110
122
133
144
153
162
171
179
184
64
83
99
112
125
135
147
158
167
175
182
188
64
83
99
113
126
141
152
162
171
178
186
64
84
101
116
133
146
159
171
179
188
64
83
101
119
136
151
164
174
182
64
86
107
125
141
155
167
178
189
64
86
107
124
141
156
171
182
64
87
107
127
143
159
172
186
64
88
108
127
145
161
175
188
64
86
109
130
149
166
182
64
89
110
132
151
167
180
64
89
111
133
152
168
184
64
89
112
133
151
170
185
64
90
115
136
154
171
187
64
91
114
136
156
172
187
64
91
114
135
156
176
191
64
91
115
137
158
178
64
90
116
140
161
178
64
92
117
140
160
180
64
92
118
142
162
180
64
92
119
141
161
179
64
93
119
143
164
183
64
93
120
144
164
185
64
93
120
144
165
184
64
94
120
143
164
185
64
92
118
143
164
182
64
92
119
144
164
184
64
92
118
143
165
183
64
95
122
146
166
186
64
93
118
143
166
185
64
93
120
143
164
183
64
93
122
146
169
188
64
93
122
148
170
64
95
123
150
174
64
96
125
151
174
64
96
127
152
177
64
95
125
152
175
64
97
126
152
176
64
96
127
154
178
64
97
127
154
179
64
99
131
157
183
64
98
130
158
181
64
98
128
156
183
64
99
132
160
186
64
98
130
158
182
64
100
133
163
190
64
100
133
161
186
64
99
132
162
187
64
100
132
162
189
64
99
131
160
187
64
99
133
164
190
64
100
133
163
189
64
100
133
163
191
64
101
135
164
189
64
100
132
162
189
64
102
136
167
64
101
135
166
64
101
134
164
189
64
102
134
164
191
64
101
136
167
64
101
134
165
64
100
134
164
64
103
136
165
64
101
134
165
64
101
134
166
64
103
138
167
64
101
135
166
64
102
137
168
64
101
136
165
64
101
136
168
64
102
138
169
64
101
135
166
64
102
135
165
64
100
134
164
190
64
103
137
167
64
100
134
164
64
102
137
167
64
103
136
167
64
100
136
166
64
102
136
167
64
101
135
167
64
102
136
166
64
102
136
165
64
101
134
166
64
102
138
169
64
103
137
167
64
101
136
168
64
100
136
167
64
102
138
169
64
102
135
166
64
102
138
170
64
103
137
166
64
103
137
169
64
100
136
167
64
103
139
170
64
101
136
168
64
100
136
168
64
101
137
166
64
101
135
166
64
102
136
168
64
103
137
166
64
103
137
169
64
100
136
168
64
102
137
167
64
103
136
166
64
102
136
168
64
103
138
167
64
103
138
169
64
100
135
167
64
102
138
169
64
101
135
168
64
102
137
168
64
101
135
166
64
103
136
168
64
101
135
166
64
103
139
169
64
102
135
168
64
102
137
167
64
103
137
166
64
102
135
168
64
100
135
165
64
103
138
168
64
103
136
166
64
101
137
168
64
102
138
169
64
102
135
166
64
101
137
168
64
101
135
165
64
102
135
166
64
102
136
167
64
103
137
166
64
102
136
169
64
101
137
167
64
103
137
168
64
102
136
168
64
102
137
167
64
102
136
168
64
102
136
168
64
102
137
168
64
101
136
167
64
101
135
168
64
100
136
166
64
103
139
168
64
102
136
169
64
102
137
169
64
102
136
168
64
102
137
168
64
102
137
169
64
103
139
169
64
102
135
168
64
102
137
169
64
103
139
170
64
103
137
167
64
102
136
169
64
103
139
169
64
101
136
168
64
101
136
167
64
102
137
167
64
103
136
169
64
100
135
166
64
101
136
167
64
102
136
169
64
101
138
168
64
102
137
167
64
102
135
168
64
102
138
168
64
101
136
168
64
103
137
169
64
101
137
169
64
102
136
166
64
101
135
166
64
101
136
167
64
103
138
168
64
103
136
169
64
100
136
168
64
102
137
168
64
103
136
167
64
100
136
168
64
102
137
167
64
101
135
167
64
102
138
170
64
102
137
167
64
102
135
166
64
102
136
168
64
103
139
169
64
101
135
168
64
100
135
166
64
101
136
167
64
103
136
168
64
102
137
169
64
102
136
168
64
101
136
169
64
100
137
168
64
101
136
167
64
102
137
169
64
102
137
169
64
102
137
168
64
102
136
168
64
101
138
170
64
101
135
165
64
102
137
170
64
102
138
169
64
101
137
168
64
102
137
170
64
102
136
167
64
101
136
168
64
102
135
167
64
102
138
170
64
103
137
168
64
103
136
168
64
100
136
168
64
101
136
166
64
103
138
168
64
102
137
169
64
103
139
168
64
102
137
169
64
100
136
168
64
103
137
167
64
103
137
167
64
101
137
167
64
103
139
168
64
103
137
167
64
101
136
168
64
103
139
169
64
101
134
166
64
101
137
168
64
102
137
168
64
103
137
167
64
100
136
166
64
101
137
169
64
102
135
167
64
101
138
170
64
103
137
168
64
101
136
167
64
100
136
167
64
101
135
166
64
103
136
168
64
101
136
166
64
103
137
166
64
102
135
167
64
102
136
169
64
103
137
167
64
103
137
168
64
102
137
168
64
103
138
169
64
103
138
170
64
102
136
169
64
101
137
169
64
103
137
169
64
102
137
168
64
102
136
167
64
101
135
166
64
101
137
168
64
101
135
167
64
101
136
169
64
101
136
166
64
101
137
167
64
101
134
166
64
100
137
167
64
102
137
167
64
102
136
169
64
100
137
169
64
102
136
166
64
103
138
168
64
102
138
169
64
101
135
166
64
103
138
170
64
102
136
169
64
103
137
167
64
102
137
168
64
101
136
167
64
101
136
168
64
102
137
168
64
101
138
170
64
103
138
169
64
103
136
167
64
102
136
168
64
101
136
167
64
101
136
168
64
101
137
168
64
102
136
168
64
102
137
170
64
100
136
167
64
103
139
168
64
103
138
168
64
100
135
167
64
103
139
168
64
102
136
167
64
101
137
168
64
101
137
167
64
102
136
168
64
100
136
167
64
102
136
168
64
103
136
167
64
102
138
170
64
103
139
168
64
101
134
167
64
101
137
168
64
101
136
166
64
103
136
168
64
100
137
167
64
102
138
167
64
101
134
167
64
102
137
168
64
103
139
170
64
103
138
170
64
101
138
168
64
102
138
167
64
101
136
168
64
101
138
169
64
103
138
169
64
102
137
168
64
101
137
168
64
101
135
167
64
101
134
167
64
100
135
166
64
102
137
166
64
103
138
168
64
102
138
169
64
102
136
166
64
102
135
167
64
102
138
168
64
101
137
169
64
103
137
168
64
102
136
167
64
101
135
165
64
103
136
169
64
102
136
167
64
103
138
169
64
103
138
169
64
101
136
167
64
102
137
168
64
102
136
169
64
102
136
168
64
102
136
166
64
101
134
166
64
101
137
169
64
101
136
168
64
102
136
169
64
101
136
167
64
103
138
168
64
102
135
167
64
101
138
169
64
102
138
169
64
103
136
167
64
102
138
170
64
103
139
169
64
101
134
166
64
102
138
169
64
102
138
168
64
102
136
168
64
102
137
169
64
102
136
166
64
101
135
167
64
102
136
169
64
101
137
168
64
101
134
167
64
100
136
167
64
101
135
167
64
102
137
170
64
101
136
167
64
101
136
168
64
102
136
167
64
101
137
168
64
101
136
168
64
103
138
169
64
101
137
167
64
102
138
169
64
103
136
169
64
100
137
167
64
102
138
169
64
102
137
169
64
102
137
169
64
103
138
169
64
103
137
167
64
101
138
170
64
101
136
167
64
101
135
166
64
100
135
165
64
102
137
168
64
101
136
167
64
102
136
169
64
103
138
168
64
101
136
168
64
101
137
168
64
103
138
167
64
101
135
167
64
102
136
169
64
103
137
167
64
103
137
168
64
102
138
169
64
103
138
169
64
101
134
166
64
101
138
170
64
103
137
167
64
102
137
169
64
100
136
168
64
101
137
169
64
101
135
166
64
100
137
167
64
102
137
166
64
101
134
165
64
102
137
169
64
103
137
167
64
101
136
168
64
102
138
170
64
103
139
170
64
103
138
170
64
101
138
168
64
103
139
168
64
101
136
167
64
100
136
168
64
101
136
168
64
103
138
168
64
100
136
167
64
102
137
166
64
101
135
167
64
101
136
168
64
103
138
167
64
102
137
169
64
101
136
166
64
103
139
169
64
102
136
167
64
102
138
169
64
101
135
166
64
102
137
170
64
101
138
168
64
103
138
168
64
103
138
170
64
100
135
165
64
101
137
169
64
103
138
168
64
100
137
168
64
103
139
168
64
102
136
168
64
101
136
168
64
103
138
168
64
101
136
169
64
102
138
168
64
102
138
168
64
101
134
167
64
101
138
168
64
103
137
167
64
101
136
168
64
101
137
169
64
102
136
168
64
101
134
165
64
101
137
168
64
103
139
170
64
103
136
168
64
101
137
169
64
101
135
167
64
101
136
169
64
101
138
169
64
102
136
166
64
103
136
168
64
102
136
168
64
102
137
167
64
103
137
167
64
102
138
168
64
101
135
166
64
103
138
169
64
101
137
168
64
102
138
168
64
102
136
167
64
101
137
169
64
103
137
167
64
102
135
168
64
100
137
168
64
103
138
168
64
102
135
167
64
101
136
166
64
101
137
168
64
102
136
168
64
101
136
168
64
102
137
167
64
102
137
169
64
100
135
166
64
103
138
169
64
103
137
169
64
100
137
168
64
103
139
169
64
103
138
170
64
102
136
167
64
101
137
168
64
101
136
169
64
100
136
167
64
101
136
166
64
101
136
167
64
101
136
167
64
102
137
168
64
101
136
169
64
102
137
167
64
101
135
166
64
103
138
170
64
102
138
169
64
102
136
166
64
103
136
167
64
101
138
170
64
101
136
166
64
101
136
168
64
102
138
168
64
103
138
167
64
101
136
167
64
101
138
168
64
103
137
167
64
101
135
168
64
101
136
167
64
101
136
166
64
101
134
167
64
102
136
169
64
103
138
168
64
103
137
168
64
101
138
168
64
101
135
167
64
103
136
168
64
100
136
167
64
102
136
167
64
102
137
169
64
102
136
168
64
103
137
166
64
102
135
167
64
101
138
168
64
102
136
166
64
101
136
167
64
100
136
166
64
101
137
169
64
103
137
169
64
101
138
169
64
101
136
168
64
103
138
168
64
102
136
168
64
101
137
168
64
102
137
169
64
102
137
168
64
101
137
168
64
103
137
168
64
100
137
168
64
103
138
169
64
103
137
167
64
100
137
168
64
102
136
167
64
101
136
169
64
100
135
165
64
101
137
169
64
102
137
168
64
100
135
167
64
101
137
169
64
101
136
169
64
100
135
166
64
102
136
167
64
101
134
165
64
100
137
169
64
103
138
168
64
102
136
168
64
100
137
169
64
101
136
167
64
103
137
169
64
101
138
169
64
103
138
169
64
103
138
169
64
100
137
169
64
103
139
169
64
102
136
167
64
102
137
168
64
103
138
168
64
101
134
166
64
102
137
169
64
102
136
166
64
103
136
167
64
101
137
168
64
103
139
168
64
102
137
169
64
101
137
168
64
103
138
168
64
103
138
170
64
102
137
168
64
102
136
167
64
101
135
168
64
102
138
169
64
102
136
168
64
103
138
170
64
100
135
165
64
102
137
167
64
101
136
167
64
101
137
167
64
102
137
167
64
103
136
168
64
100
135
165
64
103
138
169
64
101
136
169
64
101
137
168
64
101
136
167
64
102
135
168
64
100
137
168
64
103
138
168
64
101
134
167
64
100
137
169
64
102
137
167
64
102
136
168
64
102
136
168
64
103
138
167
64
102
136
169
64
102
138
170
64
102
136
166
64
102
137
169
64
102
138
169
64
102
136
167
64
101
135
168
64
100
136
168
64
102
136
167
64
103
137
168
64
102
136
167
64
102
137
168
64
101
135
168
64
100
137
167
64
101
135
166
64
101
136
167
64
101
138
168
64
103
137
166
64
101
134
166
64
102
138
169
64
102
138
169
64
103
138
168
64
100
137
169
64
102
138
168
64
102
137
170
64
102
136
168
64
102
137
167
64
102
136
168
64
100
136
168
64
102
136
167
64
101
134
167
64
101
138
168
64
102
137
167
64
103
137
168
64
100
135
167
64
103
139
170
64
101
134
165
64
100
136
166
64
102
138
169
64
103
136
169
64
102
136
169
64
103
139
170
64
103
138
168
64
101
136
167
64
102
138
168
64
102
135
167
64
100
136
167
64
102
136
166
64
103
136
167
64
101
136
168
64
101
137
167
64
102
137
170
64
100
136
168
64
102
136
168
64
101
135
166
64
101
137
167
64
102
136
167
64
103
136
169
64
102
137
168
64
102
136
168
64
103
138
170
64
100
137
167
64
101
135
166
64
103
136
168
64
100
137
167
64
102
137
168
64
102
137
168
64
101
137
169
64
102
138
167
64
103
136
169
64
102
137
167
64
101
137
167
64
101
135
166
64
101
136
166
64
101
136
167
64
101
136
167
64
102
136
168
64
101
135
166
64
101
135
167
64
101
137
169
64
102
137
167
64
103
138
169
64
101
138
170
64
101
137
167
64
102
135
166
64
102
136
168
64
103
139
169
64
103
136
167
64
100
136
166
64
101
136
166
64
103
136
168
64
102
138
170
64
103
137
168
64
103
138
169
64
101
136
167
64
101
137
167
64
103
136
168
64
101
137
167
64
102
136
167
64
102
136
168
64
101
138
168
64
102
138
169
64
101
134
166
64
100
136
168
64
103
137
166
64
102
136
168
64
101
137
168
64
102
138
167
64
101
135
168
64
102
136
168
64
102
136
167
64
102
137
168
64
100
135
167
64
102
137
168
64
102
135
166
64
100
137
167
64
102
138
169
64
101
136
169
64
101
138
169
64
103
137
166
64
102
135
166
64
102
137
167
64
102
136
167
64
102
137
168
64
101
137
168
64
103
137
166
64
101
134
165
64
100
135
167
64
101
135
167
64
103
136
169
64
101
138
170
64
103
138
169
64
103
136
169
64
100
137
167
64
102
136
168
64
101
135
166
64
100
135
167
64
102
138
168
64
102
137
168
64
100
137
169
64
101
136
166
64
103
136
169
64
100
137
169
64
102
136
168
64
103
137
169
64
100
137
168
64
101
137
167
64
103
138
169
64
102
138
169
64
102
136
167
64
103
136
167
64
101
138
169
64
102
138
167
64
101
136
167
64
101
138
170
64
101
136
167
64
103
138
169
64
100
137
169
64
102
138
167
64
102
136
169
64
100
136
167
64
103
137
166
64
103
137
168
64
101
137
167
64
103
138
168
64
101
135
166
64
102
137
169
64
102
138
169
64
103
136
167
64
102
137
168
64
102
137
166
64
102
137
168
64
101
138
169
64
101
137
168
64
101
135
168
64
102
138
169
64
101
137
167
64
103
138
170
64
101
138
169
64
102
137
166
64
101
135
166
64
100
136
166
64
102
137
168
64
101
136
169
64
102
136
169
64
103
139
169
64
101
135
166
64
100
135
165
64
103
139
168
64
101
135
167
64
100
135
165
64
103
138
168
64
102
137
168
64
100
135
166
64
103
139
168
64
102
135
168
64
100
137
169
64
102
136
167
64
101
134
166
64
102
137
167
64
101
136
167
64
102
135
167
64
101
137
168
64
102
137
166
64
102
136
167
64
102
138
170
64
101
135
165
64
101
135
167
64
100
135
165
64
101
137
167
64
102
135
168
64
101
136
166
64
103
139
169
64
101
134
166
64
100
135
167
64
102
138
168
64
103
136
168
64
102
137
169
64
101
135
166
64
103
137
169
64
100
135
165
64
102
138
169
64
101
136
169
64
100
135
165
64
101
137
169
64
103
136
168
64
102
138
170
64
103
139
168
64
102
137
170
64
100
135
165
64
101
136
166
64
101
135
167
64
102
136
167
64
102
137
167
64
102
136
167
64
100
137
167
64
102
138
168
64
101
134
167
64
100
135
167
64
103
139
170
64
102
137
170
64
100
136
166
64
103
137
166
64
103
137
168
64
102
138
168
64
102
136
166
64
103
137
169
64
102
136
168
64
102
136
167
64
102
136
168
64
102
137
167
64
103
138
168
64
101
136
169
64
102
138
170
64
101
135
166
64
103
136
167
64
102
138
169
64
102
136
167
64
101
136
169
64
102
136
168
64
102
137
167
64
101
134
167
64
102
136
167
64
101
135
165
64
103
138
168
64
102
137
169
64
101
135
167
64
103
138
169
64
100
137
168
64
102
136
167
64
103
136
167
64
101
137
167
64
101
136
167
64
101
135
167
64
100
135
166
64
102
138
169
64
102
136
167
64
101
136
166
64
102
137
167
64
101
134
166
64
100
137
167
64
101
135
165
64
102
135
166
64
100
135
166
64
101
136
166
64
102
136
169
64
100
136
166
64
102
138
169
64
102
137
170
64
100
136
168
64
103
138
169
64
103
137
169
64
102
138
170
64
102
136
168
64
101
135
168
64
100
137
169
64
101
136
168
64
103
136
168
64
101
137
167
64
101
137
167
64
101
134
165
64
100
136
168
64
102
136
166
64
102
137
169
64
100
135
166
64
102
137
167
64
103
136
169
64
102
136
167
64
101
137
168
64
102
137
168
64
102
136
168
64
101
137
167
64
102
137
169
64
100
136
166
64
103
137
166
64
103
138
170
64
100
135
166
64
101
137
169
64
102
137
170
64
102
138
170
64
102
138
167
64
101
135
167
64
100
136
167
64
102
137
166
64
103
138
170
64
102
137
169
64
102
138
167
64
103
136
167
64
102
136
169
64
101
137
168
64
102
135
168
64
102
137
167
64
101
137
167
64
103
137
167
64
100
137
168
64
103
138
167
64
101
134
167
64
102
137
169
64
101
135
166
64
101
136
169
64
101
136
167
64
102
137
166
64
102
137
170
64
102
136
167
64
103
137
166
64
102
137
168
64
102
137
169
64
102
137
166
64
103
137
169
64
101
137
167
64
102
138
168
64
103
136
167
64
102
137
168
64
103
139
170
64
103
137
169
64
