129
128
127
127
126
127
127
126
127
126
125
125
126
127
128
127
127
127
126
128
128
129
128
127
127
126
126
127
126
127
128
127
126
127
126
127
126
126
127
128
127
126
127
128
128
127
127
128
127
126
126
126
126
126
125
126
125
124
125
125
124
124
124
124
124
124
123
123
123
123
122
122
123
124
125
126
125
127
126
126
126
126
127
126
126
127
126
125
125
124
126
126
126
125
124
124
124
124
125
125
126
126
126
127
127
127
126
125
124
124
125
126
126
126
128
128
128
128
128
127
128
127
126
125
124
124
126
125
126
127
127
126
125
126
125
124
125
125
125
124
125
125
124
124
126
126
127
127
126
127
127
126
127
127
127
126
127
126
127
126
126
127
127
126
127
126
128
129
128
129
130
131
131
130
130
129
129
128
129
128
127
126
127
128
127
127
128
129
130
130
130
129
128
128
129
130
131
130
129
128
128
129
130
130
130
129
129
128
129
129
127
128
129
128
129
129
129
130
129
128
127
127
126
126
125
127
127
128
128
127
126
125
124
125
125
126
125
126
127
128
128
127
126
125
126
126
126
126
125
125
125
125
125
126
126
125
125
126
126
125
124
125
124
124
124
125
124
125
124
125
124
125
125
126
127
126
127
127
128
129
128
127
126
127
128
128
128
128
127
127
127
126
125
126
126
126
125
126
125
124
124
124
124
126
125
125
126
126
126
127
127
128
129
130
131
131
132
130
131
132
131
131
131
131
131
130
128
129
130
130
131
129
128
129
129
130
129
127
129
131
133
135
135
135
137
138
139
140
140
139
141
140
139
141
141
142
144
147
148
150
151
152
152
152
152
153
155
154
153
155
156
159
161
162
164
165
166
166
166
165
165
167
170
172
175
175
177
176
177
176
178
177
176
178
181
181
184
184
186
185
187
188
189
64
77
89
101
110
119
128
136
143
151
159
163
168
172
176
179
183
188
64
80
96
109
121
132
141
152
159
167
173
178
183
188
191
64
82
97
110
122
133
142
153
164
171
177
184
189
64
84
100
114
127
140
152
162
171
180
187
64
83
100
114
130
144
156
166
174
184
190
64
83
102
119
132
145
158
170
181
191
64
83
104
123
139
154
165
177
188
64
87
108
126
142
157
171
184
64
87
108
128
145
161
175
187
64
88
109
128
146
161
176
189
64
88
110
131
150
165
179
64
91
114
133
150
167
183
64
90
114
135
156
172
188
64
90
114
137
158
174
188
64
92
117
138
158
176
64
92
117
138
158
176
64
90
116
140
161
181
64
92
117
142
164
182
64
92
119
144
163
182
64
92
117
140
162
183
64
94
119
143
165
186
64
94
118
144
166
187
64
93
122
147
168
186
64
94
121
146
168
190
64
94
122
149
172
191
64
95
124
148
173
64
95
122
150
175
64
96
126
154
177
64
97
128
153
178
64
97
126
154
180
64
97
128
157
183
64
98
130
158
184
64
100
131
160
185
64
100
132
159
186
64
97
127
157
182
64
98
130
158
183
64
100
133
161
187
64
100
132
159
185
64
98
131
160
187
64
98
133
161
187
64
100
133
162
189
64
101
135
165
64
100
134
165
64
101
135
165
64
102
135
166
64
100
136
167
64
102
135
166
64
102
137
169
64
104
138
170
64
102
137
170
64
103
137
171
64
101
136
168
64
101
137
170
64
103
140
173
64
104
141
176
64
103
142
177
64
105
144
177
64
107
145
181
64
104
143
178
64
108
146
179
64
108
146
182
64
108
148
184
64
108
147
183
64
107
146
183
64
106
147
183
64
109
148
183
64
110
149
186
64
108
149
186
64
111
152
188
64
109
151
188
64
108
149
186
64
110
153
191
64
109
150
190
64
109
153
191
64
111
153
190
64
111
154
64
111
152
64
112
154
64
111
152
190
64
109
152
191
64
113
155
64
111
154
64
113
154
191
64
110
153
64
112
154
64
112
155
64
111
155
64
110
154
64
112
156
64
112
156
64
112
153
64
112
155
64
111
152
64
111
152
64
112
155
64
111
153
64
112
156
64
112
156
64
111
155
64
113
155
64
113
156
64
113
157
64
113
157
64
113
157
64
112
156
64
112
156
64
112
155
64
113
157
64
112
156
64
111
154
64
112
156
64
112
156
64
113
156
64
112
155
64
112
155
64
111
155
64
113
157
64
111
154
64
111
154
64
113
156
64
111
154
64
111
156
64
113
157
64
112
157
64
113
158
64
112
155
64
112
157
64
112
157
64
111
154
64
112
157
64
111
154
64
112
156
64
113
157
64
112
157
64
113
157
64
112
155
64
111
156
64
113
157
64
112
157
64
111
154
64
111
155
64
111
156
64
113
156
64
112
155
64
113
157
64
112
156
64
112
157
64
113
157
64
111
154
64
113
156
64
114
158
64
114
157
64
113
156
64
113
155
64
114
157
64
112
154
64
114
157
64
114
156
64
113
155
64
114
156
64
113
157
64
113
156
64
114
156
64
112
154
64
114
158
64
114
158
64
114
156
64
113
156
64
113
157
64
114
158
64
113
157
64
112
154
64
113
155
64
112
156
64
112
156
64
112
154
64
114
157
64
114
158
64
113
156
64
114
157
64
112
154
64
113
157
64
114
157
64
112
156
64
113
157
64
114
156
64
113
157
64
114
156
64
114
156
64
112
154
64
114
158
64
113
157
64
114
158
64
114
157
64
114
156
64
113
157
64
114
156
64
114
156
64
114
156
64
114
158
64
112
154
64
113
156
64
113
155
64
114
158
64
113
157
64
112
156
64
114
157
64
113
157
64
113
156
64
112
154
64
112
156
64
113
157
64
114
157
64
114
157
64
114
158
64
114
157
64
112
156
64
114
156
64
114
158
64
114
158
64
114
156
64
114
158
64
112
156
64
114
157
64
114
156
64
114
157
64
112
156
64
112
156
64
113
155
64
112
156
64
114
158
64
112
155
64
113
156
64
112
155
64
112
154
64
113
155
64
112
155
64
113
156
64
112
155
64
113
155
64
114
157
64
112
156
64
113
155
64
112
154
64
112
154
64
112
156
64
114
157
64
114
156
64
112
154
64
114
157
64
112
154
64
114
158
64
112
156
64
113
156
64
113
155
64
112
154
64
113
157
64
114
156
64
113
157
64
114
156
64
113
157
64
114
158
64
114
158
64
113
155
64
112
154
64
113
156
64
113
157
64
114
158
64
113
157
64
114
158
64
114
158
64
114
158
64
113
156
64
113
157
64
113
155
64
113
156
64
113
156
64
113
157
64
113
156
64
113
157
64
114
156
64
114
157
64
113
156
64
113
157
64
112
156
64
112
156
64
113
155
64
114
156
64
114
157
64
112
154
64
114
158
64
113
157
64
114
158
64
112
156
64
114
156
64
113
155
64
114
158
64
113
156
64
114
158
64
114
157
64
112
154
64
113
156
64
112
155
64
114
156
64
113
156
64
113
157
64
113
157
64
113
157
64
112
154
64
112
154
64
112
156
64
114
157
64
113
157
64
114
157
64
113
155
64
112
154
64
114
157
64
112
156
64
113
157
64
114
156
64
114
157
64
114
158
64
113
157
64
114
158
64
112
156
64
112
156
64
114
156
64
113
157
64
114
156
64
113
157
64
112
155
64
112
154
64
112
154
64
113
155
64
114
159
64
114
159
64
116
161
64
115
160
64
114
161
64
115
162
64
115
161
64
116
164
64
116
164
64
118
165
64
117
168
64
118
167
64
118
168
64
121
173
64
120
173
64
121
172
64
120
173
64
124
177
64
122
178
64
123
178
64
124
178
64
124
177
64
124
181
64
125
180
64
125
182
64
128
184
64
126
184
64
127
184
64
127
185
64
128
185
64
128
187
64
129
187
64
129
188
64
128
187
64
128
188
64
128
187
64
130
189
64
129
188
64
130
189
64
129
190
64
130
189
64
132
190
64
129
189
64
132
64
132
191
64
129
191
64
132
64
131
64
133
64
131
191
64
130
64
132
64
130
64
131
64
131
64
132
64
130
64
132
64
132
64
132
64
131
64
133
64
132
64
131
64
132
64
132
64
132
64
131
64
131
64
132
64
132
64
132
64
132
64
132
64
132
64
133
64
131
64
133
64
131
64
131
64
133
64
132
64
131
64
131
64
134
64
132
64
132
64
132
64
133
64
132
64
132
64
134
64
134
64
134
64
134
64
132
64
134
64
132
64
132
64
132
64
134
64
132
64
132
64
133
64
133
64
134
64
134
64
133
64
134
64
134
64
132
64
132
64
134
64
134
64
132
64
132
64
133
64
134
64
134
64
132
64
132
64
134
64
132
64
134
64
132
64
132
64
134
64
134
64
132
64
133
64
132
64
132
64
133
64
132
64
132
64
132
64
133
64
132
64
134
64
132
64
134
64
132
64
132
64
132
64
133
64
132
64
134
64
134
64
133
64
134
64
132
64
134
64
132
64
134
64
132
64
133
64
134
64
134
64
132
64
132
64
132
64
133
64
134
64
132
64
132
64
132
64
133
64
133
64
133
64
133
64
134
64
133
64
132
64
132
64
134
64
133
64
134
64
132
64
133
64
132
64
133
64
132
64
132
64
133
64
133
64
133
64
132
64
132
64
134
64
134
64
132
64
134
64
134
64
132
64
133
64
133
64
132
64
134
64
132
64
133
64
133
64
133
64
133
64
132
64
133
64
132
64
132
64
134
64
132
64
132
64
134
64
134
64
134
64
134
64
134
64
133
64
134
64
134
64
132
64
134
64
133
64
133
64
132
64
132
64
133
64
134
64
132
64
132
64
132
64
134
64
132
64
133
64
132
64
132
64
134
64
133
64
134
64
133
64
133
64
132
64
134
64
134
64
133
64
132
64
132
64
132
64
133
64
134
64
133
64
134
64
134
64
133
64
132
64
134
64
132
64
134
64
132
64
133
64
132
64
134
64
132
64
133
64
132
64
132
64
134
64
133
64
134
64
132
64
133
64
134
64
132
64
134
64
134
64
132
64
134
64
133
64
133
64
132
64
134
64
133
64
134
64
133
64
132
64
132
64
132
64
132
64
132
64
134
64
133
64
132
64
133
64
134
64
132
64
132
64
132
64
132
64
132
64
132
64
133
64
132
64
132
64
134
64
134
64
133
64
133
64
132
64
132
64
134
64
134
64
133
64
133
64
134
64
134
64
132
64
134
64
133
64
133
64
132
64
132
64
134
64
133
64
134
64
133
64
133
64
132
64
132
64
132
64
134
64
132
64
134
64
134
64
132
64
132
64
134
64
133
64
132
64
132
64
132
64
133
64
134
64
134
64
134
64
132
64
134
64
134
64
134
64
133
64
132
64
134
64
132
64
134
64
133
64
133
64
133
64
132
64
132
64
132
64
132
64
134
64
133
64
132
64
133
64
133
64
133
64
132
64
134
64
133
64
133
64
132
64
132
64
132
64
133
64
132
64
133
64
133
64
132
64
134
64
132
64
132
64
133
64
134
64
133
64
132
64
133
64
132
64
132
64
134
64
134
64
134
64
133
64
132
64
134
64
134
64
133
64
133
64
133
64
133
64
133
64
132
64
132
64
134
64
134
64
134
64
134
64
132
64
132
64
134
64
133
64
133
64
132
64
132
64
134
64
133
64
134
64
134
64
133
64
133
64
132
64
133
64
132
64
133
64
134
64
132
64
134
64
133
64
133
64
133
64
133
64
134
64
133
64
134
64
133
64
133
64
134
64
133
64
132
64
133
64
132
64
132
64
134
64
133
64
132
64
133
64
132
64
133
64
133
64
133
64
133
64
133
64
132
64
134
64
133
64
133
64
134
64
132
64
132
64
134
64
132
64
132
64
132
64
134
64
133
64
134
64
132
64
132
64
133
64
132
64
134
64
132
64
134
64
132
64
133
64
134
64
134
64
134
64
133
64
133
64
132
64
132
64
133
64
133
64
133
64
133
64
134
64
134
64
133
64
134
64
133
64
132
64
132
64
133
64
134
64
133
64
133
64
134
64
133
64
133
64
133
64
132
64
134
64
134
64
132
64
132
64
133
64
133
64
133
64
133
64
132
64
132
64
133
64
132
64
132
64
134
64
134
64
134
64
133
64
132
64
134
64
133
64
134
64
134
64
134
64
132
64
134
64
133
64
132
64
134
64
132
64
134
64
133
64
132
64
133
64
134
64
134
64
132
64
132
64
133
64
134
64
132
64
132
64
133
64
134
64
133
64
134
64
133
64
133
64
134
64
132
64
134
64
132
64
134
64
132
64
133
64
134
64
134
64
133
64
134
64
133
64
132
64
133
64
132
64
134
64
133
64
134
64
133
64
134
64
133
64
133
64
134
64
132
64
133
64
133
64
133
64
132
64
134
64
134
64
133
64
132
64
133
64
134
64
133
64
132
64
134
64
132
64
133
64
132
64
132
64
132
64
132
64
132
64
134
64
133
64
133
64
132
64
134
64
133
64
134
64
133
64
134
64
134
64
134
64
133
64
133
64
132
64
134
64
133
64
132
64
132
64
132
64
134
64
134
64
132
64
133
64
134
64
133
64
134
64
133
64
134
64
132
64
132
64
132
64
132
64
133
64
132
64
133
64
134
64
133
64
132
64
134
64
134
64
134
64
133
64
132
64
132
64
134
64
133
64
132
64
133
64
133
64
134
64
133
64
133
64
133
64
133
64
134
64
133
64
134
64
132
64
133
64
134
64
133
64
133
64
132
64
133
64
134
64
133
64
134
64
132
64
132
64
133
64
134
64
132
64
133
64
134
64
133
64
133
64
133
64
132
64
133
64
132
64
133
64
133
64
134
64
133
64
132
64
132
64
132
64
132
64
132
64
133
64
134
64
132
64
134
64
133
64
133
64
132
64
134
64
134
64
134
64
133
64
133
64
134
64
133
64
132
64
132
64
133
64
132
64
133
64
133
64
132
64
132
64
134
64
132
64
134
64
134
64
134
64
132
64
133
64
133
64
134
64
133
64
134
64
134
64
132
64
133
64
132
64
133
64
134
64
134
64
134
64
134
64
134
64
134
64
132
64
134
64
133
64
132
64
132
64
134
64
132
64
134
64
134
64
133
64
133
64
133
64
134
64
133
64
134
64
133
64
132
64
134
64
134
64
134
64
132
64
133
64
132
64
133
64
133
64
132
64
134
64
134
64
134
64
133
64
133
64
134
64
133
64
134
64
134
64
132
64
133
64
132
64
134
64
133
64
134
64
132
64
133
64
132
64
134
64
132
64
134
64
132
64
132
64
133
64
133
64
133
