135
141
147
152
157
163
168
64
78
93
105
117
126
134
142
149
157
164
64
81
96
110
121
134
144
152
161
167
64
83
100
114
128
141
152
163
64
83
101
117
131
143
155
167
64
86
105
124
140
154
168
64
86
106
123
139
153
165
64
88
112
132
149
164
64
89
111
132
150
167
64
89
115
137
156
64
92
117
139
159
64
91
116
142
164
64
95
121
147
169
64
95
124
150
64
96
124
149
64
96
127
154
64
98
131
158
64
98
131
161
64
100
132
162
64
104
139
64
102
137
169
64
104
140
64
103
143
64
106
144
64
107
148
64
106
146
64
107
149
64
109
154
64
109
152
64
113
156
64
110
157
64
114
158
64
115
162
64
113
161
64
114
162
64
115
162
64
117
168
64
116
166
64
117
167
64
118
169
64
121
64
120
64
124
64
122
64
124
64
128
64
127
64
128
64
131
64
131
64
132
64
132
64
131
64
135
64
136
64
134
64
137
64
139
64
137
64
138
64
141
64
140
64
142
64
143
64
140
64
142
64
145
64
143
64
144
64
143
64
143
64
145
64
144
64
143
64
143
64
145
64
147
64
145
64
145
64
147
64
146
64
148
64
149
64
150
64
150
64
150
64
150
64
151
64
151
64
153
64
153
64
152
64
154
64
155
64
154
64
156
64
154
64
156
64
157
64
155
64
157
64
158
64
156
64
157
64
157
64
159
64
158
64
159
64
160
64
158
64
159
64
161
64
160
64
160
64
162
64
162
64
160
64
161
64
163
64
162
64
161
64
161
64
163
64
163
64
162
64
162
64
162
64
162
64
164
64
162
64
165
64
164
64
165
64
165
64
164
64
164
64
163
64
165
64
164
64
165
64
164
64
166
64
165
64
165
64
165
64
164
64
164
64
166
64
165
64
164
64
166
64
165
64
167
64
167
64
165
64
166
64
165
64
166
64
165
64
165
64
165
64
166
64
165
64
165
64
165
64
167
64
165
64
168
64
166
64
168
64
167
64
168
64
166
64
168
64
168
64
168
64
166
64
167
64
166
64
167
64
167
64
166
64
166
64
168
64
167
64
167
64
168
64
166
64
168
64
168
64
167
64
168
64
168
64
166
64
166
64
167
64
167
64
166
64
167
64
168
64
168
64
166
64
167
64
168
64
168
64
168
64
168
64
169
64
169
64
168
64
169
64
169
64
167
64
167
64
168
64
167
64
169
64
167
64
169
64
167
64
167
64
169
64
169
64
168
64
169
64
167
64
168
64
168
64
168
64
167
64
168
64
169
64
169
64
169
64
169
64
169
64
169
64
168
64
169
64
168
64
168
64
169
64
168
64
168
64
169
64
169
64
168
64
169
64
169
64
167
64
169
64
168
64
167
64
169
64
167
64
168
64
168
64
167
64
168
64
167
64
167
64
167
64
167
64
169
64
167
64
168
64
167
64
167
64
169
64
168
64
167
64
169
64
168
64
169
64
168
64
167
64
168
64
167
64
169
64
167
64
168
64
168
64
168
64
168
64
169
64
169
64
169
64
168
64
169
64
169
64
167
64
168
64
169
64
169
64
168
64
167
64
169
64
167
64
168
64
168
64
168
64
169
64
168
64
167
64
169
64
169
64
169
64
168
64
169
64
168
64
167
64
168
64
168
64
168
64
167
64
168
64
168
64
167
64
168
64
168
64
167
64
168
64
169
64
169
64
168
64
168
64
167
64
168
64
168
64
167
64
169
64
167
64
167
64
168
64
167
64
167
64
167
64
167
64
168
64
168
64
169
64
167
64
167
64
169
64
169
64
168
64
167
64
169
64
169
64
169
64
168
64
167
64
167
64
168
64
169
64
169
64
167
64
169
64
167
64
168
64
168
64
167
64
169
64
168
64
169
64
169
64
169
64
167
64
169
64
167
64
169
64
168
64
168
64
169
64
169
64
167
64
167
64
168
64
167
64
167
64
167
64
167
64
169
64
168
64
168
64
167
64
168
64
169
64
168
64
168
64
169
64
169
64
167
64
168
64
167
64
169
64
168
64
168
64
168
64
167
64
167
64
169
64
167
64
169
64
169
64
168
64
168
64
168
64
168
64
167
64
169
64
169
64
168
64
168
64
167
64
169
64
167
64
168
64
167
64
169
64
167
64
168
64
168
64
169
64
167
64
169
64
169
64
168
64
168
64
167
64
167
64
167
64
169
64
168
64
168
64
168
64
168
64
167
64
167
64
168
64
168
64
167
64
168
64
167
64
169
64
169
64
167
64
168
64
168
64
168
64
169
64
167
64
168
64
167
64
167
64
169
64
168
64
169
64
168
64
167
64
169
64
169
64
168
64
167
64
168
64
167
64
169
64
167
64
168
64
169
64
167
64
169
64
167
64
169
64
168
64
168
64
167
64
169
64
167
64
167
64
169
64
167
64
167
64
169
64
168
64
167
64
168
64
168
64
168
64
167
64
167
64
167
64
169
64
168
64
167
64
169
64
169
64
167
64
167
64
167
64
169
64
168
64
169
64
169
64
167
64
167
64
168
64
167
64
168
64
169
64
167
64
168
64
167
64
169
64
169
64
169
64
169
64
168
64
167
64
169
64
168
64
168
64
169
64
167
64
167
64
168
64
169
64
169
64
169
64
169
64
167
64
167
64
169
64
168
64
168
64
168
64
169
64
168
64
167
64
167
64
167
64
169
64
168
64
168
64
168
64
168
64
168
64
168
64
167
64
169
64
169
64
169
64
167
64
167
64
169
64
169
64
169
64
168
64
167
64
167
64
168
64
169
64
167
64
169
64
168
64
168
64
167
64
168
64
169
64
167
64
168
64
168
64
169
64
168
64
168
64
168
64
167
64
169
64
167
64
167
64
168
64
168
64
168
64
169
64
169
64
167
64
168
64
169
64
169
64
167
64
169
64
169
64
169
64
168
64
167
64
169
64
167
64
169
64
168
64
167
64
167
64
169
64
169
64
169
64
168
64
169
64
169
64
169
64
169
64
167
64
167
64
167
64
168
64
169
64
167
64
169
64
167
64
167
64
168
64
168
64
167
64
167
64
168
64
167
64
169
64
169
64
168
64
169
64
167
64
168
64
168
64
168
64
167
64
169
64
167
64
167
64
168
64
169
64
168
64
168
64
167
64
168
64
169
64
169
64
168
64
168
64
168
64
167
64
167
64
169
64
169
64
167
64
167
64
169
64
169
64
167
64
168
64
167
64
167
64
167
64
167
64
167
64
167
64
169
64
167
64
169
64
167
64
168
64
168
64
169
64
167
64
168
64
168
64
169
64
169
64
168
64
167
64
168
64
167
64
167
64
167
64
167
64
169
64
167
64
168
64
167
64
168
64
167
64
167
64
168
64
168
64
169
64
169
64
167
64
169
64
167
64
169
64
167
64
168
64
168
64
169
64
169
64
168
64
168
64
169
64
169
64
169
64
169
64
167
64
167
64
169
64
169
64
167
64
168
64
169
64
169
64
169
64
168
64
169
64
168
64
168
64
168
64
168
64
167
64
168
64
168
64
169
64
168
64
169
64
169
64
167
64
169
64
168
64
169
64
167
64
168
64
169
64
169
64
167
64
169
64
167
64
168
64
167
64
168
64
167
64
169
64
167
64
169
64
167
64
169
64
167
64
167
64
168
64
167
64
167
64
167
64
167
64
167
64
168
64
168
64
169
64
168
64
167
64
167
64
168
64
169
64
167
64
168
64
167
64
169
64
168
64
168
64
168
64
167
64
168
64
167
64
167
64
168
64
167
64
168
64
168
64
168
64
167
64
168
64
169
64
167
64
169
64
168
64
168
64
168
64
168
64
169
64
167
64
167
64
168
64
169
64
168
64
168
64
167
64
169
64
168
64
168
64
167
64
167
64
167
64
169
64
167
64
169
64
168
64
168
64
167
64
169
64
168
64
167
64
167
64
169
64
168
64
168
64
167
64
167
64
167
64
167
64
167
64
169
64
168
64
169
64
167
64
167
64
167
64
169
64
167
64
169
64
168
64
168
64
167
64
167
64
169
64
169
64
167
64
169
64
167
64
168
64
169
64
168
64
169
64
167
64
168
64
168
64
167
64
167
64
168
64
169
64
168
64
169
64
167
64
168
64
169
64
169
64
168
64
168
64
168
64
167
64
167
64
169
64
167
64
168
64
168
64
169
64
169
64
169
64
167
64
167
64
169
64
167
64
169
64
168
64
169
64
167
64
169
64
168
64
168
64
168
64
168
64
169
64
167
64
168
64
168
64
168
64
169
64
167
64
168
64
168
64
167
64
169
64
169
64
169
64
168
64
167
64
168
64
167
64
168
64
168
64
169
64
169
64
168
64
167
64
167
64
169
64
168
64
169
64
167
64
169
64
167
64
168
64
168
64
167
64
167
64
169
64
168
64
168
64
168
64
167
64
169
64
169
64
169
64
169
64
169
64
169
64
169
64
167
64
167
64
168
64
168
64
167
64
167
64
169
64
168
64
167
64
167
64
168
64
167
64
168
64
169
64
167
64
169
64
168
64
168
64
167
64
167
64
168
64
167
64
169
64
169
64
168
64
169
64
64
