128
129
128
129
128
128
129
129
128
127
126
127
128
127
127
128
127
126
125
124
125
125
124
124
125
126
127
126
126
126
125
124
124
126
125
124
125
126
127
126
127
128
129
129
129
130
128
128
128
128
128
128
129
130
129
129
130
131
132
131
130
130
130
130
130
130
128
127
127
126
127
127
127
127
127
126
126
127
126
125
126
128
130
132
135
137
136
137
137
136
136
138
139
140
141
142
141
142
143
144
143
146
148
149
151
151
152
153
154
155
156
157
155
155
154
157
159
160
161
161
163
164
164
164
164
164
165
164
165
167
168
169
169
170
169
170
171
170
172
173
174
175
175
175
177
179
178
180
179
180
180
183
185
187
187
188
188
187
187
186
187
190
191
64
76
90
101
111
119
127
134
143
149
156
161
166
170
172
176
180
183
187
189
191
64
77
92
105
118
130
138
146
153
160
167
174
181
185
190
64
79
94
106
119
131
142
152
159
167
174
178
183
188
64
82
96
110
122
136
148
157
167
174
180
185
64
82
98
113
128
138
152
161
172
181
188
64
84
101
117
131
144
154
165
177
186
64
83
100
118
135
148
160
172
183
64
85
105
122
138
152
166
177
186
64
87
108
126
141
156
169
181
64
86
109
130
147
161
174
189
64
87
107
126
145
161
176
190
64
89
112
132
151
166
182
64
89
110
133
151
167
183
64
91
116
136
156
174
189
64
93
116
138
157
176
64
92
117
142
163
180
64
93
120
142
163
184
64
93
118
142
164
182
64
94
122
146
166
186
64
93
119
145
167
186
64
95
123
147
169
191
64
93
122
148
172
64
93
123
148
171
64
95
123
149
172
64
97
126
150
174
64
97
125
153
175
64
94
125
151
176
64
96
127
152
174
64
96
124
152
177
64
97
127
155
182
64
98
129
156
181
64
98
131
159
187
64
99
133
162
191
64
101
134
163
189
64
100
133
165
64
101
135
167
64
103
138
167
64
103
138
170
64
102
137
168
64
105
139
171
64
103
140
174
64
103
141
174
64
105
140
173
64
105
142
177
64
103
140
174
64
106
142
175
64
104
140
175
64
105
144
177
64
107
143
178
64
106
145
180
64
106
145
178
64
105
145
178
64
107
144
179
64
105
144
179
64
106
144
178
64
107
144
181
64
107
146
182
64
108
146
181
64
107
146
182
64
105
146
181
64
106
146
181
64
108
145
181
64
106
147
184
64
107
146
181
64
107
146
183
64
108
149
183
64
107
145
179
64
107
146
184
64
106
145
181
64
108
149
184
64
108
147
182
64
108
147
183
64
107
148
182
64
109
148
183
64
108
149
186
64
108
149
183
64
107
147
184
64
106
147
183
64
109
148
182
64
109
147
184
64
107
148
183
64
110
150
186
64
107
145
181
64
107
149
185
64
108
149
184
64
107
148
184
64
108
149
184
64
110
149
184
64
109
148
186
64
106
148
184
64
110
150
186
64
107
147
185
64
107
148
186
64
110
150
186
64
109
150
186
64
108
149
185
64
108
148
185
64
109
149
186
64
107
148
183
64
110
150
184
64
108
149
186
64
108
147
184
64
110
150
186
64
108
148
185
64
107
147
182
64
109
150
184
64
109
149
187
64
107
147
183
64
109
150
187
64
108
149
185
64
108
150
187
64
110
149
185
64
107
148
185
64
107
147
184
64
108
148
183
64
108
148
184
64
109
149
185
64
108
149
184
64
107
146
183
64
109
149
186
64
108
147
182
64
109
150
188
64
107
148
185
64
110
151
187
64
108
148
184
64
107
148
185
64
109
149
186
64
107
147
183
64
109
150
187
64
109
149
185
64
109
149
185
64
108
149
186
64
110
149
186
64
108
148
186
64
109
150
187
64
108
149
186
64
108
147
185
64
108
150
186
64
109
148
185
64
107
148
184
64
107
147
182
64
108
149
185
64
107
148
185
64
109
149
185
64
108
147
183
64
108
149
187
64
108
149
186
64
110
149
186
64
109
150
188
64
108
150
187
64
108
147
184
64
108
149
185
64
108
150
186
64
109
150
185
64
109
149
185
64
109
150
186
64
108
147
183
64
109
148
186
64
107
147
182
64
110
149
185
64
108
148
185
64
107
149
184
64
109
148
185
64
107
148
184
64
109
150
186
64
108
149
186
64
107
148
184
64
108
149
185
64
108
149
186
64
108
149
186
64
109
149
186
64
108
149
185
64
109
149
185
64
107
148
185
64
108
147
182
64
109
149
187
64
107
149
185
64
110
149
185
64
109
150
187
64
109
149
184
64
110
151
186
64
107
146
183
64
109
149
184
64
110
151
188
64
108
148
184
64
109
150
185
64
110
149
185
64
109
149
185
64
107
148
184
64
108
148
185
64
109
148
184
64
107
147
184
64
109
149
186
64
108
149
187
64
108
148
184
64
110
151
187
64
109
148
184
64
107
147
184
64
110
149
184
64
108
148
184
64
107
147
184
64
110
150
185
64
107
148
186
64
109
150
187
64
110
149
184
64
107
148
185
64
108
149
184
64
109
149
186
64
108
148
186
64
108
149
184
64
108
148
184
64
109
149
186
64
107
148
185
64
109
148
185
64
109
150
188
64
109
149
184
64
109
150
186
64
107
146
183
64
107
148
183
64
110
151
186
64
109
148
184
64
109
149
186
64
110
149
185
64
108
148
185
64
108
149
186
64
108
147
184
64
107
148
184
64
109
150
186
64
108
149
186
64
107
148
186
64
109
149
185
64
110
149
186
64
108
147
185
64
108
148
183
64
108
149
186
64
108
148
186
64
108
148
184
64
108
148
185
64
108
148
184
64
107
149
185
64
109
149
184
64
108
147
183
64
109
150
187
64
110
151
188
64
108
148
184
64
108
149
184
64
109
148
183
64
108
147
185
64
108
150
185
64
108
147
183
64
108
148
186
64
108
148
185
64
110
149
184
64
108
147
183
64
109
151
186
64
109
149
186
64
109
149
187
64
109
149
184
64
110
149
186
64
107
147
185
64
108
149
186
64
108
148
184
64
109
149
185
64
108
148
184
64
108
149
186
64
108
149
187
64
108
148
183
64
109
150
187
64
108
149
186
64
108
148
185
64
109
150
185
64
109
149
185
64
108
150
186
64
110
151
187
64
107
146
184
64
109
151
186
64
109
148
184
64
109
150
188
64
108
148
184
64
110
150
186
64
109
150
187
64
109
151
188
64
108
148
184
64
107
146
183
64
109
150
186
64
109
149
185
64
107
146
183
64
107
149
185
64
110
151
187
64
107
147
184
64
107
149
185
64
109
148
185
64
107
147
183
64
108
149
186
64
109
150
186
64
107
147
183
64
107
147
183
64
110
151
188
64
109
149
185
64
109
150
187
64
110
149
184
64
108
148
186
64
109
151
188
64
109
148
183
64
107
147
183
64
108
149
186
64
108
148
184
64
108
149
186
64
107
148
185
64
108
148
183
64
107
148
185
64
108
148
185
64
110
149
185
64
107
148
185
64
108
150
186
64
109
148
184
64
108
148
185
64
109
151
186
64
110
150
187
64
107
146
184
64
107
147
182
64
110
151
188
64
108
148
185
64
108
150
186
64
109
149
186
64
108
148
186
64
107
148
185
64
109
150
187
64
107
148
185
64
107
147
182
64
109
150
186
64
107
146
183
64
109
150
185
64
109
150
185
64
108
149
186
64
107
149
184
64
109
150
187
64
109
148
186
64
108
149
186
64
109
149
185
64
109
148
185
64
108
149
185
64
108
147
184
64
108
148
184
64
109
149
185
64
109
150
187
64
107
146
184
64
108
148
183
64
109
148
185
64
108
147
184
64
108
148
183
64
110
149
185
64
109
148
186
64
109
151
186
64
109
150
186
64
108
149
185
64
107
148
183
64
109
148
184
64
107
147
183
64
108
148
184
64
110
151
187
64
108
149
186
64
107
147
183
64
110
149
186
64
107
148
184
64
107
148
184
64
109
148
183
64
107
147
185
64
109
150
186
64
110
151
188
64
108
148
184
64
108
150
187
64
108
147
184
64
109
149
185
64
108
150
185
64
109
148
185
64
108
147
185
64
107
148
183
64
110
150
186
64
108
149
185
64
108
148
184
64
110
149
185
64
108
148
185
64
108
148
183
64
108
149
186
64
109
149
185
64
108
149
184
64
110
151
186
64
108
148
186
64
108
149
184
64
109
150
186
64
108
148
185
64
107
148
185
64
109
148
183
64
109
148
185
64
109
151
186
64
110
150
186
64
107
146
182
64
107
147
184
64
109
148
183
64
108
147
185
64
108
149
184
64
110
149
184
64
107
146
182
64
108
150
186
64
109
148
184
64
108
147
184
64
108
148
184
64
108
149
185
64
109
150
187
64
107
148
185
64
109
149
186
64
109
149
186
64
107
147
183
64
109
150
187
64
109
149
187
64
109
151
187
64
108
149
185
64
108
148
184
64
108
149
186
64
110
151
187
64
107
146
182
64
109
151
187
64
110
149
185
64
108
149
187
64
108
148
183
64
108
149
186
64
108
148
184
64
108
149
186
64
109
149
186
64
107
146
183
64
108
149
186
64
108
147
184
64
109
149
187
64
109
150
185
64
109
149
186
64
108
148
186
64
108
149
184
64
110
150
186
64
107
146
183
64
107
149
186
64
109
149
185
64
108
149
185
64
108
150
186
64
108
148
185
64
107
148
186
64
107
149
184
64
108
149
186
64
108
147
183
64
107
149
186
64
109
149
186
64
109
149
186
64
109
151
186
64
108
147
182
64
109
150
188
64
107
147
184
64
108
148
184
64
108
148
184
64
108
150
185
64
110
149
184
64
109
148
184
64
108
149
186
64
108
149
186
64
109
148
186
64
108
149
184
64
109
149
186
64
107
146
184
64
109
150
187
64
110
151
188
64
109
149
187
64
109
151
188
64
108
147
183
64
109
149
187
64
107
148
183
64
110
149
184
64
108
147
184
64
109
150
187
64
108
149
185
64
107
148
185
64
109
149
186
64
109
150
187
64
107
148
186
64
108
150
185
64
108
147
183
64
107
147
183
64
108
150
185
64
110
151
186
64
108
148
184
64
109
150
187
64
108
147
182
64
109
150
187
64
107
147
182
64
109
150
186
64
107
146
183
64
108
149
185
64
110
149
184
64
108
148
185
64
107
149
186
64
110
151
188
64
107
148
185
64
109
150
187
64
108
149
186
64
108
148
186
64
109
149
184
64
109
150
187
64
108
149
185
64
109
149
185
64
109
150
185
64
109
150
186
64
107
148
184
64
109
150
185
64
109
149
185
64
108
148
183
64
109
148
185
64
109
149
186
64
108
150
186
64
110
150
187
64
107
148
184
64
107
147
184
64
109
149
186
64
108
149
187
64
107
149
184
64
108
148
184
64
107
147
183
64
108
148
183
64
110
150
186
64
109
150
188
64
107
147
184
64
109
149
184
64
108
149
186
64
109
151
188
64
109
149
185
64
107
147
184
64
107
147
183
64
110
151
187
64
109
149
186
64
108
150
187
64
110
149
185
64
108
148
185
64
108
150
186
64
110
149
185
64
108
149
187
64
108
149
185
64
110
150
185
64
107
148
184
64
108
148
184
64
109
150
185
64
107
147
184
64
108
150
187
64
110
150
187
64
108
149
185
64
109
149
186
64
110
149
185
64
107
146
184
64
109
151
186
64
110
151
188
64
109
148
185
64
109
149
185
64
110
149
184
64
109
148
184
64
108
149
185
64
109
148
184
64
108
149
186
64
108
149
184
64
109
148
183
64
107
147
185
64
108
150
187
64
109
148
184
64
107
146
183
64
107
149
184
64
110
150
185
64
108
147
185
64
109
150
185
64
110
149
186
64
107
148
184
64
107
147
182
64
108
147
183
64
109
150
188
64
107
149
185
64
109
149
184
64
108
147
185
64
109
151
187
64
108
149
185
64
108
148
186
64
108
148
184
64
110
150
187
64
109
148
184
64
107
148
184
64
108
149
186
64
109
149
187
64
109
149
184
64
110
149
184
64
108
147
183
64
107
147
183
64
108
148
183
64
109
149
186
64
108
149
184
64
110
150
187
64
108
148
184
64
108
148
183
64
109
148
184
64
108
148
186
64
108
148
183
64
109
150
186
64
109
148
185
64
108
150
185
64
110
151
186
64
107
148
186
64
107
148
183
64
109
150
186
64
108
148
186
64
109
151
186
64
109
148
185
64
109
150
188
64
108
148
183
64
108
149
185
64
109
150
186
64
107
147
182
64
109
148
185
64
109
150
187
64
108
148
183
64
110
150
187
64
108
148
184
64
107
149
185
64
109
150
187
64
107
147
183
64
109
151
188
64
109
149
185
64
107
147
184
64
107
148
184
64
110
150
187
64
107
148
184
64
109
150
186
64
110
151
188
64
109
149
187
64
108
150
185
64
108
148
184
64
109
150
187
64
107
149
186
64
109
150
186
64
107
148
185
64
109
151
188
64
108
147
182
64
109
150
186
64
107
148
183
64
109
150
185
64
109
148
184
64
107
149
186
64
109
149
185
64
107
147
185
64
109
149
186
64
109
148
185
64
108
149
185
64
108
149
185
64
108
149
185
64
107
147
184
64
107
147
182
64
109
150
187
64
109
149
187
64
109
151
188
64
110
149
184
64
107
148
184
64
109
149
184
64
108
147
184
64
107
148
186
64
107
148
185
64
108
148
184
64
109
148
185
64
109
150
187
64
108
148
185
64
107
148
185
64
107
147
182
64
108
148
184
64
109
148
186
64
108
150
187
64
110
149
186
64
107
147
185
64
109
150
187
64
109
149
186
64
109
149
187
64
108
149
186
64
109
148
185
64
108
147
185
64
107
148
184
64
108
148
184
64
108
147
183
64
107
147
183
64
108
149
185
64
107
146
183
64
109
149
186
64
108
149
185
64
107
148
186
64
108
150
187
64
109
150
186
64
108
147
183
64
107
149
186
64
110
149
185
64
109
150
186
64
108
150
186
64
109
148
185
64
109
149
186
64
109
149
186
64
109
149
184
64
108
147
184
64
109
149
185
64
109
150
186
64
108
147
183
64
109
149
185
64
108
148
185
64
109
150
186
64
108
149
186
64
109
150
187
64
109
150
187
64
108
148
183
64
109
148
183
64
109
148
185
64
108
149
184
64
108
149
185
64
109
149
186
64
109
150
185
64
109
149
186
64
109
149
187
64
108
148
183
64
110
150
187
64
107
147
185
64
109
150
185
64
108
148
185
64
109
149
185
64
108
148
185
64
108
147
183
