127
128
127
127
128
129
128
128
128
131
133
135
135
137
136
137
139
140
141
143
145
146
147
148
150
150
151
152
151
155
156
159
161
161
161
163
163
165
167
168
168
64
75
85
94
106
116
124
130
137
144
147
154
160
164
168
64
77
91
103
116
125
133
141
149
158
165
64
79
93
105
117
128
138
147
156
165
64
80
95
111
124
138
148
160
168
64
83
101
116
129
142
156
166
64
86
105
121
136
152
164
64
86
108
128
143
159
64
86
107
127
145
162
64
89
111
131
148
167
64
90
114
137
157
64
91
117
139
159
64
91
117
141
163
64
94
120
144
166
64
94
121
147
64
96
125
151
64
95
127
152
64
96
128
155
64
97
126
154
64
97
129
156
64
99
131
160
64
99
130
159
64
98
131
162
64
101
134
165
64
100
135
166
64
104
139
64
105
141
64
104
142
64
106
145
64
108
148
64
109
149
64
109
151
64
110
153
64
111
154
64
111
155
64
111
156
64
113
157
64
113
160
64
114
159
64
114
160
64
116
163
64
116
163
64
117
165
64
117
165
64
118
165
64
117
167
64
119
167
64
119
169
64
121
64
119
168
64
119
64
120
64
121
64
120
64
121
64
121
64
122
64
122
64
121
64
122
64
121
64
122
64
123
64
123
64
123
64
122
64
121
64
124
64
124
64
123
64
122
64
123
64
122
64
124
64
122
64
123
64
125
64
123
64
125
64
125
64
123
64
124
64
125
64
123
64
125
64
124
64
126
64
125
64
124
64
126
64
125
64
125
64
125
64
126
64
126
64
126
64
126
64
125
64
126
64
126
64
125
64
126
64
127
64
125
64
125
64
125
64
126
64
126
64
125
64
127
64
125
64
127
64
126
64
127
64
127
64
125
64
127
64
125
64
125
64
126
64
125
64
127
64
126
64
126
64
125
64
125
64
126
64
126
64
127
64
126
64
127
64
127
64
127
64
125
64
127
64
127
64
128
64
126
64
126
64
127
64
127
64
128
64
127
64
127
64
128
64
126
64
127
64
127
64
128
64
128
64
128
64
128
64
128
64
127
64
126
64
127
64
128
64
128
64
126
64
127
64
126
64
128
64
128
64
128
64
128
64
126
64
126
64
126
64
127
64
126
64
126
64
128
64
128
64
126
64
127
64
126
64
126
64
128
64
128
64
127
64
126
64
128
64
128
64
127
64
127
64
126
64
126
64
128
64
128
64
126
64
128
64
127
64
128
64
126
64
126
64
127
64
126
64
128
64
127
64
126
64
128
64
128
64
126
64
128
64
127
64
126
64
127
64
127
64
126
64
128
64
127
64
126
64
128
64
128
64
127
64
128
64
127
64
128
64
128
64
127
64
128
64
127
64
126
64
127
64
127
64
127
64
128
64
126
64
128
64
127
64
128
64
128
64
126
64
127
64
126
64
127
64
127
64
126
64
126
64
128
64
127
64
128
64
126
64
126
64
128
64
128
64
127
64
128
64
127
64
128
64
126
64
128
64
127
64
128
64
127
64
128
64
128
64
127
64
127
64
128
64
127
64
128
64
126
64
126
64
128
64
126
64
128
64
127
64
127
64
128
64
127
64
127
64
127
64
128
64
128
64
128
64
128
64
128
64
128
64
127
64
128
64
127
64
128
64
126
64
126
64
128
64
128
64
126
64
126
64
126
64
126
64
126
64
126
64
126
64
127
64
126
64
127
64
127
64
127
64
126
64
126
64
127
64
127
64
128
64
126
64
126
64
126
64
127
64
127
64
126
64
127
64
127
64
126
64
127
64
128
64
126
64
126
64
127
64
127
64
126
64
127
64
128
64
128
64
128
64
126
64
128
64
126
64
128
64
128
64
128
64
128
64
127
64
126
64
128
64
126
64
128
64
128
64
128
64
127
64
127
64
128
64
127
64
128
64
127
64
128
64
126
64
126
64
128
64
126
64
128
64
126
64
126
64
127
64
126
64
126
64
128
64
128
64
126
64
128
64
127
64
126
64
128
64
128
64
127
64
127
64
127
64
127
64
127
64
126
64
127
64
126
64
128
64
126
64
126
64
126
64
126
64
128
64
127
64
126
64
126
64
128
64
128
64
127
64
127
64
126
64
128
64
128
64
126
64
128
64
126
64
128
64
126
64
128
64
127
64
128
64
127
64
127
64
127
64
128
64
126
64
126
64
126
64
128
64
128
64
127
64
128
64
128
64
126
64
126
64
128
64
127
64
128
64
127
64
128
64
127
64
128
64
127
64
127
64
127
64
127
64
127
64
128
64
127
64
128
64
128
64
128
64
126
64
126
64
127
64
127
64
126
64
128
64
126
64
126
64
126
64
126
64
128
64
126
64
128
64
127
64
126
64
128
64
127
64
127
64
128
64
128
64
128
64
126
64
127
64
128
64
126
64
126
64
126
64
126
64
128
64
126
64
126
64
127
64
127
64
127
64
127
64
128
64
128
64
127
64
126
64
128
64
127
64
128
64
127
64
127
64
127
64
126
64
128
64
126
64
126
64
126
64
127
64
126
64
126
64
126
64
126
64
126
64
126
64
127
64
126
64
128
64
127
64
126
64
126
64
127
64
128
64
128
64
126
64
128
64
126
64
127
64
128
64
128
64
126
64
128
64
127
64
128
64
126
64
128
64
126
64
128
64
126
64
128
64
128
64
126
64
127
64
127
64
127
64
127
64
127
64
128
64
127
64
128
64
128
64
127
64
126
64
127
64
127
64
127
64
127
64
126
64
126
64
126
64
126
64
126
64
126
64
128
64
126
64
127
64
126
64
128
64
128
64
128
64
126
64
128
64
128
64
128
64
126
64
128
64
128
64
126
64
126
64
126
64
127
64
128
64
128
64
127
64
127
64
128
64
128
64
128
64
126
64
127
64
126
64
126
64
126
64
128
64
128
64
127
64
127
64
128
64
127
64
126
64
126
64
126
64
126
64
128
64
127
64
128
64
128
64
128
64
127
64
128
64
128
64
128
64
127
64
127
64
127
64
128
64
127
64
127
64
126
64
128
64
127
64
128
64
128
64
126
64
128
64
128
64
126
64
126
64
127
64
127
64
126
64
127
64
126
64
128
64
127
64
128
64
126
64
127
64
126
64
127
64
127
64
127
64
128
64
128
64
127
64
127
64
127
64
127
64
128
64
128
64
126
64
128
64
128
64
127
64
128
64
128
64
126
64
126
64
126
64
127
64
127
64
128
64
127
64
128
64
128
64
128
64
126
64
128
64
128
64
127
64
128
64
126
64
126
64
126
64
127
64
127
64
128
64
126
64
127
64
127
64
128
64
128
64
127
64
126
64
126
64
127
64
128
64
126
64
126
64
127
64
127
64
126
64
128
64
128
64
128
64
128
64
128
64
128
64
126
64
128
64
127
64
128
64
127
64
128
64
126
64
127
64
127
64
127
64
128
64
126
64
126
64
127
64
128
64
128
64
127
64
126
64
126
64
127
64
127
64
128
64
128
64
128
64
126
64
126
64
126
64
127
64
128
64
127
64
127
64
127
64
127
64
127
64
127
64
128
64
127
64
128
64
128
64
127
64
126
64
128
64
126
64
128
64
127
64
126
64
127
64
128
64
126
64
127
64
128
64
126
64
128
64
127
64
127
64
128
64
127
64
128
64
126
64
126
64
126
64
128
64
127
64
126
64
126
64
128
64
127
64
127
64
128
64
127
64
127
64
127
64
126
64
126
64
126
64
128
64
128
64
126
64
126
64
127
64
127
64
127
64
128
64
126
64
128
64
128
64
127
64
126
64
126
64
128
64
127
64
127
64
127
64
127
64
127
64
126
64
128
64
128
64
128
64
126
64
126
64
126
64
126
64
128
64
126
64
127
64
127
64
128
64
128
64
126
64
126
64
126
64
126
64
128
64
127
64
128
64
126
64
128
64
127
64
128
64
126
64
126
64
127
64
128
64
128
64
126
64
127
64
127
64
127
64
126
64
128
64
128
64
128
64
127
64
126
64
128
64
126
64
128
64
128
64
126
64
126
64
127
64
128
64
127
64
127
64
128
64
126
64
126
64
128
64
128
64
127
64
127
64
128
64
128
64
128
64
128
64
127
64
127
64
126
64
126
64
127
64
127
64
127
64
128
64
127
64
128
64
126
64
126
64
128
64
128
64
127
64
126
64
127
64
127
64
127
64
126
64
126
64
128
64
126
64
126
64
126
64
128
64
127
64
126
64
126
64
126
64
126
64
127
64
126
64
128
64
127
64
126
64
128
64
128
64
127
64
127
64
126
64
127
64
127
64
126
64
127
64
126
64
126
64
126
64
128
64
128
64
127
64
127
64
126
64
126
64
128
64
128
64
128
64
128
64
126
64
128
64
127
64
126
64
126
64
127
64
126
64
126
64
127
64
126
64
127
64
127
64
126
64
128
64
127
64
127
64
128
64
127
64
126
64
128
64
128
64
127
64
128
64
126
64
128
64
127
64
126
64
128
64
126
64
127
64
127
64
127
64
127
64
128
64
128
64
126
64
128
64
127
64
126
64
126
64
126
64
128
64
127
64
128
64
128
64
128
64
