129
129
130
129
129
130
129
128
127
128
129
130
131
130
130
129
130
130
130
131
132
131
132
131
131
131
131
130
131
131
130
130
130
129
128
128
129
129
130
130
130
131
132
132
132
130
129
129
129
128
127
126
126
127
126
127
128
127
126
126
125
126
125
124
125
125
126
127
127
126
127
128
128
129
129
129
128
128
129
128
129
127
128
128
127
127
127
126
127
126
127
126
126
126
127
126
127
127
127
127
127
128
128
129
128
127
126
126
127
128
127
126
126
127
127
128
127
128
128
127
127
126
127
126
125
126
127
127
127
126
125
124
124
125
125
126
128
129
127
127
128
127
128
129
129
130
129
129
128
128
129
128
128
128
128
129
130
131
129
128
129
130
129
129
127
128
128
129
128
129
128
128
127
128
128
129
129
129
129
130
130
130
129
129
130
130
129
128
129
129
129
129
129
128
129
130
130
130
130
130
130
131
131
130
130
129
129
129
130
128
129
128
129
129
130
130
129
130
131
130
130
131
130
129
130
131
132
130
129
128
128
128
128
127
128
129
129
127
128
129
130
129
129
129
130
128
129
128
129
128
129
129
128
129
129
130
131
131
129
129
129
130
131
129
130
130
130
130
131
131
129
130
131
132
131
132
130
131
132
132
132
130
131
132
132
131
131
131
131
131
129
128
127
126
125
124
126
127
127
128
128
128
128
127
128
128
129
130
130
130
131
132
130
129
130
130
129
130
131
132
131
131
130
131
130
131
130
130
129
128
127
128
129
130
129
128
129
129
128
128
127
128
128
129
128
129
128
128
128
129
128
128
127
127
128
128
127
126
126
127
128
129
129
129
129
129
129
127
127
128
128
129
128
128
127
128
128
127
127
127
127
127
128
129
130
129
129
128
128
128
129
130
131
129
129
129
129
130
129
128
129
128
127
128
127
127
128
127
126
125
125
125
126
127
127
128
129
129
128
127
127
126
125
125
125
125
124
124
126
127
127
128
128
129
129
130
130
129
128
128
128
127
126
125
126
127
126
128
128
127
126
125
124
125
127
127
127
127
127
127
128
128
128
128
127
126
125
124
126
127
127
126
125
124
124
123
122
122
122
123
125
125
125
126
127
127
126
127
127
127
127
126
127
128
129
129
129
129
128
127
126
125
124
125
125
125
126
125
127
126
125
126
126
125
127
126
125
126
127
128
129
129
130
129
128
127
128
127
128
128
128
128
127
128
128
128
127
126
125
124
124
125
125
124
125
125
125
124
126
127
127
126
127
127
126
125
126
127
126
125
125
126
126
125
126
125
125
127
127
127
127
127
128
127
127
128
129
130
130
128
128
129
128
127
126
127
126
126
125
126
125
124
123
124
124
126
126
127
126
125
124
125
126
127
126
125
127
127
128
127
126
125
126
125
126
127
127
128
127
126
126
125
126
126
127
127
127
128
128
129
129
128
128
128
128
127
128
128
128
127
127
128
127
127
126
127
128
128
127
126
127
127
126
125
125
124
123
123
124
125
125
124
125
126
127
126
127
128
127
127
126
125
124
124
124
124
125
124
124
125
126
125
126
127
126
127
126
127
126
125
126
125
125
126
125
124
124
124
125
127
126
125
124
124
124
125
125
126
126
126
126
126
126
125
125
124
123
124
125
124
125
125
124
126
125
126
127
127
126
126
125
125
125
125
125
126
125
125
126
126
126
127
127
128
127
126
125
126
125
126
125
124
123
124
125
125
126
127
128
128
129
130
129
129
129
128
128
129
130
128
129
130
131
130
128
129
130
130
129
128
127
128
127
128
129
129
128
129
129
128
127
127
127
127
127
128
129
129
128
127
128
129
129
129
128
129
129
128
128
129
129
130
130
129
130
130
131
130
129
130
131
130
131
131
131
131
130
128
128
128
129
129
128
128
128
129
128
127
128
129
129
128
129
130
131
132
132
133
132
133
133
133
131
130
131
130
131
130
130
129
129
130
131
129
128
129
130
130
129
128
129
128
128
128
128
127
127
127
126
126
125
125
124
123
125
124
123
125
126
126
125
125
126
126
125
126
126
127
126
127
126
125
124
124
125
126
126
127
127
127
126
128
129
128
128
127
127
128
127
126
127
128
127
126
127
126
128
127
126
126
125
124
125
126
125
124
125
124
124
124
125
124
126
126
125
125
125
126
126
127
128
129
128
129
128
127
128
128
127
126
125
124
126
125
126
126
127
128
128
127
127
128
129
129
130
129
129
128
127
127
127
127
128
128
127
128
129
129
128
128
128
128
127
128
127
126
127
127
128
128
128
129
129
130
128
128
129
130
129
130
128
128
127
126
127
127
127
127
128
128
127
126
125
125
124
124
125
126
127
126
127
128
127
126
126
125
125
126
126
126
127
127
126
126
125
125
125
125
126
126
126
125
126
127
127
126
127
128
128
129
128
128
128
128
127
127
128
128
129
129
130
130
131
130
128
127
126
125
127
127
128
127
126
127
126
125
124
124
124
123
124
125
126
127
127
127
127
126
127
128
128
129
128
129
130
129
130
130
131
130
129
128
127
126
126
126
126
127
127
127
127
128
129
128
127
127
128
128
127
126
125
125
125
124
125
125
124
124
125
125
126
125
125
125
125
125
125
126
125
126
127
127
126
125
126
125
126
125
124
125
126
125
125
126
126
126
126
125
126
126
126
125
124
124
125
126
126
126
128
127
127
128
129
128
129
128
127
126
126
126
125
124
125
125
126
127
128
127
128
128
128
128
129
128
127
126
126
127
126
125
126
126
126
127
127
128
127
128
129
130
130
129
129
129
130
130
128
128
129
128
128
127
128
127
128
128
127
128
127
127
126
126
125
126
127
127
128
127
126
126
126
129
130
133
135
137
139
141
140
140
141
143
144
146
149
150
152
153
153
155
155
156
156
158
160
163
165
165
166
168
168
168
169
170
173
175
176
178
178
180
181
182
183
186
189
191
191
64
78
90
102
113
123
131
139
145
152
157
161
166
173
177
182
185
188
64
77
94
107
121
131
141
149
156
166
172
178
185
189
64
79
95
109
122
134
145
155
164
172
180
187
64
81
98
114
129
143
156
166
174
183
191
64
84
101
118
133
148
162
173
183
190
64
86
107
124
138
153
167
180
190
64
85
107
127
144
160
173
185
64
86
108
126
145
161
175
187
64
89
111
132
149
163
179
64
89
112
133
152
168
185
64
90
115
138
156
171
189
64
91
114
138
159
178
64
93
119
143
163
182
64
91
117
143
166
185
64
94
121
146
169
190
64
93
120
145
170
189
64
97
125
151
173
64
96
124
150
175
64
96
127
155
178
64
97
126
154
179
64
99
131
159
185
64
98
133
162
189
64
102
136
168
64
102
136
168
64
102
138
170
64
102
136
170
64
103
141
174
64
106
142
174
64
104
142
175
64
104
143
175
64
107
146
180
64
107
144
181
64
107
147
182
64
108
146
181
64
106
145
180
64
107
147
182
64
107
146
182
64
107
146
184
64
108
150
185
64
108
148
183
64
109
150
187
64
107
148
185
64
109
149
187
64
110
154
64
110
153
191
64
110
152
191
64
111
155
64
113
160
64
114
159
64
113
159
64
116
164
64
117
164
64
117
165
64
118
168
64
120
170
64
119
171
64
120
171
64
120
173
64
121
172
64
121
176
64
122
175
64
123
177
64
125
180
64
125
180
64
124
180
64
125
181
64
127
181
64
126
184
64
127
183
64
125
181
64
126
184
64
128
184
64
127
185
64
127
187
64
129
185
64
128
188
64
128
185
64
129
190
64
131
190
64
128
187
64
129
189
64
129
190
64
129
188
64
129
189
64
130
188
64
129
189
64
130
191
64
129
190
64
130
190
64
131
64
132
64
131
64
130
191
64
133
64
132
64
133
64
133
64
133
64
131
64
133
64
132
64
131
64
133
64
133
64
132
64
133
64
132
64
134
64
132
64
132
64
133
64
133
64
132
64
133
64
134
64
133
64
133
64
132
64
133
64
133
64
132
64
132
64
133
64
132
64
134
64
134
64
134
64
134
64
135
64
134
64
133
64
134
64
135
64
133
64
133
64
133
64
135
64
135
64
135
64
135
64
135
64
134
64
133
64
134
64
134
64
134
64
135
64
134
64
135
64
135
64
135
64
135
64
135
64
133
64
135
64
133
64
134
64
135
64
134
64
135
64
135
64
134
64
133
64
134
64
133
64
135
64
134
64
135
64
134
64
133
64
133
64
134
64
135
64
135
64
134
64
135
64
135
64
135
64
133
64
135
64
133
64
135
64
134
64
133
64
135
64
133
64
135
64
135
64
135
64
133
64
135
64
133
64
134
64
133
64
134
64
133
64
134
64
133
64
133
64
135
64
133
64
134
64
134
64
133
64
133
64
133
64
135
64
134
64
134
64
135
64
134
64
135
64
135
64
135
64
134
64
134
64
134
64
135
64
133
64
133
64
135
64
135
64
133
64
133
64
134
64
133
64
133
64
133
64
134
64
134
64
135
64
135
64
133
64
134
64
133
64
135
64
134
64
133
64
134
64
134
64
135
64
133
64
134
64
135
64
133
64
133
64
133
64
133
64
134
64
134
64
133
64
133
64
135
64
134
64
135
64
133
64
134
64
134
64
135
64
135
64
134
64
135
64
135
64
135
64
133
64
135
64
135
64
135
64
133
64
134
64
133
64
134
64
135
64
134
64
134
64
135
64
134
64
133
64
134
64
133
64
134
64
134
64
134
64
134
64
133
64
134
64
135
64
135
64
134
64
133
64
133
64
134
64
133
64
135
64
135
64
135
64
135
64
134
64
133
64
134
64
134
64
133
64
133
64
134
64
134
64
133
64
133
64
135
64
134
64
135
64
133
64
134
64
134
64
133
64
134
64
134
64
135
64
134
64
134
64
133
64
134
64
135
64
133
64
135
64
133
64
135
64
134
64
135
64
135
64
133
64
135
64
134
64
134
64
134
64
134
64
134
64
134
64
135
64
135
64
134
64
133
64
135
64
133
64
135
64
133
64
135
64
134
64
133
64
134
64
134
64
135
64
134
64
135
64
133
64
134
64
135
64
135
64
134
64
133
64
135
64
133
64
135
64
134
64
133
64
135
64
133
64
134
64
135
64
134
64
134
64
135
64
135
64
134
64
134
64
134
64
134
64
134
64
134
64
135
64
135
64
135
64
134
64
135
64
135
64
135
64
133
64
134
64
133
64
133
64
133
64
135
64
134
64
135
64
134
64
134
64
135
64
133
64
134
64
133
64
135
64
133
64
133
64
133
64
134
64
133
64
133
64
133
64
133
64
135
64
134
64
134
64
133
64
135
64
135
64
134
64
134
64
133
64
134
64
134
64
133
64
135
64
135
64
134
64
134
64
133
64
135
64
134
64
134
64
134
64
133
64
135
64
135
64
134
64
134
64
135
64
134
64
135
64
134
64
133
64
134
64
135
64
133
64
135
64
135
64
134
64
135
64
134
64
133
64
133
64
134
64
133
64
134
64
134
64
135
64
133
64
135
64
135
64
133
64
134
64
135
64
135
64
135
64
134
64
135
64
134
64
135
64
135
64
135
64
134
64
134
64
134
64
133
64
134
64
134
64
133
64
134
64
135
64
134
64
135
64
134
64
133
64
133
64
135
64
135
64
133
64
134
64
135
64
134
64
135
64
135
64
133
64
135
64
133
64
133
64
134
64
133
64
133
64
135
64
135
64
133
64
134
64
134
64
135
64
134
64
134
64
134
64
133
64
135
64
135
64
133
64
134
64
134
64
135
64
135
64
135
64
134
64
133
64
133
64
135
64
135
64
135
64
134
64
135
64
133
64
133
64
133
64
134
64
135
64
135
64
133
64
135
64
134
64
134
64
133
64
135
64
134
64
135
64
135
64
134
64
134
64
135
64
133
64
135
64
135
64
135
64
133
64
135
64
133
64
133
64
133
64
135
64
135
64
135
64
134
64
135
64
135
64
134
64
133
64
134
64
133
64
133
64
133
64
135
64
135
64
134
64
133
64
135
64
135
64
135
64
135
64
133
64
135
64
133
64
134
64
135
64
134
64
134
64
134
64
133
64
134
64
135
64
135
64
134
64
135
64
134
64
133
64
134
64
134
64
133
64
134
64
134
64
134
64
133
64
134
64
135
64
133
64
134
64
133
64
135
64
135
64
134
64
134
64
133
64
135
64
135
64
134
64
134
64
135
64
134
64
133
64
134
64
135
64
135
64
134
64
133
64
134
64
134
64
135
64
134
64
135
64
134
64
133
64
133
64
134
64
134
64
133
64
133
64
135
64
133
64
134
64
133
64
133
64
134
64
133
64
134
64
135
64
135
64
135
64
133
64
133
64
134
64
134
64
135
64
134
64
134
64
134
64
135
64
134
64
134
64
135
64
134
64
135
64
135
64
134
64
135
64
134
64
135
64
135
64
133
64
133
64
134
64
133
64
134
64
135
64
135
64
133
64
135
64
133
64
135
64
133
64
135
64
133
64
135
64
133
64
134
64
134
64
133
64
135
64
135
64
135
64
134
64
133
64
133
64
133
64
134
64
133
64
133
64
135
64
133
64
133
64
134
64
133
64
134
64
133
64
135
64
134
64
134
64
133
64
134
64
134
64
133
64
134
64
133
64
133
64
135
64
133
64
134
64
133
64
135
64
135
64
133
64
135
64
133
64
135
64
135
64
133
64
135
64
135
64
134
64
133
64
135
64
134
64
135
64
134
64
135
64
133
64
134
64
135
64
135
64
133
64
135
64
134
64
133
64
134
64
135
64
134
64
133
64
134
64
133
64
133
64
133
64
133
64
133
64
133
64
134
64
134
64
135
64
133
64
134
64
133
64
133
64
134
64
135
64
133
64
135
64
133
64
135
64
133
64
134
64
133
64
135
64
133
64
134
64
135
64
134
64
135
64
135
64
133
64
135
64
135
64
134
64
133
64
135
64
133
64
134
64
134
64
135
64
133
64
133
64
134
64
134
64
135
64
133
64
134
64
135
64
135
64
133
64
135
64
134
64
135
64
134
64
133
64
133
64
133
64
135
64
133
64
135
64
133
64
135
64
134
64
134
64
133
64
135
64
135
64
133
64
134
64
135
64
135
64
135
64
135
64
133
64
134
64
134
64
134
64
135
64
134
64
135
64
135
64
134
64
135
64
134
64
133
64
134
64
133
64
134
64
134
64
133
64
135
64
133
64
134
64
134
64
134
64
135
64
134
64
135
64
134
64
134
64
133
64
133
64
135
64
135
64
134
64
