129
128
127
126
127
128
128
129
130
130
131
130
131
132
130
129
128
127
127
128
127
126
126
126
126
125
126
126
126
126
127
126
126
126
126
126
125
124
126
127
126
125
125
125
125
124
123
123
122
124
123
125
126
127
127
126
127
126
126
126
125
124
123
125
125
126
127
127
128
129
128
127
127
128
128
129
129
130
129
129
129
132
133
134
136
136
136
136
138
139
139
138
138
140
141
142
143
143
143
143
143
144
146
149
148
149
150
150
151
152
153
152
152
153
154
157
159
160
160
160
159
159
159
161
160
160
162
163
166
167
167
167
169
169
171
170
171
172
171
171
174
176
177
179
181
181
182
183
182
183
181
184
184
184
185
185
186
185
186
186
187
189
191
191
64
78
90
100
110
119
128
136
144
151
158
162
166
170
173
177
181
184
188
189
64
78
91
104
116
126
136
145
151
159
164
172
179
185
190
64
81
95
109
122
132
141
152
160
166
172
179
184
190
64
82
96
110
122
136
146
155
163
172
180
185
64
82
99
113
127
138
152
161
171
179
187
64
85
104
120
134
147
159
171
180
189
64
85
103
121
137
152
163
174
184
64
85
103
120
138
152
166
178
189
64
85
105
124
141
157
173
184
64
86
109
128
146
160
173
187
64
87
107
126
146
164
177
190
64
89
111
132
149
164
179
64
90
112
135
154
170
185
64
90
113
134
154
173
189
64
93
118
141
160
178
64
91
117
141
161
179
64
92
119
143
163
183
64
93
117
141
163
183
64
94
121
144
167
188
64
94
120
147
169
188
64
95
123
148
170
191
64
94
121
147
170
191
64
96
125
150
173
64
97
124
150
173
64
96
126
152
176
64
96
125
150
175
64
97
125
150
174
64
97
126
153
178
64
96
127
153
177
64
99
128
157
182
64
99
132
159
185
64
98
132
162
187
64
99
132
163
189
64
100
133
162
191
64
101
136
167
64
101
135
165
64
101
135
166
64
102
136
167
64
103
139
170
64
103
139
173
64
102
140
171
64
105
142
175
64
104
140
172
64
104
140
172
64
104
140
174
64
104
140
175
64
103
142
175
64
107
144
178
64
104
142
176
64
105
142
176
64
106
144
177
64
107
144
179
64
104
144
179
64
108
146
180
64
106
144
181
64
107
147
183
64
106
144
177
64
106
145
181
64
105
145
181
64
108
146
180
64
108
145
181
64
105
146
182
64
108
146
182
64
108
147
182
64
106
145
181
64
108
147
182
64
108
148
184
64
107
147
183
64
107
147
183
64
109
148
185
64
108
149
185
64
107
147
181
64
109
149
186
64
107
149
185
64
107
147
183
64
109
148
183
64
106
148
185
64
109
150
186
64
109
149
185
64
107
148
184
64
109
149
185
64
108
146
184
64
106
147
183
64
108
149
183
64
107
146
182
64
107
147
182
64
110
150
184
64
107
147
183
64
106
146
183
64
110
151
187
64
107
146
183
64
107
149
184
64
109
150
185
64
107
147
185
64
109
148
184
64
109
150
186
64
109
150
185
64
109
150
187
64
109
150
184
64
109
149
185
64
107
147
184
64
110
150
184
64
108
149
186
64
108
149
186
64
108
147
184
64
108
149
187
64
108
150
187
64
108
149
185
64
107
147
185
64
109
150
186
64
108
147
184
64
107
147
183
64
109
149
185
64
109
148
185
64
107
148
185
64
108
148
184
64
109
149
185
64
107
146
183
64
109
149
185
64
108
148
184
64
109
149
187
64
109
151
186
64
110
150
186
64
108
149
186
64
107
148
185
64
110
151
187
64
107
146
183
64
109
150
186
64
109
150
186
64
107
146
183
64
108
148
184
64
108
149
186
64
107
147
184
64
107
148
185
64
108
147
182
64
109
149
187
64
109
149
184
64
108
148
183
64
108
148
184
64
109
149
184
64
108
149
185
64
107
147
184
64
107
148
184
64
110
150
185
64
107
146
183
64
109
149
186
64
109
150
186
64
109
150
188
64
108
150
187
64
110
150
185
64
108
147
185
64
109
151
187
64
109
149
184
64
109
150
188
64
109
150
185
64
110
149
185
64
109
149
187
64
108
149
184
64
108
148
183
64
109
150
187
64
107
147
182
64
108
149
185
64
107
147
184
64
108
148
183
64
110
151
185
64
109
148
185
64
108
148
185
64
109
150
187
64
109
150
186
64
109
149
185
64
110
151
185
64
108
147
183
64
107
148
184
64
108
147
183
64
108
148
185
64
108
150
185
64
110
149
186
64
107
147
185
64
109
149
184
64
110
149
185
64
109
148
186
64
108
150
187
64
108
147
182
64
108
149
187
64
109
149
184
64
108
147
184
64
109
148
184
64
107
147
182
64
110
151
186
64
108
149
185
64
109
150
186
64
110
151
188
64
107
146
184
64
109
150
186
64
110
151
188
64
107
147
185
64
107
147
182
64
108
147
182
64
107
147
183
64
107
149
185
64
108
149
185
64
107
147
184
64
109
150
186
64
110
149
184
64
108
147
184
64
109
151
188
64
109
149
184
64
109
148
185
64
109
151
187
64
110
150
186
64
107
148
186
64
108
150
187
64
108
149
185
64
107
147
184
64
109
149
184
64
110
151
186
64
108
149
185
64
108
148
183
64
109
148
183
64
109
148
186
64
107
149
185
64
109
149
184
64
108
148
186
64
109
150
185
64
109
149
185
64
107
148
186
64
107
147
184
64
109
148
185
64
107
148
186
64
108
150
187
64
110
151
187
64
109
148
185
64
107
148
185
64
109
149
185
64
108
148
185
64
109
149
185
64
110
150
187
64
109
149
187
64
108
148
185
64
109
150
187
64
108
148
185
64
107
147
184
64
109
150
186
64
109
148
184
64
107
148
183
64
110
151
188
64
108
149
185
64
109
150
185
64
109
148
184
64
109
150
186
64
107
148
183
64
109
149
184
64
107
147
183
64
107
149
185
64
109
150
186
64
107
147
183
64
109
150
186
64
108
148
184
64
108
149
185
64
107
149
185
64
110
149
184
64
109
149
187
64
108
150
185
64
109
148
183
64
109
149
185
64
107
147
183
64
109
149
184
64
109
148
186
64
109
151
186
64
109
149
184
64
109
149
186
64
109
150
187
64
110
150
185
64
108
148
184
64
108
150
187
64
110
151
186
64
107
146
182
64
108
149
186
64
108
149
185
64
109
148
185
64
109
151
188
64
108
148
184
64
107
146
184
64
108
149
186
64
108
147
184
64
108
147
184
64
107
148
184
64
108
149
184
64
108
147
185
64
107
149
184
64
110
151
186
64
108
148
185
64
107
149
186
64
108
148
184
64
107
147
184
64
108
150
187
64
108
147
184
64
107
148
186
64
107
148
183
64
109
149
184
64
107
147
185
64
108
148
184
64
108
148
184
64
109
150
187
64
109
151
187
64
110
149
185
64
108
149
186
64
107
147
182
64
108
149
184
64
108
147
183
64
109
149
185
64
108
148
183
64
108
148
185
64
108
148
185
64
110
151
188
64
108
147
184
64
108
150
185
64
108
147
182
64
107
147
184
64
109
149
185
64
109
150
186
64
107
146
184
64
109
149
184
64
110
150
185
64
107
146
184
64
107
149
186
64
109
150
187
64
108
148
184
64
108
148
184
64
108
148
183
64
109
150
186
64
107
149
185
64
109
149
185
64
107
148
185
64
109
149
186
64
110
149
184
64
109
148
185
64
107
149
184
64
108
148
185
64
108
149
185
64
107
149
186
64
108
148
184
64
108
147
183
64
108
150
187
64
109
148
184
64
107
146
183
64
108
148
184
64
108
147
184
64
108
149
187
64
107
147
182
64
109
148
184
64
109
148
186
64
108
148
184
64
108
147
183
64
108
147
183
64
108
148
184
64
110
149
184
64
108
147
185
64
107
149
184
64
108
147
182
64
108
147
184
64
108
150
186
64
108
148
185
64
107
147
183
64
108
149
185
64
109
148
184
64
108
148
184
64
108
148
184
64
108
147
182
64
108
147
184
64
109
149
184
64
109
150
186
64
108
149
186
64
109
151
186
64
109
148
185
64
108
148
185
64
108
149
185
64
108
148
184
64
109
149
185
64
108
150
186
64
110
150
187
64
107
148
186
64
108
150
187
64
110
149
185
64
107
146
182
64
107
149
185
64
110
150
187
64
107
148
184
64
107
149
184
64
108
147
184
64
107
147
185
64
108
149
185
64
110
150
185
64
107
147
183
64
107
147
182
64
109
150
187
64
107
146
183
64
107
149
184
64
108
147
183
64
109
149
186
64
109
150
187
64
109
149
184
64
107
147
183
64
108
150
186
64
108
147
182
64
107
146
182
64
108
148
183
64
109
150
186
64
109
149
186
64
107
149
185
64
110
149
184
64
107
147
185
64
107
148
185
64
110
149
184
64
107
147
183
64
107
148
183
64
109
149
186
64
107
148
184
64
109
149
185
64
108
147
183
64
108
149
185
64
109
151
186
64
108
148
183
64
109
149
186
64
109
150
185
64
108
149
185
64
107
146
183
64
108
149
185
64
109
148
185
64
108
148
184
64
108
149
186
64
108
148
183
64
109
148
184
64
109
151
187
64
108
147
184
64
107
148
184
64
108
149
184
64
110
149
184
64
107
148
186
64
108
148
184
64
108
147
183
64
108
148
186
64
108
150
186
64
109
150
187
64
109
150
186
64
108
148
184
64
108
149
184
64
107
146
184
64
107
147
184
64
109
148
184
64
108
149
185
64
109
150
187
64
108
149
186
64
108
148
184
64
107
148
185
64
109
148
185
64
109
149
186
64
107
149
186
64
109
148
184
64
108
149
187
64
108
148
184
64
110
149
184
64
108
147
185
64
108
150
187
64
108
148
185
64
107
148
184
64
109
150
187
64
109
148
183
64
108
147
183
64
109
151
187
64
108
149
185
64
109
149
186
64
108
149
185
64
108
149
184
64
107
147
185
64
109
149
185
64
108
147
184
64
109
150
188
64
109
149
184
64
110
149
184
64
109
148
184
64
108
148
183
64
109
150
187
64
109
150
187
64
109
150
186
64
109
150
186
64
109
149
186
64
108
148
183
64
109
148
183
64
108
149
187
64
108
150
187
64
110
149
185
64
109
150
187
64
109
149
185
64
108
149
186
64
108
148
186
64
109
149
184
64
110
149
184
64
109
149
186
64
109
149
185
64
109
150
187
64
107
147
183
64
109
151
187
64
108
147
184
64
108
149
187
64
109
151
186
64
110
150
185
64
108
149
185
64
107
149
184
64
109
150
186
64
107
147
185
64
107
148
183
64
110
149
186
64
109
149
186
64
108
150
186
64
109
150
186
64
108
149
185
64
109
149
184
64
109
148
185
64
107
148
186
64
109
151
186
64
109
148
185
64
109
149
187
64
107
149
186
64
110
149
185
64
108
147
183
64
107
149
185
64
108
147
183
64
109
148
185
64
108
149
186
64
108
147
184
64
108
148
185
64
109
150
186
64
108
147
182
64
107
147
185
64
107
147
182
64
109
150
186
64
107
146
182
64
108
149
186
64
110
151
187
64
109
148
184
64
108
149
185
64
109
149
185
64
109
150
187
64
109
151
187
64
109
150
185
64
108
148
185
64
109
149
184
64
110
151
187
64
109
148
184
64
107
149
186
64
110
151
186
64
109
149
186
64
109
149
185
64
110
149
185
64
109
150
186
64
109
149
185
64
108
147
183
64
107
148
185
64
108
150
186
64
108
149
186
64
109
148
186
64
107
149
185
64
108
148
185
64
108
147
184
64
107
147
183
64
108
149
184
64
109
150
187
64
107
149
186
64
109
150
187
64
107
148
184
64
108
150
187
64
110
151
186
64
109
150
188
64
107
148
185
64
108
148
183
64
108
147
183
64
107
147
183
64
109
149
186
64
109
148
186
64
109
150
186
64
110
150
185
64
108
149
185
64
108
149
186
64
110
149
184
64
109
148
184
64
109
150
185
64
108
147
183
64
107
148
184
64
107
147
182
64
109
150
187
64
107
147
185
64
107
149
186
64
108
149
184
64
107
147
184
64
108
150
187
64
108
147
184
64
109
149
187
64
107
149
185
64
110
149
186
64
107
146
183
64
107
149
185
64
109
150
187
64
108
147
183
64
109
149
186
64
110
149
185
64
108
147
185
64
108
149
184
64
108
147
184
64
108
149
187
64
109
151
188
64
109
149
184
64
107
148
185
64
107
147
183
64
108
147
183
64
109
150
188
64
107
149
186
64
110
151
187
64
109
150
186
64
108
149
184
64
109
150
185
64
108
147
184
64
108
150
185
64
109
149
185
64
107
148
185
64
107
148
185
64
110
151
188
64
108
149
187
64
107
149
185
64
108
148
185
64
107
146
184
64
107
149
186
64
109
150
185
64
107
147
184
64
107
147
182
64
108
148
185
64
108
147
185
64
109
149
184
64
108
149
186
64
107
148
185
64
107
147
183
64
110
151
186
64
108
148
186
64
108
149
186
64
108
149
185
64
108
148
184
64
107
148
184
64
109
148
183
64
107
147
183
64
108
148
184
64
108
147
184
64
107
147
184
64
108
150
186
64
108
148
184
64
108
147
185
64
109
151
188
64
109
149
184
64
107
147
183
64
108
150
187
64
110
150
187
64
108
149
185
64
108
150
185
64
110
150
187
64
108
147
185
64
108
150
187
64
108
147
183
64
108
149
185
64
109
149
185
64
108
148
183
64
108
148
186
64
109
149
185
64
110
150
187
64
107
148
184
64
107
149
186
64
110
151
188
64
109
149
185
64
109
149
186
64
108
149
184
64
109
150
188
64
107
147
183
64
108
148
185
64
108
147
185
64
107
149
185
64
108
147
182
64
108
147
183
64
109
149
186
64
109
150
186
64
107
148
185
64
108
148
183
64
109
149
185
64
109
148
185
64
107
148
185
64
109
150
186
64
109
149
186
64
109
150
186
64
109
149
185
64
107
148
186
64
109
150
185
64
108
148
184
64
109
149
185
64
109
151
186
64
109
150
187
64
107
148
186
64
109
149
185
64
109
150
187
64
107
147
183
64
108
149
184
64
109
148
185
64
109
148
186
64
108
150
186
64
109
150
185
64
107
146
182
64
109
150
185
64
109
148
184
64
109
148
185
64
108
148
183
64
109
148
183
64
107
148
186
64
107
149
184
64
109
148
185
64
108
148
186
64
109
150
186
64
109
148
184
64
109
148
184
64
109
150
186
64
110
149
186
64
107
148
185
64
108
149
186
64
110
150
185
64
107
147
