127
128
129
129
130
129
129
129
130
130
130
130
130
130
130
130
131
130
131
132
130
131
130
128
129
130
129
129
130
129
129
128
127
127
128
127
126
126
125
127
126
126
125
125
124
126
126
126
125
124
126
125
124
124
124
124
126
127
127
128
129
132
132
134
136
138
138
137
138
139
138
140
141
143
144
145
145
145
144
145
147
147
149
150
152
151
152
152
152
154
154
154
153
155
158
159
160
162
164
165
164
166
167
167
167
168
169
170
172
172
174
176
176
176
177
176
176
176
175
174
176
177
178
180
180
181
183
185
184
183
183
187
187
189
189
189
190
64
78
90
99
109
119
127
135
142
149
155
159
163
166
171
175
179
182
185
189
64
78
91
104
117
128
139
147
154
162
167
172
177
184
189
64
80
96
109
120
131
139
148
157
164
171
176
182
186
191
64
81
97
112
126
137
147
156
164
172
180
187
64
83
97
112
123
135
146
155
165
172
180
186
64
82
101
118
132
143
153
161
170
180
187
64
83
101
117
130
145
158
169
179
187
64
82
101
118
134
147
158
170
180
189
64
86
105
120
134
147
162
173
185
64
85
103
119
137
152
164
175
185
64
85
106
125
142
155
167
177
189
64
87
107
124
139
156
171
183
64
87
108
128
145
159
172
184
64
88
110
130
147
161
173
186
64
87
108
128
146
163
179
191
64
88
109
129
149
164
179
64
87
110
132
150
167
181
64
91
114
135
153
170
185
64
89
111
133
154
172
188
64
91
117
139
158
176
64
90
115
136
156
176
64
91
115
138
158
176
64
90
116
141
162
181
64
91
117
140
160
179
64
94
119
143
164
182
64
94
120
144
164
183
64
92
117
140
162
181
64
93
118
143
165
186
64
93
119
144
166
185
64
95
122
147
167
185
64
95
123
147
170
64
93
122
148
170
190
64
97
126
150
173
64
96
126
151
174
64
96
126
152
177
64
95
127
155
178
64
97
126
153
178
64
97
127
155
181
64
96
127
154
181
64
98
131
158
184
64
99
130
159
184
64
98
130
159
184
64
99
130
159
184
64
97
129
160
184
64
99
132
161
187
64
99
132
159
187
64
99
130
160
186
64
99
134
162
189
64
100
132
161
188
64
101
133
162
189
64
99
132
163
190
64
100
135
165
190
64
100
135
164
190
64
100
133
163
190
64
99
132
162
190
64
99
134
164
64
100
135
166
64
99
133
165
191
64
102
136
167
64
102
135
166
64
102
136
167
64
102
137
166
64
103
136
166
64
101
134
166
64
103
138
168
64
101
136
167
64
103
138
167
64
102
137
168
64
101
136
167
64
101
137
168
64
103
136
167
64
102
136
167
64
101
136
167
64
101
135
166
64
102
137
167
64
103
138
169
64
101
137
168
64
102
136
168
64
102
138
169
64
102
138
168
64
102
137
168
64
103
139
169
64
103
138
168
64
103
138
168
64
103
137
169
64
103
138
169
64
102
137
167
64
102
137
168
64
102
135
166
64
103
138
170
64
103
138
168
64
103
137
168
64
102
135
167
64
103
136
167
64
104
137
169
64
102
136
166
64
102
136
168
64
103
137
167
64
102
137
167
64
104
138
168
64
104
139
170
64
104
138
169
64
103
137
167
64
104
137
169
64
104
139
170
64
102
135
165
64
104
138
168
64
104
138
169
64
102
135
165
64
102
135
165
64
104
138
169
64
104
137
167
64
102
135
165
64
103
136
166
64
103
138
170
64
104
138
169
64
103
136
166
64
102
135
167
64
103
137
169
64
103
136
166
64
102
136
168
64
104
138
168
64
102
136
167
64
102
135
167
64
103
137
169
64
103
137
168
64
102
137
167
64
103
138
168
64
103
136
167
64
102
135
167
64
103
136
168
64
102
136
166
64
102
136
168
64
102
137
169
64
104
139
171
64
102
135
167
64
102
137
167
64
104
138
168
64
102
137
167
64
103
136
167
64
103
138
170
64
104
137
168
64
103
138
169
64
103
137
169
64
103
136
166
64
104
139
170
64
102
137
168
64
103
137
167
64
104
139
171
64
102
137
169
64
104
138
168
64
103
136
168
64
102
137
168
64
104
139
170
64
102
137
169
64
103
137
167
64
103
138
170
64
103
136
167
64
102
135
165
64
104
137
167
64
103
136
167
64
103
136
167
64
102
137
167
64
104
139
171
64
104
137
169
64
104
137
169
64
102
137
169
64
104
138
169
64
103
136
168
64
103
138
170
64
104
137
167
64
104
138
169
64
102
135
166
64
102
136
167
64
104
137
167
64
102
136
168
64
102
137
169
64
104
139
169
64
102
136
167
64
102
135
166
64
103
137
167
64
103
136
167
64
103
138
169
64
102
137
167
64
103
137
168
64
103
137
168
64
104
137
169
64
103
137
169
64
104
137
168
64
102
135
167
64
103
138
168
64
102
137
169
64
102
137
168
64
103
136
166
64
103
136
167
64
102
137
168
64
104
138
169
64
102
136
167
64
103
137
169
64
103
137
169
64
104
137
169
64
103
138
168
64
103
137
167
64
104
137
169
64
104
137
167
64
102
136
168
64
102
137
168
64
102
135
167
64
102
137
167
64
102
136
168
64
103
137
167
64
102
135
167
64
103
137
169
64
102
137
168
64
103
138
168
64
104
138
170
64
103
138
169
64
104
138
170
64
103
136
166
64
102
137
169
64
104
137
167
64
104
138
169
64
104
138
168
64
103
137
169
64
104
138
168
64
104
138
169
64
103
138
170
64
104
139
171
64
103
136
168
64
104
138
169
64
100
136
166
64
101
134
165
64
102
135
164
191
64
100
134
162
190
64
99
130
159
187
64
99
131
159
184
64
100
133
160
185
64
99
132
159
182
64
97
130
158
181
64
98
127
154
178
64
96
124
150
176
64
97
125
150
174
64
95
126
151
175
64
97
126
153
179
64
95
125
151
175
64
97
125
150
173
64
97
125
150
173
64
95
123
149
172
64
93
123
149
172
64
93
122
149
172
64
94
123
146
168
190
64
94
122
145
166
185
64
93
121
146
168
187
64
93
121
145
165
184
64
91
118
142
164
183
64
90
115
138
160
178
64
91
115
137
158
176
64
90
115
137
158
175
191
64
92
116
139
158
175
189
64
88
112
135
153
169
185
64
88
109
129
149
168
183
64
89
111
131
148
163
180
64
88
111
131
150
165
180
190
64
89
110
129
148
162
176
188
64
87
110
131
148
164
177
189
64
86
109
129
145
161
175
187
64
87
106
123
141
156
170
181
64
86
105
122
136
150
164
177
188
64
85
103
121
138
151
162
176
188
64
85
105
121
137
151
163
173
186
64
85
106
124
139
153
164
175
183
191
64
86
105
121
135
150
161
172
182
189
64
85
103
119
133
146
157
169
177
186
64
86
103
120
135
149
162
171
178
185
191
64
85
104
120
135
147
159
169
178
185
64
81
101
118
131
144
157
167
176
183
189
64
82
99
117
131
143
155
164
174
183
188
64
82
101
117
130
143
153
164
173
180
187
64
82
99
115
129
141
153
162
171
179
184
190
64
82
101
116
129
141
153
162
172
180
187
64
82
99
115
129
142
154
162
171
179
186
64
83
99
116
130
141
151
161
169
175
185
64
82
98
114
128
140
151
159
168
176
184
191
64
83
98
114
127
140
150
160
167
178
185
191
64
81
99
115
128
138
148
156
167
176
183
191
64
83
98
113
125
136
147
157
166
175
182
187
64
83
99
113
126
136
147
159
169
176
183
189
64
80
97
110
123
137
148
159
168
177
184
189
64
82
98
111
125
138
150
159
168
176
184
190
64
81
97
111
126
138
150
160
169
176
183
188
64
80
96
111
124
135
146
156
165
173
181
185
189
64
83
99
114
127
138
148
157
165
172
177
185
190
64
82
99
114
128
138
147
156
164
173
181
188
64
81
96
111
124
136
147
157
168
177
186
191
64
81
98
113
126
138
149
158
169
178
186
64
83
98
113
125
137
148
158
167
176
183
190
64
80
95
111
122
134
147
156
165
174
182
188
64
81
96
110
123
133
143
153
164
173
179
185
189
64
80
95
109
122
132
142
152
162
170
178
185
191
64
81
96
111
123
133
143
154
164
170
178
184
188
64
81
95
108
121
132
143
154
161
170
178
184
188
64
80
95
109
123
136
148
158
165
173
180
186
190
64
81
97
111
123
135
145
155
164
171
176
181
186
191
64
79
94
108
119
130
140
151
158
166
174
179
185
189
64
80
96
107
118
129
139
145
152
157
165
172
178
182
186
190
64
78
93
106
117
127
136
142
150
156
160
165
170
174
178
180
182
183
185
186
188
189
188
188
189
190
191
64
76
86
97
106
115
121
126
131
137
141
144
148
152
155
157
159
160
161
161
162
162
163
165
166
166
166
165
164
165
166
167
167
168
166
165
165
165
164
165
165
165
165
164
165
164
164
164
163
162
162
161
160
161
161
159
159
158
158
157
157
155
156
155
155
155
156
155
154
154
152
152
151
150
150
151
151
149
148
146
146
147
146
146
146
147
146
147
147
147
146
147
147
148
148
148
149
149
149
149
149
148
147
147
145
144
143
143
141
140
141
142
141
141
141
140
141
141
141
140
140
141
141
141
141
139
139
139
138
137
137
138
138
138
138
137
137
137
137
136
137
137
137
136
136
136
137
135
135
134
134
135
136
136
137
138
136
135
135
134
133
132
133
133
132
133
134
134
133
133
134
134
134
133
134
134
135
134
135
134
132
132
132
133
132
133
132
132
132
131
130
130
129
128
127
128
127
128
129
129
130
129
130
130
129
129
130
129
129
129
128
127
127
127
128
127
127
127
127
128
128
128
128
127
128
127
128
130
129
130
131
131
130
131
130
130
131
130
130
131
130
129
128
129
128
127
126
126
128
129
130
129
130
129
128
128
127
128
129
129
130
129
130
131
130
131
130
130
130
130
130
129
130
130
130
129
130
128
129
128
127
127
128
128
129
130
131
132
132
133
133
132
132
132
133
132
131
132
130
130
130
129
129
129
130
128
127
127
127
127
128
129
128
129
130
128
127
127
126
127
126
127
127
126
126
125
125
124
125
125
126
125
124
125
125
126
125
125
126
125
126
128
129
128
127
126
125
124
126
125
124
123
123
122
122
123
124
125
126
125
125
124
124
125
124
124
123
124
123
124
125
126
127
126
126
127
128
127
127
128
129
128
129
129
127
127
128
129
130
130
130
129
130
130
129
130
131
130
129
129
128
129
130
129
127
126
126
125
125
126
125
126
127
126
127
126
126
127
126
127
126
125
124
124
126
127
126
125
124
126
126
125
125
126
127
126
125
125
124
125
124
125
125
126
126
127
127
128
127
127
127
128
127
126
125
126
125
124
125
126
127
128
128
128
127
128
129
128
127
126
127
127
128
128
127
126
127
127
128
127
128
128
128
129
130
131
130
130
129
130
130
129
128
129
130
129
129
129
129
130
130
129
130
130
131
131
130
129
128
127
126
126
127
127
126
126
126
127
128
129
130
128
128
128
128
127
127
128
128
129
128
129
130
128
129
129
130
130
130
128
128
129
130
131
129
128
129
128
127
127
127
128
127
126
127
128
127
127
128
128
129
128
129
128
129
130
129
130
129
129
129
130
130
130
130
131
131
131
131
131
131
132
130
129
129
130
129
130
129
128
128
127
127
126
125
126
125
127
128
127
128
127
127
127
126
125
126
126
127
128
128
127
127
128
128
129
130
128
128
128
129
129
130
129
128
129
127
127
127
128
128
127
126
126
127
127
126
127
126
127
126
125
124
124
125
124
125
125
124
125
125
124
123
125
126
126
126
128
128
129
128
128
129
130
129
130
128
129
128
129
130
130
128
129
129
130
131
129
128
129
128
127
128
127
126
127
126
126
127
126
128
129
128
129
129
129
130
129
129
128
127
128
128
128
127
128
127
126
126
125
126
127
126
126
125
124
126
127
127
128
129
129
128
127
126
127
128
129
130
130
128
129
129
130
129
128
129
129
130
130
129
128
129
129
130
130
131
131
130
131
131
130
131
130
129
130
130
129
129
130
129
128
129
130
128
128
127
127
126
125
126
125
125
126
125
125
124
125
127
127
126
125
125
124
124
123
124
123
124
125
125
126
127
127
126
127
126
126
125
126
125
125
127
127
126
125
125
124
125
124
125
127
126
127
126
126
125
126
126
126
127
126
125
125
126
126
126
127
126
126
127
126
127
126
126
126
127
126
126
127
128
128
128
127
126
126
126
127
128
129
129
129
130
129
130
130
128
128
128
129
129
128
129
129
130
129
128
129
130
131
129
128
128
128
129
128
129
130
129
129
129
129
129
130
128
128
127
126
127
126
127
128
129
129
127
127
128
128
128
128
127
126
126
125
125
124
125
125
126
125
125
126
127
126
128
129
127
128
127
128
129
129
129
130
131
130
130
131
130
130
129
130
131
130
130
131
130
130
130
130
128
127
126
125
125
126
126
127
128
128
127
128
128
127
127
127
127
127
126
127
128
129
130
129
130
130
131
130
130
128
128
127
126
125
127
127
128
127
126
125
125
125
125
126
126
127
127
127
127
128
129
129
128
129
130
130
130
129
129
129
130
128
129
130
131
130
128
128
127
128
128
127
128
129
128
128
127
127
127
128
127
128
128
128
129
130
130
128
127
126
125
125
124
124
125
126
127
128
128
127
128
127
127
126
127
128
129
129
130
131
131
132
132
133
132
132
131
131
131
129
129
129
130
130
128
127
126
125
126
126
127
128
129
130
131
129
128
127
126
126
127
126
127
126
127
126
125
126
125
125
127
126
127
127
126
125
125
126
126
126
126
126
125
125
125
125
124
125
125
126
126
127
126
128
128
127
127
127
127
126
125
126
125
125
125
126
125
127
126
125
124
125
127
127
127
127
127
128
127
128
129
128
127
126
127
127
127
127
128
129
128
129
129
128
128
129
129
130
131
130
128
127
128
128
129
128
129
128
129
129
130
128
127
128
128
128
127
128
128
129
129
130
128
128
128
128
129
130
131
131
130
129
129
130
130
130
131
131
131
132
132
133
133
133
132
133
133
134
133
132
131
130
129
128
128
129
130
130
128
129
129
130
131
130
130
130
131
129
129
130
129
129
128
128
129
128
129
130
129
130
130
130
129
129
129
127
126
126
125
126
127
126
127
127
128
129
130
130
131
129
129
128
128
128
129
130
129
129
129
130
131
131
131
131
129
129
128
129
128
127
126
127
126
125
125
126
125
124
123
125
