128
128
128
128
127
128
127
126
127
127
126
125
124
125
126
126
125
126
128
127
126
127
127
127
127
128
128
127
126
127
128
128
128
127
126
125
126
128
127
128
127
126
127
128
127
126
125
125
125
125
124
123
124
125
126
127
127
127
128
127
128
128
129
130
128
127
126
125
127
128
127
128
127
126
126
125
125
125
125
124
124
126
127
128
127
128
129
130
129
128
127
128
128
129
130
131
130
129
129
129
128
128
130
131
132
133
134
134
136
137
136
138
137
139
138
138
139
140
140
140
140
141
143
143
146
148
150
150
152
151
153
154
154
153
154
153
152
151
152
154
155
157
157
157
158
158
159
160
159
159
160
159
159
160
161
164
166
166
168
168
170
170
171
172
171
173
173
176
177
178
180
181
182
183
182
180
183
184
185
187
187
186
187
187
186
187
188
190
64
77
88
98
109
119
127
134
141
147
153
160
163
168
173
175
176
182
184
188
190
191
64
79
93
104
117
127
137
145
152
158
164
169
175
180
185
188
64
80
94
106
119
132
141
151
159
166
173
179
184
190
64
82
98
113
123
135
147
157
166
173
178
183
189
64
82
98
113
125
135
148
159
172
181
189
64
84
102
121
137
151
164
174
183
64
86
104
120
135
150
163
175
185
64
88
109
126
145
160
173
184
64
86
109
130
148
164
177
190
64
87
107
128
145
163
178
64
88
110
132
151
168
184
64
90
114
135
156
172
64
92
118
141
161
180
64
91
117
139
162
182
64
95
120
147
169
190
64
95
122
146
169
189
64
95
126
151
177
64
95
123
151
175
64
96
125
152
177
64
98
130
159
185
64
99
131
158
183
64
98
131
159
185
64
99
130
161
187
64
98
133
164
191
64
103
136
165
191
64
100
134
167
64
102
138
169
64
103
138
167
64
104
141
172
64
103
138
169
64
104
139
173
64
105
141
175
64
106
143
174
64
105
144
179
64
105
141
176
64
106
146
180
64
106
144
179
64
105
143
179
64
106
146
179
64
107
145
180
64
109
149
185
64
109
147
181
64
108
149
184
64
108
149
184
64
107
148
183
64
110
150
186
64
108
148
187
64
109
152
190
64
110
152
191
64
112
154
64
110
152
64
114
158
64
113
158
64
112
156
64
114
158
64
115
159
64
115
161
64
116
161
64
116
163
64
117
165
64
117
165
64
117
165
64
118
164
64
117
166
64
117
164
64
118
168
64
120
168
64
121
171
64
119
169
64
122
171
64
121
172
64
121
172
64
121
171
64
121
174
64
122
173
64
122
176
64
122
174
64
123
176
64
123
176
64
122
175
64
123
176
64
124
176
64
123
177
64
123
178
64
122
176
64
125
179
64
125
177
64
124
179
64
125
179
64
126
181
64
125
180
64
124
178
64
125
178
64
126
182
64
126
181
64
126
182
64
126
181
64
126
181
64
125
179
64
124
179
64
124
178
64
126
179
64
127
182
64
125
180
64
126
182
64
124
178
64
123
178
64
126
181
64
125
179
64
127
181
64
126
180
64
125
180
64
125
180
64
123
178
64
123
177
64
124
179
64
123
176
64
122
178
64
123
177
64
124
176
64
124
179
64
124
177
64
123
177
64
122
175
64
123
177
64
124
177
64
121
175
64
122
174
64
124
175
64
121
174
64
124
177
64
121
174
64
123
174
64
122
174
64
123
176
64
121
173
64
123
174
64
122
173
64
121
175
64
123
176
64
121
174
64
124
178
64
122
175
64
122
172
64
122
175
64
122
173
64
122
174
64
122
174
64
122
173
64
122
174
64
124
177
64
122
173
64
123
175
64
121
173
64
123
176
64
122
175
64
121
174
64
122
174
64
123
176
64
122
173
64
122
174
64
123
177
64
123
175
64
124
175
64
123
175
64
123
176
64
123
175
64
122
173
64
124
177
64
123
176
64
123
176
64
123
176
64
121
172
64
123
175
64
122
174
64
122
175
64
123
176
64
122
174
64
123
177
64
123
176
64
121
174
64
123
178
64
123
176
64
121
173
64
123
176
64
124
176
64
122
175
64
124
176
64
123
174
64
123
177
64
124
175
64
123
174
64
124
177
64
124
175
64
122
175
64
123
176
64
122
174
64
123
177
64
123
175
64
123
176
64
123
177
64
124
175
64
123
176
64
123
176
64
122
175
64
124
177
64
123
175
64
123
175
64
122
175
64
124
176
64
122
176
64
122
174
64
122
175
64
122
177
64
124
176
64
123
174
64
124
176
64
124
175
64
121
174
64
122
174
64
123
174
64
123
178
64
122
173
64
122
175
64
124
178
64
124
176
64
122
175
64
124
177
64
122
174
64
123
176
64
123
176
64
122
174
64
123
175
64
122
175
64
121
176
64
122
176
64
122
175
64
123
176
64
122
174
64
121
174
64
124
178
64
122
175
64
121
174
64
124
177
64
121
173
64
122
177
64
124
177
64
121
173
64
122
174
64
124
175
64
123
175
64
123
176
64
123
176
64
123
177
64
124
176
64
122
175
64
124
176
64
122
174
64
122
174
64
122
175
64
121
173
64
123
175
64
122
175
64
121
173
64
122
176
64
123
176
64
122
176
64
124
176
64
123
176
64
125
177
64
124
175
64
123
175
64
124
178
64
122
174
64
122
176
64
124
176
64
122
174
64
124
176
64
122
175
64
122
175
64
122
174
64
123
175
64
121
175
64
123
177
64
121
173
64
123
176
64
124
175
64
123
175
64
123
175
64
124
176
64
123
176
64
122
176
64
121
175
64
121
175
64
122
175
64
122
175
64
123
177
64
123
175
64
121
173
64
124
177
64
123
175
64
122
174
64
123
176
64
122
175
64
123
177
64
122
173
64
123
174
64
122
174
64
121
174
64
122
175
64
124
178
64
123
176
64
122
175
64
124
175
64
121
172
64
124
176
64
123
174
64
123
174
64
124
176
64
122
174
64
121
175
64
122
173
64
123
175
64
122
174
64
123
176
64
121
172
64
124
176
64
121
175
64
123
175
64
122
175
64
122
175
64
124
177
64
124
175
64
121
174
64
123
175
64
122
175
64
122
176
64
122
176
64
122
173
64
123
176
64
122
175
64
122
173
64
123
177
64
123
174
64
123
175
64
122
174
64
121
172
64
122
175
64
122
174
64
122
173
64
122
175
64
122
173
64
123
175
64
122
175
64
122
175
64
122
176
64
124
175
64
121
172
64
124
176
64
123
174
64
121
175
64
124
176
64
121
174
64
123
177
64
124
176
64
123
176
64
123
176
64
124
176
64
121
172
64
123
177
64
123
174
64
121
174
64
124
175
64
121
174
64
122
174
64
124
175
64
122
174
64
122
174
64
121
173
64
121
173
64
122
176
64
121
172
64
123
177
64
122
174
64
123
174
64
122
176
64
121
174
64
123
175
64
122
175
64
123
176
64
124
178
64
122
173
64
123
176
64
123
177
64
123
174
64
123
177
64
122
176
64
121
174
64
121
175
64
124
175
64
123
175
64
124
178
64
122
174
64
122
173
64
124
178
64
122
174
64
122
173
64
122
174
64
121
172
64
122
172
64
124
176
64
121
173
64
121
176
64
124
175
64
122
175
64
122
174
64
121
175
64
122
174
64
122
174
64
122
173
64
121
173
64
122
175
64
121
174
64
121
175
64
123
175
64
123
176
64
124
176
64
121
175
64
123
174
64
123
177
64
123
175
64
121
175
64
123
175
64
123
175
64
123
175
64
122
175
64
123
174
64
123
176
64
122
175
64
123
175
64
124
175
64
123
175
64
124
176
64
124
175
64
121
174
64
124
177
64
122
176
64
123
176
64
122
174
64
123
175
64
123
177
64
123
176
64
121
176
64
122
174
64
123
177
64
123
176
64
122
174
64
124
177
64
123
177
64
124
175
64
124
178
64
124
177
64
123
178
64
123
177
64
123
176
64
123
177
64
122
175
64
121
175
64
124
178
64
124
177
64
123
177
64
122
175
64
124
176
64
125
179
64
123
176
64
121
173
64
123
178
64
124
175
64
121
176
64
123
177
64
123
175
64
124
177
64
124
176
64
122
175
64
123
176
64
123
174
64
122
176
64
123
177
64
121
175
64
124
176
64
122
176
64
121
173
64
122
177
64
122
173
64
122
174
64
123
176
64
122
174
64
121
175
64
122
175
64
121
174
64
123
177
64
122
173
64
121
174
64
123
175
64
122
175
64
123
176
64
122
176
64
122
175
64
123
176
64
124
175
64
121
174
64
122
174
64
123
176
64
121
173
64
124
178
64
121
175
64
124
178
64
123
174
64
123
176
64
124
177
64
123
175
64
121
174
64
122
176
64
121
174
64
122
175
64
124
175
64
122
175
64
124
176
64
124
177
64
123
176
64
123
177
64
121
173
64
122
176
64
124
176
64
123
175
64
124
177
64
124
175
64
121
175
64
122
175
64
122
175
64
122
175
64
124
176
64
122
175
64
122
176
64
122
173
64
123
176
64
122
174
64
122
175
64
123
178
64
122
174
64
121
172
64
124
176
64
124
177
64
123
177
64
122
174
64
122
174
64
124
178
64
124
176
64
122
175
64
123
176
64
124
177
64
122
173
64
123
177
64
122
175
64
125
178
64
123
176
64
122
174
64
122
175
64
123
176
64
121
176
64
122
176
64
123
174
64
123
176
64
123
176
64
123
176
64
122
175
64
124
176
64
121
175
64
123
175
64
121
174
64
124
178
64
124
177
64
123
176
64
122
175
64
124
177
64
125
178
64
124
176
64
122
174
64
123
177
64
123
175
64
121
174
64
124
176
64
121
175
64
125
179
64
123
175
64
123
174
64
124
178
64
122
175
64
122
177
64
124
178
64
121
175
64
124
177
64
123
175
64
121
173
64
123
176
64
123
175
64
123
177
64
124
178
64
123
177
64
124
176
64
124
177
64
123
175
64
124
178
64
124
177
64
123
175
64
122
176
64
122
175
64
123
177
64
123
176
64
121
174
64
123
177
64
123
175
64
122
177
64
122
175
64
122
175
64
124
177
64
123
174
64
122
175
64
122
174
64
123
175
64
122
176
64
122
174
64
121
174
64
123
177
64
124
176
64
122
175
64
124
177
64
122
174
64
123
177
64
123
177
64
122
176
64
123
175
64
122
174
64
121
174
64
122
174
64
124
177
64
122
174
64
124
177
64
121
175
64
124
178
64
123
175
64
121
174
64
123
175
64
122
175
64
121
176
64
124
178
64
122
175
64
125
179
64
123
176
64
123
174
64
123
177
64
124
177
64
123
176
64
123
177
64
122
175
64
125
177
64
122
173
64
122
174
64
122
175
64
122
175
64
123
176
64
123
176
64
122
176
64
125
179
64
122
175
64
121
173
64
122
176
64
122
173
64
123
176
64
122
174
64
122
174
64
123
176
64
122
173
64
122
175
64
124
177
64
122
173
64
123
177
64
122
175
64
123
176
64
123
177
64
124
175
64
121
174
64
124
176
64
124
177
64
121
176
64
123
176
64
121
173
64
124
178
64
122
174
64
123
174
64
122
176
64
122
173
64
122
174
64
122
175
64
121
174
64
123
177
64
123
176
64
121
174
64
124
178
64
122
174
64
123
175
64
124
178
64
121
175
64
124
176
64
124
177
64
122
175
64
122
175
64
122
174
64
123
175
64
122
175
64
123
175
64
123
175
64
123
176
64
123
174
64
123
177
64
124
176
64
123
176
64
122
176
64
123
176
64
122
174
64
123
177
64
122
175
64
123
177
64
123
176
64
123
176
64
123
177
64
122
174
64
121
173
64
124
177
64
123
176
64
122
177
64
124
176
64
122
173
64
123
175
64
123
176
64
123
176
64
124
178
64
122
174
64
124
176
64
124
177
64
122
175
64
123
176
64
123
176
64
121
176
64
124
178
64
123
176
64
123
178
64
123
174
64
121
174
64
123
176
64
122
174
64
122
174
64
123
176
64
123
174
64
124
178
64
122
173
64
121
172
64
122
174
64
122
174
64
122
175
64
122
175
64
121
174
64
124
177
64
124
175
64
122
173
64
124
178
64
122
174
64
123
175
64
123
176
64
121
173
64
123
177
64
124
177
64
122
175
64
122
174
64
124
176
64
121
174
64
122
174
64
122
175
64
124
179
64
122
175
64
123
174
64
122
176
64
122
173
64
121
175
64
123
176
64
123
175
64
122
176
64
123
175
64
123
176
64
122
175
64
124
177
64
121
172
64
123
176
64
122
175
64
121
175
64
124
177
64
123
174
64
124
176
64
123
175
64
123
174
64
122
176
64
122
176
64
123
176
64
122
174
64
122
173
64
123
177
64
124
176
64
121
173
64
122
175
64
124
176
64
122
175
64
124
177
64
122
175
64
123
174
64
123
175
64
122
173
64
123
176
64
123
174
64
122
175
64
122
174
64
123
174
64
122
173
64
124
177
64
122
173
64
121
174
64
123
176
64
122
173
64
123
177
64
123
176
64
121
172
64
124
176
64
122
174
64
121
175
64
124
176
64
121
174
64
123
177
64
123
174
64
123
175
64
124
177
64
122
176
64
123
176
64
122
174
64
121
172
64
124
177
64
123
175
64
122
174
64
123
177
64
123
176
64
123
175
64
123
177
64
121
174
64
124
177
64
123
175
64
121
172
64
123
175
64
122
175
64
121
174
64
124
176
64
123
176
64
123
177
64
123
175
64
121
174
64
123
176
64
123
176
64
125
177
64
123
175
64
123
175
64
122
176
64
124
176
64
123
178
64
122
174
64
122
176
64
125
179
64
123
175
64
123
175
64
124
178
64
124
176
64
122
175
64
124
178
64
121
175
64
123
175
64
122
174
64
122
173
64
124
177
64
124
176
64
121
175
64
123
176
64
123
175
64
125
179
64
122
176
64
123
175
64
124
176
64
123
175
64
122
176
64
124
178
64
123
174
64
124
176
64
123
176
64
123
175
64
123
175
64
123
174
64
122
175
64
124
177
64
123
176
64
125
179
64
124
176
64
121
174
64
123
177
64
122
175
64
123
177
64
123
177
64
123
176
64
124
176
64
122
173
64
121
172
64
123
175
64
123
174
64
122
176
64
123
176
64
122
175
64
125
178
64
123
174
64
121
174
64
122
174
64
123
174
64
121
174
64
124
178
64
123
174
64
125
179
64
122
175
64
121
174
64
122
176
64
122
173
64
121
174
64
123
176
64
123
174
64
125
179
64
122
173
64
121
172
64
124
176
64
122
175
64
122
174
64
123
177
64
122
176
64
124
177
64
123
176
64
122
173
64
123
177
64
124
176
64
121
175
64
123
177
64
123
174
64
123
175
64
122
174
64
121
173
64
122
176
64
123
176
64
122
174
64
124
177
64
122
174
64
123
175
64
122
174
64
121
173
64
123
175
64
123
174
64
121
176
64
123
177
64
121
175
64
123
176
64
122
174
64
123
174
64
122
176
64
124
177
64
122
175
64
123
177
64
122
174
64
124
178
64
123
175
64
122
177
64
123
175
64
122
174
64
123
175
64
124
178
64
122
173
64
124
178
64
122
174
64
121
175
64
123
177
64
121
175
64
123
176
64
122
176
64
121
172
64
123
177
64
123
175
64
122
175
64
122
176
64
122
175
64
123
177
64
122
174
64
121
172
64
124
178
64
122
174
64
121
176
64
123
175
64
121
173
64
125
178
64
123
175
64
123
175
64
122
174
64
123
176
64
123
175
64
124
176
64
121
175
64
122
175
64
122
176
64
123
174
64
123
175
64
122
175
64
123
175
64
123
177
64
122
174
64
123
175
64
122
176
64
122
174
64
124
177
64
123
174
64
123
174
64
122
176
64
122
174
64
122
174
64
122
174
64
123
176
64
122
177
64
124
176
64
123
174
64
123
175
64
122
173
64
122
175
64
123
175
64
122
175
64
123
176
64
123
175
64
122
173
64
122
174
64
122
174
64
123
177
64
122
174
64
123
176
64
122
177
64
124
177
64
122
175
64
123
177
64
122
175
64
121
174
64
123
176
64
122
175
64
123
176
64
123
175
64
121
174
64
123
177
64
124
177
64
121
174
64
122
175
64
121
173
64
123
176
64
122
175
64
123
174
64
123
176
64
124
175
64
121
175
64
123
176
64
123
175
64
123
177
64
123
175
64
121
173
64
122
176
64
123
175
64
125
179
64
122
174
64
123
176
64
124
177
64
123
176
64
123
176
64
124
178
64
123
175
64
123
176
64
123
176
64
122
177
64
123
175
64
124
175
64
124
177
64
122
175
64
121
174
64
123
176
64
123
176
64
123
178
64
122
176
64
123
175
64
124
178
64
124
177
64
122
175
64
124
177
64
124
176
64
121
174
64
122
176
64
121
174
64
123
175
64
123
175
64
123
176
64
124
176
64
124
175
64
121
174
64
124
176
64
121
175
64
124
178
64
124
175
64
121
174
64
124
177
64
122
175
64
122
173
64
124
177
64
123
176
64
123
175
64
124
177
64
122
174
64
124
176
64
123
174
64
122
173
64
124
176
64
123
177
64
123
176
64
124
177
64
121
173
64
124
177
64
123
175
64
123
176
64
122
175
64
123
176
64
121
172
64
122
176
64
122
174
64
121
173
64
124
177
64
123
176
64
122
175
64
123
175
64
121
175
64
123
176
64
121
173
64
124
176
64
122
174
64
123
176
64
124
177
64
122
173
64
124
176
64
123
175
64
122
174
64
123
177
64
124
175
64
121
176
64
123
177
64
123
177
64
125
179
64
122
175
64
121
174
64
122
175
64
124
175
64
121
175
64
124
177
64
121
174
64
123
177
64
122
175
64
122
175
64
122
176
64
123
176
64
121
176
64
122
175
64
123
176
64
123
177
64
124
177
64
123
176
64
123
177
64
123
174
64
121
175
64
124
178
64
121
175
64
122
176
64
122
174
64
121
172
64
122
176
64
122
175
64
122
173
64
124
177
64
122
175
64
122
176
64
123
175
64
123
175
64
124
176
64
124
175
64
121
173
64
124
178
64
122
173
64
121
174
64
122
175
64
122
175
64
122
176
64
124
176
64
123
174
64
122
174
64
123
175
64
123
176
64
122
174
64
121
173
64
121
174
64
122
176
64
122
174
64
122
177
64
124
176
64
122
173
64
124
178
64
123
176
64
121
175
64
123
177
64
123
174
64
124
178
64
123
174
64
123
174
64
124
177
64
123
175
64
121
174
64
124
176
64
121
173
64
121
174
64
124
177
64
123
176
64
122
175
64
124
177
64
122
173
64
123
177
64
121
174
64
121
171
64
123
177
64
123
174
64
121
175
64
122
175
64
123
174
64
123
177
64
123
174
64
122
175
64
124
176
64
123
175
64
123
175
64
124
175
64
122
175
64
121
175
64
122
175
64
123
176
64
123
177
64
122
174
64
123
174
64
123
175
64
121
174
64
122
175
64
124
176
64
122
173
64
122
175
64
123
174
64
123
174
64
123
175
64
123
174
64
123
175
64
122
175
64
122
174
64
122
176
64
123
176
64
121
172
64
124
178
64
123
177
