129
127
126
126
125
124
123
124
123
125
126
127
128
128
129
130
131
129
130
130
130
129
128
127
127
127
128
127
126
125
125
125
126
125
126
128
128
127
127
126
127
128
127
128
128
127
128
128
127
126
125
125
127
127
128
127
128
127
128
129
128
127
128
129
129
127
127
128
129
129
129
128
129
128
129
129
129
128
130
133
133
133
135
135
135
135
136
136
137
138
138
138
138
137
138
139
141
142
143
145
146
146
148
149
151
151
151
152
153
152
152
153
155
157
159
159
159
161
161
163
162
161
162
162
163
165
167
168
168
170
171
172
171
170
171
171
172
172
174
174
176
178
180
179
181
180
181
181
183
184
185
187
188
190
191
191
191
64
79
90
102
111
120
128
135
141
147
154
159
164
169
172
174
178
182
185
189
64
78
92
104
116
125
133
143
152
158
164
170
174
179
184
188
64
80
95
107
118
129
141
150
158
166
172
179
185
189
64
82
99
112
124
135
144
154
162
170
177
185
190
64
82
99
113
126
137
147
157
168
176
184
190
64
84
101
118
133
146
158
170
181
190
64
85
104
121
136
150
161
174
185
64
86
105
124
139
155
167
179
191
64
85
107
124
142
157
172
183
64
89
111
132
148
164
179
64
89
111
129
149
164
178
191
64
89
111
130
147
165
180
64
88
113
134
154
171
186
64
91
115
135
156
175
64
89
114
135
156
173
190
64
90
116
139
160
178
64
94
120
143
164
183
64
92
118
141
162
182
64
95
121
146
168
190
64
93
120
147
170
190
64
96
123
147
169
191
64
93
120
147
170
190
64
96
125
152
174
64
97
124
150
175
64
96
125
151
175
64
94
125
153
175
64
98
126
153
175
64
97
127
151
176
64
97
126
155
178
64
95
127
153
177
64
98
127
157
182
64
98
128
155
182
64
98
130
158
183
64
100
132
161
187
64
100
134
163
64
102
135
165
64
101
134
164
64
102
136
166
64
102
136
170
64
103
138
170
64
102
137
169
64
102
137
172
64
104
142
174
64
105
142
174
64
103
140
173
64
103
139
173
64
105
142
175
64
104
142
176
64
105
143
176
64
107
143
175
64
106
144
180
64
105
143
177
64
107
144
177
64
107
145
180
64
105
144
178
64
106
145
179
64
107
145
181
64
105
144
179
64
107
146
180
64
107
145
182
64
107
147
183
64
106
147
180
64
107
144
179
64
105
146
181
64
109
149
182
64
106
145
182
64
107
148
183
64
107
146
181
64
106
144
181
64
108
149
185
64
107
146
180
64
109
148
184
64
107
147
182
64
107
147
181
64
107
147
184
64
106
146
183
64
109
150
184
64
109
149
184
64
106
146
182
64
109
149
183
64
108
147
184
64
108
150
185
64
110
149
184
64
107
146
182
64
106
146
181
64
109
148
184
64
109
149
185
64
106
147
182
64
110
151
187
64
108
149
186
64
106
147
185
64
110
149
183
64
107
147
185
64
107
146
183
64
108
148
184
64
107
148
186
64
108
147
183
64
110
151
185
64
108
147
183
64
107
148
183
64
110
150
186
64
108
148
184
64
108
149
187
64
110
149
184
64
109
150
187
64
107
147
184
64
108
147
182
64
108
148
184
64
107
147
183
64
108
149
185
64
108
148
184
64
107
148
184
64
110
149
186
64
109
150
187
64
109
149
187
64
110
151
185
64
109
149
187
64
108
148
184
64
109
148
183
64
108
147
183
64
109
150
185
64
108
148
185
64
109
148
186
64
109
150
185
64
109
150
185
64
108
147
183
64
108
149
185
64
110
151
187
64
108
149
185
64
108
149
184
64
109
150
185
64
108
147
185
64
109
151
186
64
108
147
183
64
109
150
188
64
108
148
184
64
110
150
185
64
107
148
185
64
109
149
184
64
110
150
186
64
109
149
187
64
107
149
186
64
109
149
184
64
107
147
184
64
109
151
188
64
109
149
185
64
108
147
184
64
107
149
186
64
110
150
187
64
107
147
183
64
107
149
184
64
108
147
182
64
109
149
185
64
107
149
186
64
109
149
186
64
107
146
183
64
108
148
184
64
109
150
185
64
107
147
185
64
109
151
186
64
109
150
187
64
109
148
184
64
109
149
185
64
109
148
184
64
107
146
184
64
109
149
186
64
110
150
185
64
108
147
184
64
107
148
183
64
110
151
186
64
107
147
185
64
107
149
185
64
109
150
187
64
109
149
186
64
108
148
185
64
108
147
182
64
108
148
185
64
108
149
186
64
109
150
186
64
107
146
184
64
109
151
188
64
110
151
187
64
109
149
187
64
108
148
184
64
108
148
185
64
107
147
185
64
107
147
184
64
108
147
184
64
109
150
187
64
107
148
184
64
110
151
187
64
107
146
183
64
107
149
186
64
108
148
183
64
108
148
184
64
108
148
185
64
110
149
186
64
107
148
186
64
107
148
184
64
110
151
188
64
109
148
186
64
109
150
185
64
108
148
183
64
107
148
186
64
107
148
185
64
108
148
184
64
108
147
185
64
109
151
187
64
110
149
184
64
108
149
185
64
109
149
184
64
109
150
186
64
109
148
184
64
107
147
184
64
108
148
184
64
109
148
184
64
108
149
184
64
109
148
184
64
108
148
186
64
107
147
182
64
108
147
182
64
107
147
184
64
107
149
184
64
110
149
186
64
109
150
188
64
108
148
184
64
110
149
184
64
108
148
184
64
107
148
184
64
110
150
187
64
109
149
187
64
107
148
185
64
108
148
184
64
109
150
187
64
108
149
186
64
110
150
185
64
108
149
186
64
107
148
185
64
108
148
183
64
108
149
185
64
107
148
184
64
109
149
184
64
107
146
182
64
107
148
185
64
110
149
186
64
109
149
187
64
107
149
184
64
110
151
186
64
107
147
183
64
108
149
185
64
108
147
182
64
107
147
185
64
109
151
188
64
110
150
186
64
109
149
185
64
107
148
183
64
109
149
185
64
107
146
184
64
108
150
187
64
108
148
183
64
107
146
184
64
109
151
187
64
109
148
184
64
109
150
188
64
108
148
184
64
109
149
185
64
108
148
185
64
108
148
184
64
109
148
185
64
108
147
184
64
108
150
187
64
109
150
186
64
108
148
185
64
107
148
184
64
110
150
187
64
109
149
187
64
109
149
184
64
110
150
186
64
108
149
185
64
109
149
185
64
108
147
184
64
107
146
182
64
107
147
184
64
108
148
185
64
107
146
182
64
109
151
186
64
110
150
185
64
109
150
188
64
109
150
185
64
109
148
183
64
107
148
185
64
108
150
186
64
110
150
187
64
107
147
184
64
107
148
185
64
110
149
185
64
109
148
185
64
109
151
186
64
108
148
184
64
109
150
188
64
108
148
184
64
109
150
185
64
107
146
182
64
107
148
184
64
109
150
186
64
107
146
183
64
109
149
185
64
108
147
184
64
108
149
185
64
108
148
183
64
110
149
184
64
108
149
187
64
108
148
184
64
108
148
183
64
109
150
186
64
108
148
184
64
109
148
183
64
108
148
184
64
107
147
183
64
109
148
183
64
107
147
185
64
107
148
185
64
108
148
185
64
108
147
184
64
108
149
186
64
109
149
184
64
109
149
187
64
107
149
185
64
109
149
184
64
107
146
182
64
109
149
184
64
109
149
186
64
108
148
184
64
108
149
185
64
108
149
186
64
108
147
185
64
108
150
185
64
110
149
186
64
109
150
187
64
109
151
187
64
108
148
185
64
107
148
184
64
109
150
187
64
108
148
183
64
107
146
184
64
107
147
183
64
108
149
185
64
109
150
187
64
107
149
185
64
108
148
185
64
108
148
184
64
109
151
186
64
109
148
185
64
107
147
185
64
107
149
184
64
109
148
185
64
108
148
185
64
109
150
185
64
110
151
187
64
107
148
185
64
107
147
182
64
108
149
184
64
108
147
183
64
109
151
186
64
109
149
184
64
109
148
184
64
109
150
187
64
110
151
187
64
109
148
184
64
107
147
183
64
110
149
184
64
108
148
184
64
109
149
186
64
109
149
186
64
107
146
184
64
109
149
185
64
109
149
186
64
108
148
186
64
109
149
184
64
108
149
185
64
109
150
187
64
107
147
183
64
108
149
185
64
107
147
184
64
108
150
187
64
108
149
186
64
108
148
184
64
109
149
184
64
109
150
186
64
109
149
186
64
108
148
184
64
109
149
184
64
108
147
184
64
108
150
185
64
109
149
185
64
109
149
186
64
108
149
184
64
109
148
185
64
108
149
185
64
108
150
186
64
110
151
187
64
107
147
184
64
109
150
185
64
109
149
185
64
107
146
183
64
107
148
185
64
108
149
185
64
109
148
185
64
107
149
186
64
109
150
185
64
108
149
185
64
107
147
182
64
108
148
185
64
108
148
184
64
108
148
183
64
110
149
186
64
109
149
186
64
107
148
184
64
110
149
184
64
109
148
186
64
107
147
184
64
110
150
186
64
107
147
185
64
107
148
184
64
108
149
186
64
107
146
183
64
107
148
183
64
108
147
184
64
108
147
185
64
109
149
184
64
109
148
184
64
108
147
183
64
108
149
185
64
109
148
184
64
109
148
185
64
108
150
187
64
108
147
184
64
107
147
185
64
107
149
185
64
110
151
187
64
107
146
184
64
107
148
184
64
109
150
187
64
108
148
186
64
109
149
186
64
110
149
185
64
108
147
184
64
109
150
185
64
110
151
186
64
109
149
187
64
107
147
182
64
109
149
185
64
109
150
188
64
107
148
183
64
109
148
183
64
107
148
185
64
109
151
186
64
110
149
184
64
107
148
184
64
108
149
185
64
110
150
187
64
109
150
188
64
109
151
187
64
110
150
186
64
108
147
185
64
108
148
184
64
110
150
185
64
107
146
182
64
107
148
183
64
110
150
187
64
107
148
186
64
107
147
182
64
108
149
186
64
108
148
185
64
107
147
184
64
109
150
185
64
109
150
188
64
108
150
185
64
110
149
184
64
107
146
183
64
109
149
184
64
109
150
186
64
109
149
187
64
109
149
185
64
109
150
185
64
108
149
187
64
109
149
184
64
110
149
186
64
109
149
187
64
108
148
183
64
110
150
186
64
107
148
184
64
109
150
186
64
110
149
185
64
107
148
184
64
107
147
184
64
109
148
185
64
108
149
187
64
107
147
183
64
109
149
184
64
109
148
184
64
107
149
186
64
108
149
186
64
109
148
186
64
108
149
184
64
108
148
184
64
109
149
186
64
109
150
186
64
109
148
183
64
108
148
184
64
108
150
185
64
110
149
186
64
109
148
185
64
108
149
185
64
108
149
186
64
107
147
184
64
107
149
185
64
109
149
186
64
107
148
186
64
108
149
186
64
108
148
185
64
108
147
185
64
108
150
187
64
108
149
185
64
109
150
188
64
109
149
184
64
109
150
185
64
107
147
185
64
108
149
184
64
108
148
185
64
107
146
183
64
108
148
185
64
110
150
186
64
107
148
184
64
107
149
184
64
108
149
186
64
107
148
185
64
109
149
185
64
108
149
185
64
109
148
185
64
107
149
186
64
108
147
184
64
109
149
185
64
108
148
185
64
108
149
184
64
109
149
186
64
107
147
183
64
109
149
186
64
109
149
186
64
107
147
183
64
109
150
187
64
107
147
185
64
107
148
184
64
109
148
183
64
108
147
184
64
107
147
183
64
109
150
187
64
108
149
186
64
108
150
186
64
108
149
184
64
108
149
185
64
107
149
184
64
109
149
184
64
109
149
185
64
107
149
185
64
110
149
186
64
108
149
187
64
108
148
183
64
108
147
184
64
109
148
186
64
109
151
186
64
109
149
184
64
108
147
184
64
107
148
183
64
109
149
184
64
109
148
184
64
109
149
186
64
109
150
186
64
108
147
183
64
108
148
184
64
108
148
183
64
107
147
184
64
108
149
184
64
110
150
185
64
107
148
184
64
107
147
182
64
108
147
184
64
109
148
184
64
109
149
184
64
108
147
182
64
107
147
185
64
108
149
184
64
109
149
184
64
109
150
187
64
107
148
185
64
109
149
185
64
108
148
186
64
107
148
185
64
109
150
187
64
107
148
185
64
109
149
185
64
110
149
186
64
107
146
184
64
108
149
186
64
108
148
185
64
109
148
185
64
108
150
187
64
110
151
186
64
109
150
188
64
108
148
183
64
109
149
186
64
108
149
187
64
107
147
182
64
108
149
184
64
109
150
186
64
107
147
184
64
108
148
184
64
107
147
184
64
108
149
186
64
109
148
184
64
108
148
185
64
108
150
185
64
109
149
185
64
108
148
185
64
109
151
186
64
110
149
184
64
109
149
186
64
108
150
186
64
108
147
183
64
109
149
186
64
107
148
185
64
110
149
186
64
109
148
186
64
108
149
184
64
109
149
186
64
107
147
183
64
108
148
184
64
108
149
184
64
109
148
185
64
107
149
186
64
109
150
186
64
108
147
183
64
108
148
183
64
109
148
184
64
107
148
185
64
108
148
185
64
110
150
186
64
109
148
185
64
107
149
186
64
108
147
184
64
107
146
182
64
108
148
184
64
108
147
182
64
107
148
184
64
109
150
187
64
109
150
187
64
108
147
185
64
109
149
184
64
110
150
185
64
108
147
185
64
108
150
187
64
108
149
185
64
109
149
186
64
109
151
186
64
109
148
183
64
109
148
186
64
109
149
185
64
110
150
186
64
108
148
184
64
109
150
187
64
109
149
186
64
109
150
188
64
108
149
185
64
109
148
185
64
107
147
184
64
108
150
187
64
109
150
185
64
107
148
186
64
107
147
184
64
108
148
183
64
107
147
184
64
109
151
186
64
109
148
183
64
109
148
184
64
108
149
186
64
108
147
182
64
108
149
186
64
109
151
187
64
110
149
186
64
109
149
186
64
107
149
186
64
109
150
185
64
108
147
184
64
109
149
186
64
110
151
186
64
107
146
183
64
109
150
185
64
108
147
183
64
109
150
188
64
109
150
185
64
110
151
186
64
109
150
187
64
109
149
186
64
110
149
184
64
107
148
184
64
107
149
184
64
110
149
186
64
108
149
187
64
107
147
183
64
109
149
185
64
108
147
185
64
107
148
185
64
109
148
185
64
109
148
186
64
108
148
184
64
109
149
184
64
107
148
184
64
107
148
183
64
109
150
187
64
108
148
184
64
109
149
186
64
108
148
185
64
109
150
186
64
107
147
184
64
110
149
184
64
107
148
184
64
108
148
184
64
110
150
186
64
108
149
187
64
108
149
186
64
108
147
182
