127
126
127
126
125
124
125
125
124
124
125
124
123
124
125
126
126
125
126
125
126
126
127
128
129
129
128
129
129
128
128
127
127
128
128
128
129
128
129
129
127
127
126
128
129
128
128
129
129
129
128
128
129
129
130
130
131
130
129
128
129
128
128
128
127
127
127
126
126
127
127
127
126
127
126
126
127
126
127
128
127
127
127
128
127
128
129
130
131
131
131
131
129
128
128
127
126
126
127
128
129
129
128
128
127
127
128
127
128
128
128
127
127
129
129
129
128
129
129
130
129
129
129
130
131
132
133
134
133
132
131
133
132
132
134
135
135
136
137
135
136
136
136
138
136
137
138
139
138
137
138
137
139
140
139
139
139
139
139
141
140
140
141
141
143
142
144
145
145
146
145
145
147
147
148
149
149
149
151
150
151
151
152
153
153
154
154
155
157
158
158
157
158
158
157
158
160
161
161
162
162
164
164
164
163
165
167
166
168
169
170
172
171
172
172
173
174
175
175
175
175
174
175
175
176
176
178
180
182
181
181
181
181
182
181
181
183
186
187
188
189
190
190
191
190
64
78
89
100
111
119
128
136
143
149
154
160
166
170
174
178
181
184
186
190
64
78
94
107
118
127
137
146
154
162
167
174
180
184
189
64
80
96
111
123
134
145
154
162
169
178
183
190
64
82
100
115
129
140
151
161
172
181
190
64
83
100
117
131
145
158
169
180
189
64
85
104
119
135
150
161
173
182
64
85
106
124
140
153
165
177
189
64
86
106
124
140
156
169
181
64
87
108
126
145
161
177
190
64
88
111
130
149
165
179
64
88
110
130
150
165
181
64
90
113
134
153
170
186
64
89
113
135
154
172
187
64
90
114
137
157
175
64
92
117
141
163
182
64
93
119
142
165
183
64
91
117
140
161
180
64
92
118
142
164
185
64
92
119
146
168
189
64
95
122
148
170
191
64
96
124
150
174
64
94
124
151
175
64
95
124
150
173
64
96
124
150
173
64
96
125
152
177
64
98
129
156
181
64
96
127
156
180
64
100
131
157
181
64
98
131
160
184
64
98
131
160
185
64
99
133
163
190
64
101
135
165
191
64
99
133
164
64
101
134
164
191
64
101
133
163
191
64
100
134
164
191
64
102
136
168
64
101
137
167
64
102
136
168
64
104
138
170
64
103
139
171
64
102
138
171
64
102
138
169
64
105
140
172
64
105
140
173
64
105
142
174
64
106
144
176
64
104
142
177
64
107
145
178
64
107
144
177
64
106
144
178
64
105
145
180
64
108
146
181
64
106
144
179
64
108
148
184
64
106
148
183
64
109
149
186
64
108
149
186
64
108
149
185
64
110
150
186
64
108
149
187
64
108
150
187
64
109
150
188
64
110
153
64
110
150
189
64
111
153
190
64
111
153
190
64
109
151
191
64
110
153
64
111
153
191
64
112
154
64
112
156
64
111
153
64
111
154
64
113
154
64
113
157
64
111
156
64
111
156
64
112
156
64
111
155
64
113
156
64
113
155
64
111
156
64
111
155
64
111
155
64
112
155
64
113
158
64
113
156
64
111
156
64
112
156
64
112
156
64
113
158
64
113
157
64
111
157
64
114
157
64
112
157
64
112
157
64
112
155
64
114
159
64
113
158
64
114
159
64
112
156
64
112
155
64
112
156
64
114
159
64
114
157
64
114
159
64
112
156
64
113
158
64
113
156
64
114
157
64
114
160
64
114
159
64
112
157
64
114
159
64
112
156
64
112
156
64
112
156
64
113
158
64
114
158
64
114
159
64
113
157
64
113
157
64
113
157
64
112
158
64
112
158
64
114
158
64
113
160
64
113
157
64
114
159
64
113
159
64
114
157
64
112
158
64
112
157
64
112
156
64
113
159
64
112
157
64
112
158
64
114
158
64
114
161
64
114
159
64
112
157
64
112
156
64
114
158
64
112
158
64
114
158
64
112
158
64
113
159
64
113
158
64
113
159
64
115
160
64
114
160
64
112
158
64
113
157
64
113
157
64
113
160
64
113
158
64
114
158
64
114
159
64
115
161
64
114
160
64
115
160
64
113
157
64
115
161
64
113
158
64
112
157
64
112
157
64
115
161
64
113
158
64
114
159
64
112
157
64
113
157
64
114
159
64
113
158
64
113
158
64
113
157
64
113
157
64
112
157
64
113
157
64
115
160
64
113
157
64
114
160
64
113
156
64
112
157
64
112
158
64
113
158
64
113
157
64
113
157
64
112
157
64
112
157
64
112
155
64
112
156
64
111
154
64
114
157
64
113
159
64
114
157
64
113
157
64
114
159
64
113
156
64
112
156
64
113
156
64
112
155
64
113
158
64
111
154
64
111
154
64
113
156
64
111
155
64
111
156
64
112
154
64
111
155
64
111
154
64
112
156
64
112
154
64
113
155
64
111
154
64
111
155
64
110
152
64
112
154
64
112
155
64
112
156
64
111
154
64
111
156
64
112
155
64
111
154
64
110
154
64
112
154
64
110
153
64
112
155
64
110
153
64
110
152
191
64
112
155
64
111
155
64
111
156
64
112
155
64
111
155
64
110
154
64
111
154
64
110
153
190
64
112
155
64
110
154
64
111
155
64
111
155
64
111
154
191
64
111
154
64
112
156
64
112
156
64
112
155
64
110
153
64
112
155
64
112
155
64
111
153
64
110
152
64
111
155
64
112
154
64
110
154
64
112
153
64
111
155
64
110
152
190
64
110
153
191
64
112
154
64
111
153
191
64
112
154
191
64
111
154
64
110
152
64
112
154
191
64
110
154
64
110
152
189
64
109
151
190
64
112
156
64
112
156
64
111
154
191
64
110
152
64
110
153
190
64
110
153
191
64
111
154
64
110
154
64
111
155
64
111
154
190
64
110
153
64
110
153
64
111
152
191
64
112
153
191
64
110
153
190
64
110
152
191
64
109
152
191
64
110
152
190
64
112
154
64
112
154
64
111
152
189
64
110
153
64
112
153
191
64
109
153
64
111
155
191
64
110
152
189
64
110
153
191
64
109
153
189
64
111
153
191
64
110
151
189
64
109
152
191
64
111
152
189
64
111
151
191
64
109
153
189
64
112
154
64
110
153
64
112
155
64
110
152
191
64
111
152
64
109
151
190
64
111
154
64
110
152
190
64
111
152
189
64
109
152
191
64
110
152
190
64
110
151
189
64
110
152
191
64
109
153
191
64
112
153
64
110
151
190
64
110
151
189
64
110
152
189
64
112
153
191
64
111
153
64
112
155
64
110
152
64
110
152
64
111
153
64
112
153
64
110
153
64
111
154
191
64
110
154
64
110
153
191
64
112
156
64
111
154
64
110
154
64
112
155
64
110
152
189
64
109
152
64
111
153
64
110
151
189
64
111
153
191
64
111
154
191
64
110
152
190
64
111
154
64
111
155
64
112
154
64
111
153
191
64
110
152
190
64
110
154
64
110
152
64
111
155
64
111
154
64
110
154
64
110
152
191
64
112
154
64
111
155
64
112
154
64
112
155
64
111
153
64
112
155
64
112
155
64
112
154
64
110
154
191
64
113
156
64
111
155
64
112
155
64
111
153
64
113
156
64
111
153
64
113
156
64
112
155
64
111
155
64
113
156
64
111
154
64
112
154
64
111
156
64
111
155
64
111
155
64
111
154
64
111
155
64
112
154
64
113
155
64
112
154
64
112
155
64
112
154
64
113
155
64
112
155
64
113
155
64
112
155
64
113
156
64
111
154
64
112
155
64
112
154
64
112
155
64
113
157
64
111
156
64
111
155
64
112
156
64
114
158
64
113
158
64
112
156
64
114
157
64
112
155
64
114
158
64
113
158
64
113
159
64
112
155
64
112
156
64
114
160
64
113
158
64
113
157
64
114
160
64
114
159
64
113
157
64
115
159
64
114
160
64
113
159
64
114
160
64
113
158
64
115
162
64
113
158
64
115
160
64
114
159
64
116
160
64
116
160
64
114
159
64
113
159
64
115
160
64
114
161
64
115
160
64
115
159
64
115
160
64
115
159
64
115
162
64
114
159
64
114
159
64
114
159
64
116
163
64
115
161
64
116
163
64
114
162
64
116
163
64
115
161
64
117
163
64
116
161
64
115
161
64
117
163
64
115
161
64
116
162
64
115
164
64
115
163
64
117
165
64
115
163
64
116
165
64
116
164
64
117
164
64
115
165
64
117
166
64
116
164
64
117
167
64
118
167
64
116
164
64
117
167
64
117
165
64
117
167
64
117
165
64
119
167
64
118
166
64
119
167
64
117
167
64
118
166
64
117
167
64
119
169
64
118
168
64
117
168
64
119
170
64
120
171
64
120
168
64
119
168
64
119
167
64
118
167
64
119
169
64
120
170
64
118
170
64
119
171
64
118
170
64
120
172
64
121
171
64
119
171
64
121
172
64
119
172
64
120
172
64
120
172
64
120
171
64
119
170
64
120
173
64
120
171
64
121
174
64
121
174
64
120
172
64
122
175
64
122
175
64
122
174
64
122
174
64
122
176
64
121
174
64
123
174
64
122
173
64
122
175
64
121
174
64
122
176
64
123
175
64
123
176
64
121
175
64
121
173
64
122
174
64
122
175
64
122
176
64
123
177
64
122
176
64
122
176
64
121
176
64
122
176
64
124
178
64
122
175
64
121
176
64
123
178
64
122
175
64
123
178
64
122
177
64
121
175
64
124
178
64
123
176
64
123
176
64
122
177
64
122
174
64
123
175
64
122
175
64
124
178
64
124
177
64
122
175
64
122
175
64
123
177
64
123
175
64
123
176
64
123
175
64
124
177
64
122
175
64
123
178
64
123
176
64
122
175
64
123
177
64
123
177
64
123
177
64
123
175
64
122
176
64
124
178
64
122
176
64
122
176
64
123
177
64
123
175
64
122
175
64
123
178
64
122
177
64
123
175
64
124
177
64
121
175
64
124
177
64
122
175
64
124
176
64
123
175
64
123
175
64
124
179
64
124
179
64
123
176
64
124
177
64
122
174
64
122
177
64
122
176
64
122
175
64
124
178
64
122
176
64
122
175
64
122
175
64
123
177
64
123
178
64
123
175
64
123
177
64
123
177
64
124
179
64
122
175
64
123
176
64
123
178
64
122
177
64
122
176
64
122
176
64
123
178
64
124
177
64
121
176
64
123
175
64
121
176
64
122
174
64
121
176
64
123
177
64
121
175
64
123
175
64
121
174
64
123
176
64
121
174
64
124
178
64
121
174
64
121
175
64
122
175
64
123
175
64
122
177
64
123
176
64
121
176
64
122
177
64
122
175
64
121
176
64
123
177
64
122
175
64
123
175
64
124
177
64
121
173
64
123
178
64
122
175
64
123
176
64
123
175
64
122
174
64
122
176
64
121
173
64
123
176
64
121
174
64
123
177
64
123
175
64
121
174
64
123
176
64
122
175
64
121
174
64
123
177
64
121
175
64
122
176
64
121
173
64
123
177
64
122
175
64
123
176
64
123
177
64
122
175
64
123
177
64
123
177
64
122
174
64
122
175
64
122
175
64
122
174
64
122
177
64
123
176
64
121
173
64
121
173
64
123
175
64
122
174
64
122
175
64
121
175
64
123
175
64
121
175
64
121
175
64
123
176
64
121
175
64
122
175
64
123
175
64
123
176
64
123
175
64
123
175
64
123
176
64
123
177
64
122
175
64
123
177
64
122
175
64
121
173
64
121
173
64
123
175
64
121
175
64
122
173
64
122
176
64
122
175
64
122
174
64
122
175
64
123
174
64
122
174
64
122
174
64
122
175
64
122
176
64
121
174
64
123
174
64
121
175
64
122
174
64
123
175
64
122
175
64
122
175
64
121
172
64
123
174
64
121
173
64
123
176
64
122
174
64
120
173
64
122
175
64
120
172
64
123
175
64
120
174
64
121
174
64
121
173
64
123
174
64
121
174
64
122
174
64
120
173
64
121
174
64
122
176
64
122
173
64
120
174
64
121
173
64
121
173
64
121
173
64
121
175
64
122
173
64
120
173
64
121
175
64
120
173
64
120
173
64
121
174
64
120
172
64
120
171
64
123
174
64
120
172
64
120
174
64
121
173
64
122
174
64
120
174
64
121
175
64
122
174
64
120
171
64
120
172
64
121
173
64
121
173
64
120
172
64
122
175
64
121
173
64
121
172
64
122
173
64
121
174
64
122
173
64
120
172
64
120
173
64
120
172
64
120
173
64
121
174
64
121
174
64
120
173
64
122
174
64
120
173
64
122
173
64
121
174
64
122
174
64
122
173
64
120
171
64
120
173
64
121
174
64
120
171
64
120
173
64
120
172
64
122
174
64
121
175
64
122
175
64
122
173
64
120
173
64
120
173
64
120
172
64
122
174
64
122
173
64
122
174
64
122
175
64
120
172
64
120
172
64
121
172
64
121
173
64
122
175
64
121
173
64
121
175
64
121
173
64
121
174
64
122
174
64
120
172
64
121
173
64
122
174
64
120
172
64
120
172
64
121
173
64
120
173
64
120
172
64
120
173
64
121
174
64
121
173
64
121
173
64
122
175
64
121
174
64
121
175
64
122
175
64
121
173
64
121
173
64
122
174
64
120
173
64
122
175
64
122
173
64
120
173
64
121
174
64
121
172
64
120
173
64
121
173
64
123
174
64
121
173
64
121
174
64
120
172
64
122
176
64
120
174
64
120
173
64
122
173
64
122
175
64
121
175
64
120
173
64
120
174
64
122
173
64
122
174
64
123
176
64
120
173
64
122
175
64
122
175
64
122
174
64
122
176
64
123
174
64
121
173
64
122
175
64
121
174
64
123
176
64
122
174
64
122
176
64
122
176
64
120
172
64
120
173
64
121
174
64
122
174
64
122
173
64
120
174
64
121
173
64
122
173
64
122
175
64
123
174
64
123
175
64
121
174
64
123
175
64
122
174
64
122
175
64
120
172
64
121
173
64
122
174
64
121
172
64
120
173
64
121
174
64
122
173
64
123
176
64
122
176
64
120
174
64
120
172
64
121
173
64
123
176
64
120
173
64
121
173
64
122
174
64
122
173
64
122
174
64
122
173
64
122
173
64
121
172
64
121
173
64
122
175
64
122
173
64
122
175
64
123
174
64
122
175
64
121
173
64
121
173
64
121
173
64
122
174
64
121
175
64
120
174
64
123
176
64
120
172
64
121
174
64
122
174
64
123
174
64
123
176
64
121
174
64
120
173
64
122
174
64
121
174
64
121
175
64
121
175
64
120
173
64
120
174
64
122
174
64
122
