128
127
127
128
129
129
127
127
128
129
128
128
129
129
128
127
126
125
128
128
129
131
133
134
136
137
138
138
138
138
137
138
139
140
140
139
141
142
143
145
145
145
144
146
147
148
148
149
149
150
149
150
152
154
156
156
156
157
157
156
156
157
156
155
157
159
161
161
163
163
164
164
163
163
164
163
166
168
170
169
170
172
172
171
172
173
173
175
175
176
178
178
179
179
178
177
177
175
178
178
180
181
182
182
182
183
184
184
184
184
185
185
184
186
185
184
184
185
186
184
184
184
185
185
186
185
187
186
185
184
187
189
189
188
190
189
190
189
189
189
190
190
191
191
191
190
64
77
88
98
109
117
126
133
139
145
150
154
159
164
168
172
175
176
180
180
181
183
185
186
187
188
188
190
190
64
79
91
102
111
119
128
136
143
151
157
162
168
173
176
180
183
186
188
190
64
79
92
104
115
126
135
142
149
156
164
169
174
177
182
184
188
64
80
93
106
117
125
136
145
154
161
167
171
176
182
187
190
64
79
94
107
119
131
140
148
156
164
172
177
182
185
189
64
82
97
109
121
132
141
152
161
170
176
182
188
64
81
97
110
121
134
144
152
159
167
172
181
188
64
81
97
110
123
134
145
154
161
170
177
182
187
191
64
83
99
113
127
138
148
157
165
174
181
187
64
83
101
116
131
142
153
162
169
179
188
64
83
100
116
130
142
153
162
173
182
190
64
81
101
117
131
143
155
167
176
185
64
83
103
119
134
146
157
168
177
184
191
64
85
103
118
133
146
157
169
177
185
64
84
103
119
132
145
158
168
178
185
64
85
102
117
132
144
155
165
175
185
64
85
105
120
134
145
159
171
181
188
64
85
104
119
134
146
159
170
180
188
64
84
102
120
133
145
158
169
179
186
64
84
101
119
136
150
163
175
185
64
85
104
122
138
152
164
174
183
64
84
104
120
136
152
166
177
188
64
85
106
124
140
153
166
178
189
64
86
107
124
142
156
171
183
64
87
107
126
143
157
170
182
64
87
109
129
144
157
172
184
64
85
105
125
141
155
169
180
64
87
108
126
144
158
173
187
64
87
110
129
146
161
175
186
64
86
107
126
142
158
174
186
64
87
108
126
143
158
172
185
64
86
107
128
143
159
172
184
64
86
108
129
145
160
176
187
64
88
109
128
145
159
173
186
64
86
107
127
144
160
174
188
64
87
110
128
144
158
174
186
64
88
109
129
145
159
173
187
64
88
109
127
144
160
174
188
64
88
110
128
144
158
172
185
64
88
111
129
147
162
178
190
64
86
109
127
144
158
174
186
64
86
108
129
146
161
175
186
64
88
110
128
145
161
175
189
64
86
107
128
145
160
176
190
64
86
107
127
145
161
175
188
64
87
109
129
146
162
178
189
64
86
108
129
146
160
175
187
64
86
107
126
142
157
173
185
64
87
109
128
146
160
175
187
64
88
110
130
149
163
179
191
64
88
110
130
147
162
178
190
64
86
109
130
147
163
178
191
64
88
111
131
148
162
176
189
64
88
109
129
147
161
175
189
64
88
109
129
146
161
176
188
64
86
107
126
145
161
176
188
64
86
107
126
144
159
174
187
64
86
107
126
145
161
176
189
64
86
107
126
145
159
174
188
64
86
107
127
144
161
176
188
64
88
110
129
146
160
176
190
64
87
108
129
146
162
177
190
64
86
108
127
144
160
174
188
64
87
109
130
148
162
178
190
64
87
110
130
148
164
179
64
88
108
128
147
163
176
190
64
88
109
129
146
162
174
187
64
87
107
129
145
161
176
190
64
87
109
130
149
163
178
64
88
108
127
145
161
175
187
64
88
108
127
146
161
174
188
64
89
109
128
147
163
177
188
64
89
110
130
148
164
177
190
64
89
110
128
145
162
176
187
64
87
108
127
146
162
175
188
64
87
107
126
144
161
175
186
64
89
109
128
146
161
176
189
64
88
109
129
148
165
178
190
64
87
107
125
145
161
175
188
64
89
111
129
146
161
175
186
64
88
108
127
146
162
177
190
64
88
108
126
143
158
174
185
64
87
109
128
147
164
178
191
64
89
109
129
146
162
177
188
64
88
109
129
146
162
176
189
64
88
109
129
146
161
175
188
64
87
108
127
144
162
175
187
64
87
108
128
146
163
177
189
64
87
107
126
144
160
174
186
64
87
108
126
145
163
176
188
64
89
110
129
147
164
178
189
64
87
109
127
145
161
174
186
64
88
108
127
146
163
177
190
64
87
108
127
146
162
176
189
64
88
110
130
149
167
181
64
90
115
137
156
175
64
90
116
139
159
178
64
93
120
143
165
184
64
91
118
143
165
184
64
95
124
148
170
190
64
94
122
150
172
64
96
125
151
174
64
97
126
151
176
64
98
127
153
179
64
97
128
156
179
64
98
129
158
182
64
99
131
159
185
64
97
128
158
184
64
100
132
162
187
64
101
134
164
64
101
134
165
191
64
103
137
167
64
102
138
170
64
103
141
174
64
103
139
172
64
105
143
174
64
107
145
176
64
105
141
175
64
105
143
179
64
107
144
178
64
107
145
181
64
107
147
180
64
108
147
183
64
108
146
182
64
106
146
183
64
107
148
183
64
108
148
185
64
107
148
183
64
111
150
185
64
111
151
188
64
109
152
188
64
111
154
190
64
111
154
64
111
152
191
64
109
154
64
110
152
64
112
155
64
112
155
64
110
156
64
111
155
64
112
155
64
112
156
64
111
158
64
113
156
64
114
157
64
113
159
64
111
156
64
114
158
64
113
160
64
113
158
64
114
161
64
113
159
64
113
160
64
115
162
64
112
158
64
114
160
64
113
160
64
114
160
64
113
160
64
115
162
64
114
161
64
114
160
64
113
160
64
113
159
64
112
158
64
113
159
64
113
158
64
115
160
64
113
157
64
112
157
64
111
156
64
113
156
64
113
159
64
113
158
64
112
158
64
112
156
64
113
157
64
113
157
64
112
155
64
112
156
64
113
159
64
112
159
64
113
158
64
113
157
64
112
157
64
113
160
64
115
160
64
114
161
64
114
161
64
115
162
64
114
161
64
117
165
64
118
168
64
117
165
64
117
165
64
119
168
64
117
168
64
118
168
64
118
167
64
119
171
64
118
169
64
122
173
64
122
173
64
120
172
64
123
175
64
123
177
64
125
180
64
125
182
64
129
188
64
129
188
64
129
188
64
129
188
64
131
190
64
132
64
133
64
132
64
133
64
134
64
135
64
136
64
138
64
136
64
138
64
140
64
138
64
139
64
140
64
141
64
142
64
141
64
142
64
143
64
143
64
144
64
144
64
146
64
144
64
146
64
147
64
145
64
145
64
146
64
145
64
147
64
149
64
148
64
149
64
149
64
149
64
148
64
148
64
149
64
148
64
149
64
150
64
149
64
151
64
149
64
149
64
151
64
149
64
148
64
151
64
150
64
149
64
149
64
148
64
148
64
149
64
149
64
149
64
148
64
147
64
148
64
148
64
148
64
148
64
148
64
149
64
149
64
147
64
147
64
149
64
147
64
148
64
148
64
149
64
148
64
147
64
147
64
147
64
146
64
147
64
146
64
146
64
146
64
146
64
147
64
146
64
146
64
148
64
146
64
146
64
148
64
147
64
145
64
146
64
147
64
146
64
148
64
147
64
146
64
146
64
148
64
146
64
146
64
148
64
148
64
148
64
149
64
146
64
148
64
148
64
148
64
149
64
149
64
149
64
148
64
150
64
147
64
149
64
149
64
147
64
147
64
149
64
147
64
149
64
149
64
149
64
149
64
148
64
148
64
150
64
149
64
147
64
150
64
148
64
149
64
148
64
148
64
148
64
150
64
149
64
149
64
149
64
151
64
149
64
149
64
150
64
149
64
148
64
149
64
150
64
149
64
149
64
149
64
149
64
150
64
150
64
149
64
151
64
149
64
149
64
150
64
149
64
149
64
149
64
148
64
149
64
150
64
150
64
150
64
151
64
149
64
151
64
149
64
148
64
149
64
150
64
150
64
150
64
150
64
149
64
151
64
151
64
149
64
148
64
149
64
148
64
150
64
149
64
149
64
151
64
150
64
150
64
150
64
150
64
148
64
149
64
149
64
149
64
148
64
151
64
150
64
150
64
149
64
148
64
148
64
150
64
147
64
148
64
150
64
150
64
148
64
149
64
147
64
148
64
149
64
149
64
148
64
151
64
150
64
150
64
151
64
150
64
150
64
151
64
150
64
149
64
149
64
150
64
149
64
151
64
148
64
149
64
151
64
149
64
151
64
149
64
149
64
151
64
150
64
150
64
151
64
151
64
150
64
149
64
150
64
150
64
150
64
152
64
150
64
151
64
152
64
150
64
149
64
150
64
149
64
150
64
150
64
149
64
150
64
150
64
149
64
150
64
151
64
149
64
148
64
150
64
149
64
150
64
150
64
149
64
148
64
150
64
148
64
148
64
149
64
149
64
149
64
149
64
148
64
151
64
150
64
150
64
149
64
151
64
149
64
148
64
151
64
148
64
149
64
151
64
150
64
150
64
149
64
148
64
149
64
149
64
149
64
148
64
151
64
150
64
148
64
148
64
148
64
150
64
149
64
148
64
150
64
149
64
148
64
148
64
148
64
149
64
148
64
149
64
148
64
149
64
150
64
149
64
148
64
149
64
149
64
150
64
149
64
148
64
148
64
149
64
148
64
148
64
149
64
149
64
150
64
149
64
147
64
150
64
150
64
149
64
150
64
151
64
148
64
149
64
149
64
150
64
150
64
151
64
149
64
148
64
150
64
148
64
150
64
150
64
147
64
148
64
151
64
150
64
150
64
150
64
149
64
148
64
148
64
149
64
148
64
151
64
148
64
150
64
149
64
149
64
150
64
151
64
148
64
150
64
151
64
148
64
150
64
151
64
148
64
149
64
150
64
150
64
151
64
150
64
150
64
151
64
149
64
148
64
148
64
151
64
147
64
149
64
151
64
148
64
148
64
151
64
149
64
150
64
151
64
149
64
148
64
151
64
149
64
149
64
150
64
148
64
149
64
149
64
148
64
151
64
151
64
148
64
150
64
150
64
149
64
150
64
151
64
150
64
151
64
149
64
149
64
148
64
151
64
149
64
149
64
150
64
150
64
148
64
150
64
149
64
148
64
151
64
148
64
148
64
149
64
150
64
150
64
150
64
150
64
148
64
148
64
147
64
149
64
150
64
150
64
149
64
150
64
147
64
149
64
148
64
147
64
150
64
148
64
147
64
149
64
150
64
147
64
149
64
148
64
149
64
149
64
150
64
147
64
148
64
148
64
149
64
150
64
148
64
147
64
149
64
148
64
149
64
149
64
148
64
147
64
149
64
150
64
148
64
148
64
150
64
149
64
149
64
149
64
148
64
149
64
151
64
148
64
149
64
150
64
149
64
150
64
149
64
148
64
150
64
150
64
150
64
149
64
149
64
148
64
148
64
150
64
148
64
148
64
148
64
150
64
149
64
150
64
148
64
148
64
149
64
150
64
148
64
149
64
148
64
150
64
150
64
148
64
149
64
149
64
149
64
150
64
149
64
148
64
149
64
150
64
149
64
148
64
149
64
149
64
148
64
150
64
147
64
150
64
151
64
149
64
150
64
151
64
149
64
148
64
151
64
149
64
150
64
149
64
148
64
148
64
149
64
150
64
149
64
149
64
148
64
148
64
149
64
150
64
149
64
149
64
149
64
150
64
151
64
150
64
149
64
150
64
148
64
149
64
148
64
149
64
149
64
148
64
147
64
148
64
149
64
150
64
148
64
149
64
148
64
148
64
151
64
149
64
149
64
150
64
148
64
150
64
149
64
148
64
148
64
148
64
149
64
149
64
150
64
147
64
148
64
149
64
149
64
149
64
148
64
148
64
149
64
150
64
147
64
150
64
149
64
150
64
149
64
150
64
149
64
149
64
150
64
147
64
148
64
149
64
149
64
149
64
151
64
149
64
148
64
149
64
148
64
148
64
150
64
148
64
148
64
150
64
149
64
148
64
151
64
148
64
150
64
150
64
148
64
148
64
150
64
147
64
149
64
150
64
149
64
148
64
149
64
147
64
148
64
151
64
147
64
149
64
149
64
148
64
148
64
149
64
149
64
148
64
149
64
150
64
148
64
150
64
148
64
150
64
149
64
150
64
148
64
149
64
150
64
149
64
150
64
148
64
150
64
149
64
148
64
148
64
151
64
149
64
149
64
150
64
150
64
148
64
151
64
148
64
148
64
151
64
150
64
148
64
151
64
148
64
148
64
150
64
150
64
150
64
150
64
149
64
149
64
150
64
148
64
150
64
149
64
150
64
150
64
150
64
148
64
151
64
151
64
150
64
149
64
150
64
148
64
150
64
151
64
148
64
150
64
150
64
148
64
150
64
151
64
149
64
151
64
149
64
150
64
149
64
151
64
148
64
150
64
151
64
148
64
150
64
150
64
148
64
148
64
150
64
148
64
149
64
149
64
149
64
148
64
148
64
147
64
148
64
149
64
149
64
149
64
150
64
147
64
149
64
149
64
147
64
148
64
151
64
148
64
148
64
150
64
150
64
150
64
149
64
149
64
149
64
150
64
148
64
150
64
150
64
149
64
149
64
149
64
148
64
150
64
150
64
148
64
150
64
149
64
149
64
148
64
150
64
150
64
148
64
151
64
148
64
148
64
150
64
149
64
151
64
150
64
148
64
150
64
151
64
148
64
149
64
149
64
150
64
150
64
150
64
150
64
148
64
149
64
148
64
150
64
150
64
149
64
148
64
150
64
149
64
148
64
151
64
147
64
150
64
149
64
150
64
149
64
149
64
149
64
149
64
150
64
149
64
150
64
149
64
149
64
148
64
150
64
148
64
149
64
150
64
148
64
149
64
150
64
148
64
149
64
150
64
148
64
148
64
151
64
149
64
148
64
149
64
148
64
150
64
150
64
148
64
149
64
150
64
148
64
150
64
149
64
150
64
150
64
151
64
150
64
149
64
149
64
150
64
148
64
149
64
150
64
149
64
151
64
148
64
148
64
151
64
150
64
151
64
151
64
150
64
148
64
150
64
150
64
150
64
149
64
149
64
149
64
149
64
150
64
150
64
150
64
149
64
151
64
151
64
151
64
150
64
152
64
150
64
150
64
150
64
148
64
150
64
151
64
149
64
149
64
150
64
149
64
151
64
150
64
148
64
149
64
149
64
148
64
149
64
150
64
148
64
150
64
151
64
151
64
151
64
152
64
149
64
151
64
150
64
150
64
151
64
151
64
151
64
149
64
152
64
151
64
151
64
150
64
151
64
149
64
149
64
149
64
151
64
151
64
150
64
150
64
151
64
150
64
150
64
150
64
148
64
150
64
151
64
150
64
148
64
151
64
148
64
148
64
151
64
149
64
149
64
150
64
149
64
150
64
149
64
150
64
151
64
149
64
149
64
149
64
149
64
150
64
150
64
149
64
150
64
151
64
151
64
149
64
150
64
149
64
149
64
150
64
151
64
150
64
150
64
150
64
150
64
148
64
150
64
150
64
148
64
150
64
150
64
149
64
150
64
149
64
150
64
148
64
148
64
149
64
148
64
149
64
149
64
148
64
147
64
148
64
148
64
148
64
150
64
149
64
148
64
148
64
149
64
149
64
148
64
151
64
150
64
150
64
151
64
148
64
148
64
148
64
148
64
149
64
151
64
150
64
150
64
150
64
149
64
150
64
151
64
148
64
150
64
151
64
149
64
150
64
151
64
149
64
148
64
150
64
148
64
149
64
150
64
150
64
150
64
148
64
147
64
149
64
148
64
148
64
148
64
149
64
148
64
149
64
150
64
148
64
149
64
150
64
150
64
148
64
149
64
148
64
149
64
149
64
149
64
151
64
149
64
149
64
151
64
150
64
148
64
149
64
150
64
149
64
149
64
150
64
148
64
150
64
149
64
148
64
150
64
150
64
149
64
150
64
150
64
149
64
151
64
151
64
150
64
149
64
149
64
149
64
150
64
149
64
148
64
151
64
149
64
150
64
150
64
150
64
149
64
150
64
149
64
150
64
150
64
149
64
148
64
149
64
151
64
151
64
149
64
151
64
150
64
149
64
149
64
149
64
151
64
149
64
150
64
149
64
150
64
148
64
149
64
150
64
148
64
149
64
150
64
148
64
149
64
149
64
149
64
148
64
151
64
149
64
150
64
150
64
148
64
149
64
149
64
148
64
151
64
150
64
149
64
151
64
150
64
150
64
149
64
149
64
149
64
151
64
150
64
150
64
150
64
152
64
149
64
150
64
151
64
148
64
151
64
149
64
150
64
151
64
149
64
149
64
151
64
150
64
150
64
151
64
149
64
149
64
151
64
149
64
150
64
150
64
151
64
150
64
150
64
149
64
150
64
150
64
150
64
150
64
150
64
150
64
150
64
149
64
148
64
148
64
150
64
150
64
148
64
148
64
149
64
148
64
149
64
151
64
149
64
149
64
150
64
149
64
149
64
149
64
149
64
148
64
150
64
147
64
149
64
150
64
150
64
150
64
150
64
148
64
149
64
151
64
148
64
150
64
151
64
148
64
149
64
150
64
148
64
149
64
150
64
149
64
150
64
150
64
149
64
150
64
148
64
150
64
148
64
149
64
149
64
148
64
150
64
147
64
149
64
150
64
147
64
149
64
149
64
148
64
148
64
148
64
149
64
149
64
149
64
148
64
150
64
150
64
148
64
150
64
150
64
148
64
148
64
149
64
149
64
149
64
149
64
149
64
150
64
150
64
150
64
150
64
151
64
148
64
150
64
150
64
148
64
150
64
151
64
150
64
149
64
149
64
149
64
150
64
151
64
150
64
149
64
150
64
150
64
148
64
149
64
150
64
151
64
151
64
150
64
149
64
151
64
148
64
150
64
150
64
149
64
148
64
149
64
149
64
150
64
149
64
149
64
149
64
149
64
150
64
150
64
151
64
149
64
149
64
149
64
150
64
151
64
151
64
149
64
150
64
149
64
150
64
151
64
151
64
150
64
149
64
149
64
148
64
149
64
150
64
150
64
148
64
151
64
150
64
149
64
151
64
149
64
149
64
151
64
150
64
150
64
149
64
150
64
150
64
149
64
150
64
148
64
149
64
148
64
150
64
149
64
149
64
150
64
150
64
150
64
148
64
151
64
149
64
148
64
149
64
149
64
150
64
148
64
147
64
150
64
150
64
147
64
150
64
151
64
148
64
150
64
149
64
147
64
148
64
149
64
149
64
149
64
148
64
150
64
150
64
151
64
150
64
148
64
150
64
148
64
148
64
150
64
149
64
150
64
150
64
149
64
149
64
151
64
149
64
148
64
149
64
148
64
148
64
151
64
149
64
149
64
151
64
149
64
148
64
151
64
149
64
150
64
149
64
148
64
149
64
149
64
148
64
150
64
149
64
149
64
150
64
151
64
148
64
149
64
151
64
149
64
148
64
150
64
148
64
150
64
150
64
148
64
149
64
151
64
149
64
149
64
151
64
149
64
148
64
