127
128
127
126
127
126
127
127
126
127
126
126
127
128
127
128
128
129
128
128
127
128
128
128
127
126
125
125
125
126
127
126
125
124
124
123
123
124
124
126
126
126
125
126
127
127
127
127
128
129
128
129
129
129
129
128
129
127
127
126
126
125
126
125
126
127
127
127
126
127
127
127
129
131
132
134
134
136
136
138
138
138
138
140
140
141
140
139
138
138
138
137
138
141
141
142
144
144
144
143
144
144
145
145
146
147
148
149
151
151
153
153
155
155
156
156
156
156
155
158
159
161
160
161
162
162
163
163
162
162
165
165
166
167
168
170
171
172
172
174
175
176
178
178
180
179
178
180
181
181
182
183
184
185
185
185
186
187
188
189
191
64
76
87
99
110
119
129
137
144
148
155
162
167
171
174
177
179
182
187
190
64
78
91
104
115
127
137
144
153
159
166
174
179
185
188
64
78
95
110
122
134
143
150
159
169
175
183
189
64
81
98
112
124
135
144
156
165
173
181
188
64
83
101
115
129
140
151
162
171
180
188
64
83
102
118
133
145
156
166
175
184
190
64
83
103
118
131
146
159
170
181
190
64
85
104
122
138
151
164
175
184
64
86
105
121
139
154
166
178
191
64
88
109
129
147
163
177
189
64
86
107
128
147
164
178
64
88
110
129
148
164
180
64
89
111
132
151
168
183
64
89
112
134
154
169
186
64
90
112
135
155
171
185
64
89
113
135
154
173
189
64
90
115
137
156
176
64
92
115
138
159
178
64
93
117
140
161
180
64
92
117
140
162
180
64
92
120
145
165
186
64
93
120
144
167
186
64
93
121
144
166
187
64
94
119
143
166
187
64
95
121
146
168
188
64
94
121
148
172
191
64
94
123
150
173
64
96
125
152
177
64
97
129
156
182
64
97
129
159
183
64
98
130
158
184
64
97
131
159
184
64
101
135
164
191
64
102
136
165
64
102
134
165
64
100
133
165
64
103
139
170
64
103
138
170
64
101
135
166
64
105
140
171
64
104
139
171
64
102
140
172
64
103
139
171
64
105
142
175
64
105
142
174
64
104
141
175
64
107
144
180
64
104
142
177
64
107
144
178
64
107
146
180
64
105
145
178
64
107
146
182
64
106
145
182
64
106
145
180
64
108
149
185
64
108
148
184
64
107
148
183
64
109
150
187
64
109
150
186
64
108
149
184
64
110
150
185
64
108
149
185
64
107
148
186
64
110
149
186
64
110
150
187
64
110
153
191
64
110
152
189
64
108
147
187
64
109
151
189
64
110
151
187
64
110
153
191
64
109
151
189
64
110
152
187
64
110
153
64
111
152
190
64
108
150
190
64
110
151
189
64
110
150
189
64
111
154
64
111
155
191
64
111
153
190
64
111
154
64
112
152
191
64
109
152
64
112
154
191
64
110
151
190
64
110
154
64
110
151
64
110
153
190
64
109
153
64
112
154
64
111
155
64
111
154
64
110
153
190
64
110
154
64
112
154
190
64
110
152
190
64
111
155
64
110
152
64
111
155
64
111
154
191
64
112
155
64
113
155
64
113
156
64
111
153
190
64
113
154
64
111
153
64
112
154
191
64
112
156
64
112
154
64
110
154
191
64
112
157
64
112
155
64
111
154
191
64
112
154
64
110
152
64
112
155
64
111
156
64
112
155
64
112
154
64
110
152
64
113
156
64
110
153
191
64
109
151
189
64
111
153
64
111
153
190
64
110
151
64
113
155
64
111
155
64
110
153
191
64
112
156
64
110
154
64
110
154
64
111
156
64
110
153
190
64
112
156
64
110
155
64
111
154
64
112
153
191
64
112
153
64
111
154
64
111
152
191
64
110
154
64
110
153
64
112
156
64
110
153
191
64
111
154
191
64
111
152
190
64
111
153
64
112
157
64
112
154
191
64
110
153
191
64
111
152
64
110
152
190
64
110
154
64
110
154
64
111
155
64
110
153
64
112
157
64
112
156
64
111
155
64
110
154
64
112
157
64
112
155
64
110
154
64
111
155
64
111
155
64
109
154
64
109
153
191
64
113
157
64
111
153
190
64
109
152
64
111
155
64
110
152
191
64
109
152
190
64
112
154
64
112
156
64
110
153
191
64
113
154
64
110
151
189
64
111
155
64
110
154
64
112
156
64
109
151
189
64
112
156
64
113
156
64
110
154
190
64
109
152
191
64
112
154
191
64
112
153
191
64
113
155
64
112
153
64
111
153
191
64
112
157
64
110
152
190
64
112
153
64
111
153
191
64
111
152
64
111
152
189
64
111
154
64
112
155
64
111
155
64
111
154
64
110
153
191
64
112
156
64
112
154
64
112
154
64
113
155
64
112
155
191
64
111
154
64
110
154
64
110
152
191
64
110
152
190
64
111
154
64
111
154
64
112
154
190
64
109
151
189
64
109
154
191
64
110
153
191
64
110
154
64
110
152
190
64
110
152
191
64
112
154
64
110
153
64
110
153
191
64
111
154
64
112
153
64
112
156
64
112
154
64
110
153
64
110
154
64
113
154
64
112
154
64
112
154
64
113
155
64
111
154
64
114
157
64
112
154
64
111
154
64
113
156
64
112
154
64
111
156
64
112
155
64
113
157
64
112
157
64
114
156
64
114
157
64
114
159
64
113
158
64
115
159
64
112
155
64
114
158
64
112
156
64
113
160
64
113
156
64
114
159
64
114
159
64
113
156
64
114
160
64
115
161
64
114
160
64
113
159
64
115
161
64
116
161
64
113
157
64
115
161
64
113
159
64
115
162
64
115
160
64
113
160
64
116
162
64
113
158
64
115
162
64
115
159
64
117
164
64
114
161
64
115
161
64
114
159
64
114
159
64
114
161
64
114
162
64
117
162
64
114
161
64
115
161
64
115
162
64
116
164
64
114
162
64
116
164
64
116
165
64
116
163
64
116
163
64
116
166
64
118
165
64
117
165
64
117
166
64
118
167
64
118
167
64
117
166
64
118
168
64
117
165
64
118
167
64
119
169
64
120
169
64
118
168
64
120
169
64
119
169
64
120
170
64
118
167
64
121
171
64
119
167
64
121
172
64
119
167
64
120
170
64
120
169
64
120
170
64
120
169
64
120
169
64
121
172
64
119
169
64
121
171
64
120
169
64
119
168
64
120
171
64
120
169
64
121
170
64
120
170
64
121
171
64
120
169
64
119
170
64
121
173
64
119
170
64
119
169
64
120
171
64
121
171
64
120
171
64
119
170
64
121
172
64
119
169
64
119
168
64
122
174
64
121
172
64
121
170
64
121
172
64
121
173
64
120
172
64
120
170
64
122
173
64
121
172
64
120
171
64
121
172
64
119
169
64
120
171
64
121
172
64
120
170
64
120
173
64
120
172
64
120
171
64
119
171
64
121
170
64
120
172
64
120
170
64
121
171
64
120
173
64
121
172
64
120
173
64
122
172
64
121
173
64
121
173
64
120
170
64
121
173
64
122
172
64
122
173
64
119
171
64
121
172
64
123
173
64
120
169
64
122
172
64
119
170
64
122
172
64
121
173
64
120
171
64
120
172
64
121
174
64
120
170
64
123
173
64
122
172
64
122
172
64
121
172
64
122
173
64
122
173
64
122
173
64
120
173
64
120
171
64
120
172
64
122
173
64
120
172
64
121
172
64
121
172
64
122
173
64
121
172
64
121
172
64
121
172
64
123
175
64
122
174
64
121
172
64
123
175
64
124
177
64
121
175
64
123
174
64
122
175
64
123
176
64
123
178
64
124
175
64
124
177
64
124
177
64
124
178
64
124
177
64
123
177
64
125
179
64
124
180
64
123
177
64
125
179
64
124
177
64
124
177
64
125
178
64
125
179
64
125
179
64
123
177
64
125
178
64
124
178
64
126
181
64
125
180
64
126
179
64
124
179
64
125
180
64
125
180
64
125
181
64
125
182
64
127
182
64
127
185
64
126
182
64
126
183
64
126
185
64
128
186
64
127
184
64
129
188
64
128
187
64
127
185
64
129
188
64
130
188
64
128
189
64
130
189
64
128
188
64
131
190
64
131
190
64
130
191
64
130
191
64
130
64
131
64
132
64
131
64
133
64
132
64
132
64
131
191
64
132
64
132
64
132
64
133
64
132
64
130
191
64
132
64
132
64
131
64
132
64
133
64
132
64
132
64
133
64
133
64
131
64
133
64
131
64
134
64
134
64
133
64
133
64
135
64
134
64
135
64
137
64
134
64
135
64
137
64
137
64
138
64
139
64
138
64
140
64
138
64
140
64
141
64
139
64
140
64
139
64
142
64
139
64
142
64
143
64
140
64
141
64
142
64
141
64
142
64
142
64
144
64
143
64
145
64
143
64
143
64
146
64
143
64
144
64
145
64
143
64
146
64
145
64
146
64
144
64
147
64
146
64
147
64
146
64
146
64
147
64
146
64
147
64
145
64
146
64
146
64
147
64
148
64
146
64
146
64
147
64
147
64
148
64
149
64
147
64
147
64
147
64
146
64
148
64
147
64
148
64
148
64
148
64
148
64
149
64
148
64
147
64
148
64
148
64
148
64
148
64
149
64
148
64
148
64
148
64
147
64
149
64
148
64
148
64
148
64
150
64
148
64
148
64
149
64
149
64
149
64
148
64
148
64
150
64
149
64
148
64
148
64
149
64
148
64
148
64
148
64
148
64
149
64
149
64
148
64
149
64
149
64
148
64
149
64
149
64
149
64
148
64
151
64
149
64
150
64
151
64
149
64
150
64
151
64
149
64
150
64
150
64
148
64
148
64
149
64
149
64
149
64
150
64
149
64
149
64
150
64
148
64
150
64
149
64
148
64
150
64
149
64
150
64
150
64
149
64
149
64
148
64
149
64
148
64
148
64
150
64
149
64
148
64
150
64
149
64
150
64
151
64
148
64
148
64
150
64
150
64
150
64
151
64
150
64
149
64
151
64
148
64
148
64
151
64
150
64
148
64
150
64
150
64
150
64
151
64
149
64
149
64
150
64
150
64
150
64
151
64
150
64
150
64
151
64
150
64
150
64
149
64
149
64
149
64
151
64
148
64
149
64
151
64
149
64
148
64
151
64
148
64
148
64
151
64
149
64
148
64
149
64
150
64
148
64
151
64
150
64
148
64
149
64
150
64
148
64
151
64
150
64
148
64
151
64
149
64
150
64
149
64
150
64
151
64
150
64
148
64
150
64
150
64
149
64
150
64
149
64
148
64
150
64
151
64
149
64
151
64
150
64
149
64
150
64
149
64
149
64
151
64
151
64
149
64
150
64
150
64
149
64
150
64
150
64
149
64
150
64
150
64
150
64
149
64
151
64
150
64
150
64
149
64
148
64
149
64
150
64
150
64
151
64
150
64
149
64
150
64
149
64
150
64
149
64
150
64
150
64
150
64
151
64
148
64
150
64
149
64
150
64
149
64
149
64
148
64
151
64
150
64
150
64
149
64
151
64
150
64
151
64
150
64
149
64
151
64
149
64
150
64
150
64
150
64
148
64
150
64
149
64
150
64
149
64
150
64
148
64
150
64
150
64
149
64
149
64
151
64
148
64
151
64
151
64
148
64
151
64
151
64
148
64
151
64
151
64
149
64
151
64
150
64
148
64
149
64
150
64
149
64
151
64
151
64
148
64
149
64
149
64
148
64
151
64
151
64
148
64
150
64
149
64
149
64
150
64
151
64
149
64
151
64
151
64
149
64
151
64
150
64
148
64
151
64
151
64
149
64
151
64
151
64
148
64
150
64
150
64
149
64
149
64
149
64
148
64
149
64
149
64
149
64
150
64
150
64
150
64
150
64
151
64
148
64
150
64
150
64
148
64
149
64
150
64
150
64
151
64
149
64
149
64
150
64
151
64
150
64
149
64
151
64
150
64
149
64
149
64
149
64
149
64
151
64
149
64
149
64
149
64
148
64
149
64
149
64
150
64
151
64
151
64
149
64
151
64
150
64
148
64
150
64
151
64
149
64
151
64
150
64
150
64
151
64
151
64
149
64
149
64
151
64
150
64
150
64
150
64
148
64
149
64
150
64
150
64
151
64
149
64
148
64
151
64
150
64
148
64
149
64
149
64
149
64
151
64
149
64
150
64
151
64
151
64
150
64
149
64
149
64
148
64
151
64
151
64
150
64
149
64
149
64
150
64
149
64
150
64
148
64
151
64
151
64
150
64
151
64
151
64
149
64
151
64
150
64
148
64
149
64
150
64
149
64
151
64
149
64
150
64
149
64
151
64
148
64
149
64
150
64
148
64
150
64
149
64
150
64
151
64
149
64
150
64
150
64
149
64
149
64
150
64
150
64
150
64
150
64
149
64
149
64
149
64
149
64
150
64
149
64
149
64
149
64
151
64
150
64
148
64
150
64
149
64
150
64
151
64
149
64
150
64
151
64
151
64
148
64
149
64
151
64
150
64
149
64
149
64
150
64
150
64
151
64
149
64
151
64
150
64
150
64
151
64
151
64
148
64
149
64
150
64
148
64
149
64
150
64
148
64
150
64
151
64
149
64
150
64
150
64
148
64
149
64
149
64
149
64
151
64
150
64
149
64
149
64
151
64
150
64
149
64
149
64
149
64
151
64
149
64
149
64
151
64
150
64
150
64
151
64
150
64
149
64
149
64
149
64
149
64
149
64
150
64
150
64
151
64
150
64
148
64
149
64
150
64
148
64
150
64
150
64
148
64
150
64
149
64
148
64
149
64
149
64
148
64
149
64
150
64
149
64
151
64
150
64
149
64
149
64
151
64
150
64
150
64
151
64
150
64
149
64
150
64
149
64
151
64
151
64
150
64
151
64
151
64
149
64
149
64
151
64
148
64
149
64
149
64
148
64
151
64
151
64
149
64
149
64
151
64
149
64
151
64
150
64
150
64
151
64
149
64
148
64
150
64
151
64
148
64
149
64
151
64
148
64
151
64
150
64
148
64
151
64
149
64
148
64
151
64
151
64
149
64
150
64
151
64
148
64
151
64
151
64
149
64
150
64
149
64
150
64
150
64
150
64
150
64
149
64
150
64
150
64
149
64
149
64
148
64
150
64
150
64
150
64
149
64
151
64
148
64
150
64
150
64
150
64
149
64
150
64
150
64
149
64
149
64
148
64
151
64
150
64
148
64
151
64
151
64
150
64
151
64
149
64
148
64
151
64
151
64
149
64
151
64
149
64
148
64
149
64
151
64
148
64
149
64
149
64
149
64
151
64
151
64
148
64
149
64
150
64
149
64
149
64
151
64
150
64
150
64
149
64
