136
142
149
153
159
162
165
64
80
94
106
116
126
137
146
153
159
166
64
80
95
108
122
134
145
155
162
64
79
97
112
126
137
147
157
164
64
82
99
114
129
141
151
164
64
87
108
125
142
155
167
64
85
105
122
138
154
166
64
90
111
130
147
163
64
89
111
131
150
165
64
89
114
137
157
64
92
116
139
160
64
93
120
144
165
64
95
121
145
167
64
94
123
149
64
98
127
152
64
96
125
152
64
100
133
159
64
98
130
159
64
100
134
163
64
104
140
169
64
103
136
168
64
104
140
64
103
140
64
106
144
64
107
147
64
109
148
64
109
149
64
109
150
64
111
153
64
110
153
64
112
154
64
115
160
64
113
160
64
116
161
64
115
163
64
116
163
64
117
166
64
119
166
64
120
168
64
120
64
121
64
121
64
122
64
125
64
123
64
125
64
127
64
126
64
127
64
130
64
129
64
132
64
133
64
132
64
133
64
136
64
136
64
135
64
137
64
138
64
138
64
141
64
139
64
142
64
141
64
141
64
144
64
144
64
144
64
144
64
144
64
143
64
143
64
145
64
145
64
143
64
144
64
147
64
144
64
146
64
145
64
147
64
144
64
145
64
146
64
146
64
147
64
148
64
148
64
148
64
150
64
149
64
149
64
149
64
148
64
151
64
151
64
152
64
149
64
151
64
151
64
150
64
152
64
153
64
153
64
154
64
153
64
153
64
155
64
155
64
155
64
155
64
157
64
155
64
155
64
156
64
156
64
158
64
158
64
159
64
159
64
159
64
160
64
160
64
158
64
159
64
159
64
161
64
161
64
161
64
161
64
161
64
161
64
160
64
161
64
161
64
163
64
162
64
162
64
162
64
162
64
162
64
164
64
162
64
163
64
162
64
163
64
162
64
163
64
163
64
164
64
165
64
164
64
165
64
163
64
165
64
165
64
163
64
164
64
164
64
165
64
165
64
164
64
166
64
164
64
165
64
166
64
165
64
164
64
164
64
165
64
165
64
165
64
164
64
165
64
164
64
165
64
165
64
165
64
167
64
166
64
166
64
166
64
165
64
167
64
167
64
166
64
165
64
167
64
166
64
167
64
166
64
165
64
165
64
166
64
167
64
165
64
166
64
165
64
166
64
166
64
167
64
167
64
165
64
166
64
167
64
165
64
167
64
167
64
167
64
166
64
167
64
168
64
168
64
167
64
166
64
167
64
167
64
168
64
168
64
167
64
167
64
167
64
166
64
167
64
167
64
167
64
168
64
166
64
167
64
167
64
166
64
167
64
168
64
166
64
168
64
168
64
168
64
166
64
166
64
168
64
167
64
166
64
166
64
166
64
166
64
167
64
168
64
168
64
168
64
166
64
168
64
167
64
166
64
168
64
166
64
166
64
167
64
166
64
168
64
168
64
167
64
168
64
166
64
168
64
166
64
168
64
167
64
167
64
168
64
167
64
168
64
167
64
166
64
167
64
168
64
166
64
168
64
168
64
168
64
167
64
168
64
168
64
167
64
166
64
168
64
167
64
168
64
168
64
166
64
167
64
168
64
167
64
166
64
167
64
166
64
168
64
166
64
168
64
167
64
168
64
166
64
166
64
166
64
166
64
166
64
168
64
166
64
168
64
168
64
166
64
168
64
168
64
168
64
166
64
166
64
167
64
166
64
167
64
168
64
168
64
168
64
168
64
168
64
166
64
168
64
166
64
168
64
167
64
166
64
168
64
168
64
168
64
168
64
168
64
167
64
166
64
168
64
168
64
168
64
168
64
168
64
167
64
166
64
168
64
166
64
167
64
167
64
166
64
168
64
166
64
166
64
166
64
167
64
168
64
168
64
167
64
167
64
168
64
167
64
167
64
166
64
166
64
166
64
168
64
166
64
168
64
168
64
168
64
167
64
168
64
167
64
168
64
166
64
167
64
168
64
166
64
166
64
167
64
167
64
166
64
167
64
166
64
168
64
167
64
168
64
166
64
167
64
167
64
168
64
167
64
167
64
167
64
167
64
166
64
168
64
168
64
168
64
168
64
166
64
168
64
166
64
168
64
166
64
168
64
166
64
167
64
167
64
167
64
167
64
168
64
167
64
168
64
167
64
168
64
166
64
166
64
167
64
168
64
168
64
168
64
166
64
166
64
167
64
166
64
166
64
166
64
168
64
166
64
167
64
166
64
166
64
166
64
167
64
167
64
167
64
168
64
167
64
168
64
168
64
166
64
166
64
167
64
167
64
167
64
166
64
168
64
168
64
167
64
166
64
167
64
167
64
166
64
166
64
167
64
168
64
166
64
166
64
166
64
166
64
167
64
168
64
167
64
167
64
167
64
166
64
166
64
167
64
168
64
167
64
166
64
167
64
168
64
166
64
168
64
167
64
167
64
167
64
168
64
166
64
167
64
168
64
167
64
168
64
167
64
168
64
166
64
166
64
168
64
168
64
168
64
167
64
166
64
166
64
166
64
168
64
166
64
166
64
168
64
168
64
167
64
167
64
166
64
168
64
167
64
167
64
168
64
167
64
167
64
166
64
167
64
166
64
168
64
166
64
167
64
167
64
168
64
166
64
167
64
168
64
168
64
168
64
167
64
168
64
167
64
166
64
166
64
168
64
166
64
168
64
168
64
168
64
168
64
168
64
168
64
167
64
167
64
167
64
168
64
167
64
168
64
166
64
166
64
167
64
168
64
168
64
168
64
168
64
167
64
167
64
166
64
166
64
167
64
167
64
168
64
166
64
166
64
167
64
166
64
166
64
168
64
168
64
168
64
168
64
166
64
166
64
167
64
168
64
168
64
166
64
166
64
168
64
166
64
167
64
166
64
166
64
167
64
168
64
168
64
166
64
168
64
167
64
168
64
168
64
167
64
166
64
168
64
167
64
167
64
168
64
168
64
167
64
166
64
167
64
167
64
167
64
167
64
167
64
168
64
168
64
166
64
168
64
168
64
168
64
167
64
167
64
166
64
166
64
166
64
166
64
166
64
168
64
168
64
168
64
166
64
167
64
167
64
167
64
167
64
167
64
166
64
167
64
167
64
167
64
168
64
167
64
166
64
167
64
167
64
168
64
167
64
168
64
167
64
168
64
167
64
166
64
167
64
167
64
166
64
166
64
168
64
166
64
168
64
168
64
168
64
166
64
168
64
168
64
167
64
168
64
166
64
167
64
166
64
167
64
168
64
166
64
166
64
167
64
167
64
167
64
168
64
166
64
168
64
167
64
166
64
168
64
166
64
168
64
167
64
167
64
166
64
167
64
166
64
168
64
166
64
167
64
168
64
166
64
166
64
168
64
166
64
167
64
166
64
166
64
166
64
168
64
167
64
166
64
168
64
166
64
168
64
166
64
167
64
168
64
166
64
166
64
167
64
166
64
166
64
166
64
167
64
167
64
166
64
168
64
166
64
168
64
168
64
168
64
166
64
168
64
166
64
168
64
166
64
166
64
167
64
166
64
166
64
166
64
168
64
168
64
168
64
168
64
168
64
167
64
168
64
166
64
167
64
168
64
166
64
166
64
168
64
167
64
168
64
167
64
167
64
166
64
166
64
166
64
167
64
168
64
166
64
168
64
168
64
168
64
168
64
166
64
168
64
167
64
166
64
166
64
167
64
168
64
166
64
166
64
168
64
167
64
167
64
166
64
167
64
166
64
168
64
168
64
168
64
168
64
167
64
167
64
166
64
166
64
167
64
166
64
166
64
166
64
166
64
166
64
167
64
168
64
166
64
167
64
167
64
167
64
167
64
167
64
167
64
167
64
167
64
166
64
166
64
167
64
166
64
168
64
168
64
166
64
167
64
167
64
167
64
166
64
168
64
167
64
167
64
168
64
166
64
166
64
167
64
167
64
166
64
167
64
168
64
166
64
166
64
168
64
167
64
167
64
167
64
166
64
168
64
166
64
166
64
167
64
166
64
166
64
168
64
167
64
167
64
166
64
167
64
166
64
168
64
166
64
168
64
166
64
166
64
167
64
167
64
168
64
166
64
167
64
166
64
167
64
168
64
168
64
168
64
166
64
166
64
168
64
166
64
168
64
167
64
168
64
167
64
168
64
168
64
168
64
166
64
167
64
166
64
167
64
166
64
166
64
166
64
166
64
166
64
168
64
166
64
168
64
166
64
166
64
168
64
167
64
166
64
168
64
167
64
166
64
168
64
167
64
168
64
168
64
167
64
166
64
166
64
166
64
168
64
168
64
168
64
167
64
166
64
167
64
168
64
167
64
168
64
167
64
166
64
166
64
167
64
166
64
167
64
166
64
166
64
168
64
168
64
167
64
166
64
167
64
168
64
167
64
168
64
167
64
166
64
167
64
166
64
166
64
168
64
167
64
167
64
168
64
166
64
166
64
166
64
167
64
167
64
168
64
168
64
167
64
167
64
166
64
167
64
166
64
168
64
168
64
166
64
166
64
168
64
168
64
166
64
168
64
166
64
167
64
168
64
166
64
166
64
166
64
168
64
167
64
167
64
166
64
168
64
166
64
167
64
167
64
168
64
168
64
168
64
168
64
168
64
167
64
169
64
168
