129
128
127
126
126
128
127
126
127
128
129
129
128
127
126
127
128
128
129
128
127
128
128
129
129
128
127
128
128
129
128
128
127
126
126
127
128
128
128
128
129
129
129
128
129
129
128
129
129
130
131
129
130
130
129
129
127
127
127
128
129
129
130
131
129
129
130
131
131
130
130
130
129
129
130
128
129
128
128
127
127
126
125
125
126
126
127
127
127
128
128
128
126
126
126
125
126
127
126
126
125
124
124
124
122
121
121
122
122
121
122
122
121
121
120
120
119
118
117
116
115
116
116
117
117
117
118
117
117
118
118
118
117
116
116
117
117
117
118
119
117
118
119
118
118
116
115
115
113
113
112
112
112
111
110
109
110
110
109
109
108
108
109
108
107
108
107
108
108
109
108
108
107
106
106
107
106
105
105
106
106
105
105
106
105
104
104
105
106
107
108
108
109
108
108
109
109
109
108
109
108
108
106
107
107
107
107
107
107
106
106
106
105
105
103
104
104
103
103
102
102
103
105
108
108
109
108
108
108
109
109
110
111
111
110
110
111
110
110
111
112
111
112
113
111
111
109
109
110
109
108
109
110
110
112
111
113
112
114
113
113
114
114
113
113
112
112
111
110
109
108
108
109
109
111
113
115
114
116
115
117
117
116
116
115
115
116
116
115
115
115
116
117
119
120
121
121
122
121
122
122
122
121
121
121
119
118
119
122
122
122
122
123
124
125
125
125
124
123
124
123
123
122
121
124
126
125
127
128
129
128
129
128
129
129
129
128
126
126
126
126
127
128
129
129
128
127
127
127
126
125
126
126
128
127
128
127
129
129
128
129
129
129
128
127
127
129
130
129
129
130
131
132
133
133
132
132
133
134
135
135
135
136
137
136
135
135
136
136
135
135
135
136
136
136
137
138
138
139
139
139
137
138
138
137
138
138
137
137
136
135
134
134
136
138
138
140
139
138
137
136
136
137
136
137
137
137
139
138
137
137
136
137
138
138
140
142
142
144
144
143
142
143
143
143
143
145
144
144
144
145
144
145
145
146
146
147
148
148
149
148
147
149
149
149
151
152
151
151
151
151
153
152
151
150
149
151
149
148
147
149
150
151
150
151
150
149
147
146
147
149
150
149
149
150
148
148
148
148
149
149
149
150
149
148
148
148
149
150
150
150
150
151
151
149
148
148
148
149
150
148
148
147
145
144
144
145
145
146
146
147
145
144
144
145
146
147
148
148
147
146
145
144
145
145
144
144
145
144
144
143
141
142
142
144
143
142
140
139
138
137
135
136
138
137
138
137
138
139
139
138
137
138
139
140
139
139
139
137
138
137
139
140
141
141
141
140
140
141
139
139
140
140
140
140
138
137
138
137
139
138
138
139
138
138
138
137
135
137
138
138
139
138
138
137
136
136
137
137
136
137
138
137
137
138
138
140
141
141
142
143
142
141
139
138
136
136
136
138
139
138
138
137
136
135
134
136
135
137
137
136
136
136
136
135
136
137
138
139
138
138
137
136
135
134
135
136
135
135
133
135
133
134
132
131
133
133
134
135
136
134
133
132
131
131
132
134
135
135
136
136
135
134
134
134
134
134
134
133
132
132
131
132
133
133
134
136
135
136
136
136
135
135
135
134
135
135
136
136
135
135
136
137
138
139
138
136
137
136
135
134
134
136
137
137
136
136
136
136
135
135
136
135
136
137
135
136
136
137
135
135
136
136
136
137
137
137
138
138
137
137
138
137
137
137
138
137
137
135
136
138
136
135
136
137
136
134
133
133
134
135
136
136
137
136
134
135
134
134
135
134
134
135
135
133
134
133
131
131
132
133
132
131
131
131
132
131
131
133
132
132
131
130
129
129
128
126
128
130
130
132
131
130
130
130
128
127
127
129
130
130
129
129
128
129
130
128
130
130
129
130
131
131
131
132
130
132
132
131
131
131
130
130
129
129
130
130
131
131
131
131
131
131
131
131
132
133
132
131
132
131
132
131
129
129
130
130
132
132
132
133
131
131
129
131
131
131
131
132
132
132
130
129
129
131
133
134
133
132
133
133
134
133
131
133
132
133
132
132
132
133
131
131
130
131
132
133
134
135
135
133
134
132
132
133
133
132
131
131
131
129
128
129
131
130
132
131
131
132
130
131
129
128
128
130
129
130
130
130
130
130
128
130
131
131
132
133
132
132
131
129
130
132
132
131
131
132
130
130
129
128
126
128
128
129
130
129
128
127
128
128
127
129
130
131
130
130
131
131
131
130
129
129
128
129
129
130
129
129
129
130
130
129
128
127
129
131
132
131
132
133
134
134
135
135
134
136
138
139
140
140
138
138
137
136
137
136
138
139
141
140
141
141
141
141
141
140
139
138
140
140
140
139
139
138
137
137
137
139
139
140
142
141
142
143
144
145
146
147
147
146
146
147
148
148
148
147
148
148
149
148
149
149
149
150
151
152
152
152
154
153
155
156
156
157
158
159
160
160
162
161
162
163
163
165
166
166
167
167
167
168
168
168
167
169
169
168
170
171
169
168
170
172
173
174
173
172
174
173
173
174
174
172
172
172
172
171
170
169
169
172
171
172
172
172
173
175
176
175
175
174
176
175
176
175
175
176
177
179
179
179
179
179
181
180
180
181
181
181
182
182
183
182
182
181
182
182
184
183
183
183
182
183
183
182
182
182
184
183
183
184
184
182
183
185
184
184
183
183
183
183
183
183
184
184
184
186
187
187
187
188
187
187
186
187
186
186
186
185
186
186
186
186
186
185
187
187
186
186
188
187
188
189
188
188
190
191
190
189
188
188
189
191
190
190
189
188
190
189
190
191
189
190
189
188
189
188
187
188
189
188
189
189
191
64
76
90
101
111
121
129
137
144
151
159
163
169
174
178
181
184
186
189
64
78
92
106
119
128
136
146
155
161
167
173
180
186
189
191
64
81
97
109
121
133
142
151
157
163
171
177
183
186
191
64
79
95
107
120
132
140
149
157
164
170
176
181
186
188
64
79
94
107
119
130
139
146
155
161
167
174
179
183
185
190
64
81
96
109
120
130
138
147
155
161
168
173
178
182
186
190
64
80
94
107
120
131
141
150
158
166
171
176
180
185
189
64
78
91
104
115
126
136
144
154
162
167
174
179
183
188
64
79
94
108
119
130
139
147
155
162
169
174
179
184
190
64
78
93
107
119
128
138
147
155
162
168
174
177
181
186
190
64
79
95
109
122
131
140
148
155
161
167
173
178
183
186
188
64
79
94
108
119
128
138
146
153
159
164
169
176
180
184
188
64
79
92
104
115
128
138
145
152
160
166
173
178
183
185
191
64
80
93
104
117
127
137
145
152
160
165
172
178
181
187
190
64
80
94
108
120
131
140
147
155
163
169
174
180
186
189
191
64
80
96
108
120
130
137
148
155
160
166
172
176
181
185
188
191
64
80
93
105
115
127
137
144
152
157
165
170
174
179
184
188
64
80
96
108
139
166
188
64
96
127
156
181
64
98
129
157
181
64
96
126
153
179
64
97
129
156
180
64
97
130
158
184
64
99
131
158
184
64
99
130
158
185
64
97
129
159
186
64
100
131
161
185
64
99
133
160
187
64
98
129
159
187
64
98
132
162
190
64
102
135
165
189
64
101
134
162
188
64
99
131
162
189
64
99
133
162
188
64
100
135
166
64
100
133
165
191
64
102
136
168
64
103
139
173
64
103
141
174
64
105
141
173
64
106
143
178
64
105
142
176
64
108
147
181
64
107
147
182
64
106
147
184
64
109
149
183
64
110
150
189
64
110
152
189
64
111
153
190
64
110
152
190
64
109
153
191
64
111
154
191
64
111
153
64
111
154
64
112
157
64
113
155
64
112
157
64
113
158
64
112
157
64
112
158
64
113
158
64
113
159
64
114
160
64
116
164
64
118
166
64
118
168
64
119
168
64
118
167
64
120
170
64
122
174
64
122
175
64
122
177
64
123
177
64
123
179
64
124
180
64
126
183
64
126
181
64
127
185
64
129
188
64
128
187
64
129
186
64
130
188
64
128
189
64
130
189
64
130
189
64
130
64
130
191
64
131
64
132
64
132
191
64
132
64
131
64
132
64
133
64
132
64
132
64
131
64
131
64
132
64
131
64
132
64
131
64
133
64
131
64
130
64
132
64
133
64
132
64
132
64
131
64
132
64
133
64
132
64
132
64
132
64
132
64
134
64
132
64
132
64
134
64
133
64
134
64
134
64
131
64
134
64
134
64
133
64
134
64
132
64
133
64
133
64
133
64
133
64
133
64
133
64
132
64
133
64
134
64
134
64
135
64
134
64
134
64
135
64
133
64
134
64
133
64
134
64
133
64
133
64
135
64
133
64
135
64
135
64
133
64
136
64
134
64
135
64
136
64
135
64
135
64
134
64
136
64
134
64
135
64
134
64
136
64
134
64
134
64
133
64
135
64
134
64
135
64
134
64
133
64
134
64
136
64
135
64
135
64
133
64
135
64
136
64
136
64
135
64
136
64
136
64
134
64
135
64
135
64
136
64
136
64
136
64
136
64
134
64
134
64
136
64
136
64
136
64
134
64
134
64
135
64
135
64
135
64
134
64
135
64
137
64
135
64
135
64
134
64
134
64
137
64
135
64
135
64
136
64
134
64
135
64
136
64
135
64
135
64
134
64
137
64
134
64
135
64
135
64
135
64
135
64
134
64
136
64
136
64
134
64
137
64
135
64
135
64
134
64
134
64
136
64
134
64
136
64
134
64
136
64
137
64
136
64
135
64
136
64
134
64
137
64
136
64
136
64
136
64
134
64
135
64
136
64
137
64
134
64
134
64
137
64
136
64
136
64
134
64
136
64
136
64
135
64
136
64
134
64
136
64
136
64
135
64
135
64
136
64
136
64
137
64
134
64
135
64
135
64
136
64
137
64
135
64
136
64
134
64
135
64
137
64
136
64
135
64
136
64
136
64
137
64
135
64
135
64
137
64
136
64
135
64
136
64
137
64
137
64
135
64
137
64
134
64
135
64
136
64
136
64
135
64
134
64
137
64
136
64
135
64
136
64
136
64
136
64
135
64
136
64
135
64
136
64
135
64
135
64
135
64
136
64
136
64
135
64
136
64
134
64
136
64
135
64
135
64
137
64
136
64
136
64
134
64
137
64
136
64
136
64
136
64
136
64
136
64
137
64
135
64
136
64
136
64
135
64
136
64
134
64
135
64
135
64
135
64
135
64
134
64
137
64
134
64
135
64
135
64
134
64
136
64
134
64
137
64
136
64
136
64
136
64
135
64
137
64
135
64
135
64
136
64
134
64
136
64
137
64
135
64
135
64
136
64
135
64
137
64
134
64
135
64
136
64
135
64
136
64
135
64
135
64
135
64
136
64
136
64
136
64
137
64
135
64
136
64
137
64
136
64
136
64
134
64
135
64
137
64
136
64
137
64
135
64
135
64
136
64
134
64
137
64
134
64
135
64
136
64
134
64
136
64
134
64
136
64
137
64
136
64
137
64
136
64
135
64
135
64
134
64
135
64
135
64
137
64
135
64
136
64
136
64
135
64
135
64
137
64
136
64
137
64
134
64
135
64
136
64
136
64
136
64
135
64
135
64
137
64
136
64
136
64
136
64
137
64
135
64
135
64
137
64
135
64
135
64
137
64
135
64
135
64
136
64
136
64
136
64
135
64
136
64
136
64
136
64
135
64
134
64
137
64
134
64
136
64
135
64
134
64
137
64
136
64
136
64
135
64
135
64
136
64
136
64
137
64
136
64
135
64
136
64
135
64
135
64
137
64
135
64
137
64
136
64
137
64
137
64
135
64
136
64
134
64
136
64
136
64
134
64
136
64
134
64
135
64
137
64
134
64
137
64
135
64
135
64
135
64
135
64
135
64
136
64
135
64
136
64
136
64
135
64
136
64
137
64
135
64
134
64
136
64
134
64
137
64
137
64
135
64
136
64
135
64
136
64
137
64
136
64
137
64
136
64
136
64
137
64
136
64
135
64
134
64
137
64
135
64
134
64
137
64
136
64
137
64
136
64
134
64
136
64
134
64
136
64
136
64
136
64
135
64
134
64
136
64
136
64
136
64
135
64
134
64
135
64
137
64
136
64
136
64
134
64
136
64
137
64
135
64
137
64
135
64
136
64
137
64
134
64
137
64
134
64
137
64
136
64
135
64
137
64
134
64
137
64
135
64
136
64
137
64
136
64
137
64
136
64
135
64
136
64
135
64
136
64
137
64
135
64
137
64
135
64
135
64
136
64
134
64
135
64
136
64
137
64
137
64
136
64
137
64
136
64
137
64
137
64
134
64
135
64
134
64
136
64
135
64
135
64
136
64
136
64
136
64
136
64
134
64
137
64
134
64
137
64
137
64
135
64
135
64
136
64
135
64
135
64
136
64
136
64
134
64
137
64
136
64
136
64
137
64
134
64
136
64
136
64
135
64
137
64
135
64
137
64
137
64
136
64
137
64
135
64
135
64
136
64
136
64
137
64
136
64
136
64
136
64
136
64
137
64
136
64
136
64
135
64
134
64
137
64
135
64
137
64
137
64
135
64
137
64
135
64
135
64
137
64
135
64
136
64
136
64
136
64
136
64
135
64
136
64
134
64
135
64
137
64
135
64
136
64
134
64
135
64
137
64
134
64
137
64
135
64
137
64
137
64
136
64
136
64
136
64
135
64
136
64
135
64
137
64
134
64
136
64
136
64
134
64
137
64
134
64
135
64
137
64
135
64
137
64
136
64
136
64
137
64
134
64
136
64
135
64
137
64
136
64
136
64
136
64
135
64
137
64
136
64
134
64
135
64
136
64
136
64
137
64
134
64
137
64
135
64
136
64
137
64
135
64
136
64
134
64
137
64
137
64
136
64
135
64
135
64
135
64
137
64
134
64
137
64
135
64
135
64
136
64
135
64
136
64
135
64
136
64
135
64
134
64
136
64
135
64
135
64
137
64
135
64
136
64
136
64
135
64
135
64
134
64
135
64
136
64
135
64
135
64
136
64
137
64
136
64
137
64
137
64
135
64
137
64
134
64
135
64
137
64
136
64
137
64
136
64
137
64
137
64
136
64
135
64
136
64
136
64
137
64
135
64
137
64
135
64
136
64
136
64
135
64
136
64
136
64
136
64
137
64
135
64
137
64
136
64
137
64
137
64
134
64
136
64
136
64
137
64
135
64
136
64
136
64
136
64
135
64
135
64
136
64
135
64
136
64
136
64
135
64
135
64
135
64
135
64
136
