129
127
127
128
128
127
126
126
128
127
126
127
128
129
128
127
128
127
128
128
129
129
128
127
128
127
128
128
128
127
128
128
129
130
128
127
127
126
127
128
128
128
129
130
131
130
130
129
130
130
130
131
132
130
130
129
128
127
128
129
129
129
129
128
127
127
127
126
126
126
128
129
130
131
131
133
134
133
134
136
137
139
138
139
139
139
138
138
138
138
140
140
142
142
143
144
146
146
148
148
147
146
148
148
148
151
152
154
155
155
157
158
158
159
160
161
162
164
164
166
167
167
167
167
168
167
166
166
167
168
170
170
170
171
172
172
172
172
174
175
176
176
176
176
177
176
176
177
179
179
180
182
182
183
182
182
185
185
186
186
187
188
188
187
190
191
64
76
89
100
110
120
130
138
146
152
157
161
166
173
177
181
184
188
191
64
78
93
106
118
129
139
148
155
163
168
174
179
185
189
64
81
96
111
123
134
144
152
159
169
176
183
190
64
82
98
114
127
138
148
157
167
176
185
190
64
81
97
112
126
138
149
162
173
182
191
64
84
103
118
132
145
159
169
180
190
64
85
104
121
135
149
162
172
182
64
85
105
123
137
150
163
175
186
64
84
102
120
137
152
165
179
190
64
86
107
126
143
159
173
186
64
86
109
130
148
164
179
64
89
109
130
148
165
180
64
88
111
130
151
168
184
64
89
112
134
153
170
185
64
90
113
136
155
170
188
64
90
113
136
156
174
189
64
92
116
136
158
176
191
64
92
117
140
159
179
64
92
116
138
159
177
64
92
118
142
162
180
64
90
114
138
160
178
64
93
119
142
161
181
64
92
116
140
162
181
64
92
117
139
159
177
64
93
117
142
162
181
64
94
119
142
164
185
64
91
118
143
164
186
64
92
121
146
167
187
64
93
123
148
169
191
64
94
123
150
172
64
96
123
151
175
64
98
126
151
176
64
97
127
155
178
64
96
127
156
180
64
99
128
155
182
64
97
130
158
183
64
99
131
160
184
64
100
131
159
185
64
98
129
157
183
64
99
131
160
187
64
101
132
160
186
64
98
132
162
187
64
100
133
162
188
64
101
135
162
190
64
100
134
164
191
64
99
132
164
189
64
101
135
163
191
64
99
133
163
191
64
99
133
163
191
64
102
134
163
189
64
100
135
165
191
64
100
133
163
190
64
101
136
166
64
101
135
167
64
101
137
166
64
102
137
167
64
101
134
165
64
101
135
164
190
64
102
136
167
64
101
135
166
64
102
137
168
64
102
137
168
64
102
137
167
64
103
137
168
64
102
135
167
64
102
136
167
64
103
137
166
64
102
136
166
64
100
135
166
64
103
136
167
64
101
134
167
64
102
138
168
64
103
138
169
64
102
135
168
64
102
138
168
64
102
135
165
64
101
134
165
64
101
137
169
64
102
137
166
64
103
137
169
64
100
136
166
64
102
137
167
64
102
135
165
64
100
136
166
64
102
137
168
64
103
137
169
64
102
136
167
64
102
138
169
64
103
138
170
64
102
138
170
64
102
138
167
64
103
137
169
64
102
138
169
64
102
137
167
64
103
137
169
64
102
137
167
64
103
139
169
64
101
134
166
64
100
136
169
64
102
137
166
64
102
135
168
64
102
136
168
64
101
135
166
64
103
137
168
64
101
135
168
64
101
135
166
64
102
135
168
64
100
136
166
64
102
136
165
64
102
135
168
64
100
135
166
64
103
137
166
64
103
136
167
64
100
135
165
64
103
137
167
64
102
136
167
64
100
135
165
64
103
139
169
64
102
135
168
64
101
137
168
64
101
137
167
64
102
137
167
64
102
136
166
64
102
136
166
64
101
135
166
64
100
136
168
64
102
138
168
64
101
136
168
64
101
135
167
64
101
137
168
64
101
134
166
64
102
136
167
64
103
139
170
64
102
135
166
64
100
136
168
64
101
135
167
64
102
137
168
64
102
136
167
64
103
139
169
64
102
137
168
64
100
136
166
64
101
137
167
64
101
135
168
64
100
137
168
64
102
136
167
64
102
135
168
64
102
138
169
64
102
138
169
64
103
138
170
64
102
136
167
64
101
137
168
64
103
138
170
64
100
135
167
64
101
137
168
64
101
136
168
64
100
135
166
64
101
135
166
64
101
135
168
64
102
137
167
64
102
136
167
64
102
136
168
64
102
137
168
64
102
137
166
64
102
135
166
64
102
137
167
64
101
137
167
64
102
135
167
64
101
136
166
64
102
137
168
64
102
135
167
64
100
135
166
64
102
137
166
64
101
136
167
64
102
136
169
64
102
138
168
64
101
135
166
64
100
136
166
64
102
136
168
64
101
135
166
64
101
137
168
64
102
136
168
64
103
137
168
64
102
138
170
64
101
136
167
64
102
135
167
64
101
137
168
64
103
137
166
64
101
135
168
64
102
137
167
64
101
136
168
64
102
136
168
64
101
137
169
64
101
137
169
64
103
138
168
64
102
137
169
64
102
138
169
64
102
136
169
64
102
138
169
64
101
135
165
64
102
137
169
64
102
136
169
64
102
136
168
64
102
137
169
64
102
137
168
64
102
137
168
64
101
134
165
64
101
137
169
64
103
137
168
64
102
135
168
64
100
137
167
64
101
137
168
64
101
135
168
64
101
137
167
64
103
137
168
64
102
137
170
64
100
137
169
64
101
135
166
64
103
136
169
64
100
136
167
64
101
136
166
64
101
134
166
64
101
138
169
64
102
137
167
64
102
137
169
64
102
137
168
64
102
136
166
64
101
136
167
64
101
138
170
64
103
138
168
64
102
136
167
64
102
138
169
64
101
136
167
64
102
137
170
64
101
138
170
64
103
139
169
64
102
137
170
64
100
137
168
64
101
135
167
64
101
136
168
64
101
137
169
64
103
138
167
64
101
134
165
64
100
136
168
64
103
138
167
64
103
137
168
64
101
136
168
64
102
136
166
64
102
136
167
64
101
137
169
64
103
139
169
64
101
134
166
64
100
135
167
64
103
137
167
64
103
137
169
64
100
135
165
64
101
136
168
64
103
136
167
64
101
138
169
64
102
136
166
64
102
136
169
64
100
135
167
64
101
135
166
64
103
138
168
64
102
136
167
64
102
137
167
64
101
134
167
64
100
136
167
64
101
136
167
64
102
135
167
64
101
136
166
64
103
137
166
64
103
137
169
64
100
135
165
64
103
139
168
64
102
136
168
64
100
135
165
64
102
136
168
64
103
137
168
64
100
136
166
64
101
135
167
64
101
136
168
64
100
136
166
64
103
138
167
64
103
138
169
64
101
138
168
64
102
137
167
64
101
136
168
64
102
136
168
64
103
139
168
64
101
135
168
64
101
136
167
64
102
136
167
64
103
136
169
64
100
137
167
64
102
137
168
64
103
137
167
64
101
136
168
64
103
138
167
64
103
137
167
64
102
136
169
64
102
137
168
64
103
137
168
64
102
136
169
64
101
137
168
64
101
136
169
64
100
136
167
64
103
137
168
64
103
136
167
64
101
137
167
64
103
139
170
64
101
136
167
64
101
137
167
64
101
136
166
64
101
134
165
64
101
136
166
64
102
138
169
64
101
135
167
64
100
137
169
64
102
136
167
64
103
137
168
64
100
137
168
64
101
136
168
64
103
136
168
64
100
135
166
64
102
138
167
64
102
136
168
64
101
136
168
64
101
135
165
64
102
135
167
64
102
137
168
64
101
136
167
64
102
135
168
64
102
138
169
64
102
137
167
64
101
134
165
64
101
137
168
64
103
138
169
64
103
137
169
64
101
137
167
64
103
139
170
64
103
136
169
64
102
137
167
64
101
136
168
64
102
137
170
64
100
135
167
64
103
138
167
64
102
137
169
64
100
137
167
64
103
138
169
64
103
139
172
64
104
139
171
64
105
140
172
64
102
136
169
64
103
142
176
64
105
141
172
64
103
139
174
64
104
142
175
64
105
142
175
64
104
140
174
64
105
144
177
64
105
145
180
64
106
143
179
64
106
145
178
64
106
146
180
64
108
146
182
64
106
145
181
64
109
150
186
64
107
146
181
64
106
148
184
64
109
148
184
64
109
149
185
64
107
149
186
64
108
147
183
64
110
152
191
64
108
150
188
64
111
153
189
64
111
150
188
64
111
154
64
111
152
191
64
112
154
191
64
110
152
190
64
111
154
191
64
111
155
64
113
155
64
111
154
64
111
156
64
113
157
64
112
154
64
114
158
64
114
156
64
115
158
64
113
157
64
112
158
64
113
157
64
113
158
64
114
158
64
114
161
64
114
160
64
113
160
64
114
161
64
113
161
64
116
161
64
114
161
64
115
160
64
115
162
64
115
160
64
116
164
64
117
164
64
116
163
64
116
163
64
115
161
64
116
162
64
115
162
64
116
162
64
117
164
64
118
164
64
115
164
64
117
164
64
117
166
64
118
165
64
116
164
64
118
167
64
116
163
64
116
164
64
118
166
64
116
163
64
117
166
64
118
166
64
116
164
64
118
167
64
117
166
64
118
167
64
119
169
64
119
166
64
119
167
64
119
167
64
118
167
64
119
168
64
119
167
64
119
168
64
117
169
64
119
169
64
120
169
64
120
168
64
120
169
64
120
170
64
120
171
64
119
168
64
119
168
64
120
169
64
119
169
64
120
171
64
119
169
64
120
171
64
119
171
64
120
170
64
121
171
64
120
170
64
121
173
64
119
170
64
119
169
64
121
171
64
120
171
64
120
172
64
120
172
64
120
171
64
121
172
64
121
171
64
121
171
64
119
170
64
122
172
64
122
175
64
120
169
64
121
171
64
120
172
64
122
172
64
122
174
64
122
171
64
121
173
64
120
173
64
121
171
64
123
174
64
120
172
64
122
173
64
122
174
64
121
172
64
123
174
64
120
171
64
122
173
64
122
174
64
121
173
64
121
173
64
121
172
64
122
173
64
120
172
64
121
173
64
121
173
64
122
173
64
123
174
64
120
173
64
121
174
64
121
173
64
120
171
64
123
175
64
122
175
64
121
172
64
122
173
64
121
173
64
123
174
64
120
172
64
121
172
64
121
172
64
122
174
64
123
173
64
120
173
64
122
172
64
123
175
64
120
170
64
123
174
64
121
173
64
121
172
64
123
174
64
121
172
64
122
174
64
121
174
64
123
174
64
121
174
64
120
173
64
121
174
64
121
174
64
121
171
64
123
176
64
121
173
64
121
174
64
121
174
64
122
173
64
122
173
64
121
173
64
121
174
64
122
175
64
121
173
64
123
175
64
120
172
64
123
174
64
121
173
64
123
175
64
123
174
64
122
173
64
123
176
64
121
172
64
121
171
64
123
174
64
121
171
64
123
174
64
121
172
64
121
173
64
121
173
64
120
171
64
121
172
64
121
174
64
121
172
64
123
176
64
120
173
64
121
172
64
122
175
64
122
174
64
123
175
64
122
172
64
122
173
64
122
172
64
121
173
64
121
174
64
122
174
64
122
174
64
120
171
64
123
175
64
120
173
64
121
174
64
123
176
64
121
173
64
121
172
64
121
172
64
122
174
64
123
175
64
122
174
64
122
174
64
122
174
64
120
172
64
121
172
64
122
172
64
123
174
64
122
175
64
122
174
64
123
174
64
122
172
64
122
174
64
121
174
64
121
171
64
121
172
64
122
173
64
122
175
64
121
172
64
121
171
64
123
174
64
121
172
64
122
174
64
120
173
64
121
171
64
122
174
64
120
172
64
123
173
64
122
174
64
121
173
64
122
174
64
122
174
64
122
173
64
122
175
64
121
171
64
122
173
64
122
174
64
121
174
64
122
175
64
121
173
64
121
173
64
121
173
64
122
173
64
120
174
64
121
171
64
122
174
64
120
173
64
121
173
64
122
175
64
121
172
64
122
175
64
121
173
64
123
174
64
122
175
64
122
174
64
122
173
64
122
174
64
122
175
64
122
175
64
122
172
64
123
174
64
121
174
64
123
174
64
121
172
64
123
174
64
122
175
64
122
174
64
121
172
64
120
173
64
121
171
64
123
174
64
121
173
64
121
174
64
122
173
64
121
173
64
121
173
64
121
173
64
121
174
64
120
174
64
123
173
64
122
174
64
122
174
64
123
176
64
121
174
64
121
172
64
121
174
64
122
173
64
123
175
64
121
174
64
122
173
64
122
173
64
122
172
64
123
176
64
120
172
64
123
173
64
122
175
64
122
172
64
123
174
64
121
173
64
121
171
64
122
175
64
121
173
64
122
175
64
122
173
64
122
172
64
122
175
64
122
172
64
123
176
64
120
174
64
123
175
64
123
174
64
121
172
64
122
175
64
120
174
64
123
175
64
122
173
64
121
174
64
123
175
64
120
173
64
123
175
64
122
174
64
120
172
64
121
172
64
122
173
64
123
175
64
122
174
64
122
173
64
121
172
64
122
173
64
122
174
64
121
173
64
120
171
64
122
173
64
120
170
64
123
174
64
121
172
64
122
174
64
122
174
64
120
172
64
121
173
64
122
173
64
120
173
64
121
173
64
122
173
64
122
174
64
122
173
64
120
171
64
122
175
64
122
174
64
122
173
64
121
173
64
123
175
64
123
175
64
122
173
64
123
175
64
122
175
64
123
175
64
122
173
64
121
173
64
121
172
64
120
172
64
121
172
64
121
172
64
120
171
64
122
174
64
122
174
64
122
173
64
123
174
64
121
171
64
121
174
64
120
173
64
121
173
64
121
172
64
122
172
64
121
172
64
120
172
64
123
173
64
122
174
64
120
172
64
122
173
64
120
172
64
121
171
64
122
175
64
121
171
64
123
175
64
122
174
64
122
173
64
121
172
64
121
172
64
121
174
64
120
174
64
122
172
64
123
174
64
120
173
64
123
176
64
120
172
64
121
172
64
121
174
64
120
171
64
121
172
64
122
173
64
123
173
64
123
174
64
120
173
64
123
176
64
120
174
64
122
174
64
123
175
64
121
174
64
123
174
64
121
172
64
123
173
64
122
175
64
120
173
64
123
176
64
121
172
64
123
174
64
121
173
64
122
174
64
121
172
64
122
173
64
121
171
64
122
175
64
120
172
64
122
175
64
120
174
64
123
173
64
123
174
64
120
171
64
123
176
64
122
175
64
123
174
64
123
176
64
121
174
64
122
173
64
122
173
64
121
171
64
121
174
64
120
173
64
122
174
64
122
175
64
121
173
64
121
173
64
121
174
64
122
173
64
122
175
64
121
172
64
122
174
64
122
172
64
121
172
64
121
174
64
122
174
64
122
174
64
