127
127
127
126
125
124
126
126
126
127
126
126
126
125
126
126
125
125
126
126
125
124
123
125
125
125
127
126
127
128
127
127
127
128
129
130
129
128
129
129
130
129
128
127
128
127
126
126
125
125
123
122
122
123
123
123
123
124
125
125
125
124
123
122
120
119
120
118
118
119
118
118
117
118
118
116
115
116
116
115
114
115
113
113
112
112
112
111
109
108
107
108
109
107
107
108
108
108
108
109
109
107
106
106
106
104
104
104
103
102
103
103
103
103
105
104
104
104
106
105
105
106
105
105
105
106
106
107
108
108
109
110
111
111
110
109
108
107
107
108
107
107
106
107
107
108
109
110
109
108
109
110
109
108
108
109
111
111
112
113
112
113
111
112
111
111
112
113
114
113
112
111
112
112
112
111
112
113
113
113
114
113
112
112
111
112
114
114
113
114
115
114
113
115
116
117
117
118
119
117
118
120
122
121
122
121
120
119
120
121
121
122
123
122
125
126
126
128
128
127
129
130
132
132
133
132
134
136
138
140
140
140
140
141
141
142
142
143
143
142
142
141
140
138
137
138
138
138
138
137
137
135
134
133
132
131
131
131
131
129
128
126
125
124
125
122
120
119
118
118
118
117
117
115
115
116
115
113
110
108
107
107
106
104
104
103
105
105
105
105
104
104
103
104
104
103
101
102
102
101
101
100
100
99
99
98
97
97
97
98
98
96
97
99
98
98
98
99
100
100
101
101
101
102
102
100
100
101
100
100
100
98
99
100
100
99
99
100
100
99
100
100
101
101
103
103
102
104
106
108
107
108
108
108
110
111
113
113
112
113
114
116
116
115
118
118
119
119
121
121
121
121
121
123
125
124
125
125
127
126
127
128
127
128
128
129
128
129
130
131
130
129
132
132
132
130
131
132
132
132
133
133
134
135
137
138
137
136
136
136
135
135
138
138
139
139
140
141
141
142
142
143
144
144
146
145
144
142
143
144
145
145
147
147
148
149
149
150
151
150
150
151
151
151
151
151
151
152
153
153
152
151
151
152
152
152
153
152
151
151
153
153
152
153
153
154
155
153
153
153
152
152
153
153
153
151
152
153
152
151
151
152
152
152
154
154
155
154
156
157
156
155
156
157
157
155
157
157
157
155
155
154
155
153
153
154
155
154
155
155
154
155
155
156
157
157
156
157
155
155
156
156
155
155
156
157
157
156
157
156
157
157
157
158
158
159
158
158
158
158
159
159
159
160
160
159
157
159
159
159
159
160
159
160
159
161
160
159
158
159
161
159
159
161
160
160
158
159
158
158
157
157
157
158
156
156
157
157
156
156
155
156
155
155
155
156
156
157
158
158
158
160
161
161
161
161
161
160
159
161
161
160
159
161
161
161
161
160
160
160
159
159
161
161
159
159
158
159
160
159
159
160
159
160
159
160
160
161
162
163
163
164
163
161
159
160
161
162
162
162
163
163
162
164
162
161
160
161
161
160
160
160
160
161
162
162
163
163
163
165
164
166
166
165
163
165
167
165
166
167
168
166
166
165
165
165
165
166
165
165
165
167
167
167
168
169
64
75
84
92
100
108
113
120
125
130
138
143
150
157
161
166
64
77
91
100
111
120
127
134
141
148
155
161
167
64
79
93
107
119
128
139
149
159
169
64
80
99
115
127
140
153
164
64
83
101
117
133
145
160
64
85
106
123
139
154
64
85
108
127
144
160
64
87
111
130
146
162
64
89
113
134
152
64
92
117
138
157
64
94
118
139
161
64
93
121
143
164
64
95
121
145
167
64
97
124
147
64
95
124
151
64
97
127
155
64
99
131
158
64
99
131
161
64
101
134
164
64
102
137
168
64
105
141
64
106
144
64
107
144
64
109
150
64
110
152
64
111
155
64
113
156
64
114
159
64
115
160
64
117
164
64
117
165
64
118
168
64
121
64
120
64
121
64
123
64
126
64
126
64
128
64
129
64
129
64
130
64
132
64
133
64
132
64
133
64
133
64
135
64
137
64
136
64
136
64
139
64
140
64
140
64
139
64
140
64
142
64
142
64
143
64
144
64
142
64
144
64
143
64
146
64
144
64
146
64
147
64
146
64
148
64
147
64
148
64
148
64
149
64
150
64
148
64
150
64
151
64
151
64
151
64
151
64
150
64
152
64
150
64
152
64
153
64
151
64
151
64
153
64
152
64
153
64
152
64
154
64
153
64
153
64
155
64
154
64
153
64
155
64
156
64
154
64
156
64
155
64
154
64
156
64
155
64
157
64
156
64
155
64
155
64
157
64
156
64
155
64
156
64
156
64
157
64
158
64
158
64
156
64
156
64
157
64
157
64
156
64
158
64
157
64
158
64
157
64
157
64
159
64
159
64
158
64
159
64
159
64
159
64
159
64
157
64
157
64
159
64
159
64
157
64
158
64
159
64
157
64
158
64
159
64
159
64
159
64
157
64
159
64
158
64
159
64
158
64
159
64
158
64
158
64
159
64
158
64
159
64
160
64
159
64
160
64
160
64
160
64
158
64
159
64
160
64
160
64
160
64
158
64
160
64
160
64
158
64
160
64
160
64
159
64
160
64
158
64
159
64
160
64
160
64
160
64
160
64
160
64
160
64
160
64
158
64
158
64
158
64
158
64
159
64
159
64
160
64
159
64
159
64
159
64
160
64
160
64
159
64
159
64
159
64
160
64
160
64
158
64
160
64
159
64
158
64
160
64
158
64
160
64
160
64
159
64
160
64
160
64
159
64
160
64
159
64
160
64
159
64
159
64
160
64
158
64
160
64
160
64
158
64
160
64
159
64
160
64
159
64
159
64
159
64
160
64
160
64
159
64
159
64
160
64
158
64
159
64
159
64
158
64
159
64
160
64
158
64
158
64
160
64
159
64
158
64
159
64
159
64
160
64
158
64
160
64
158
64
159
64
160
64
159
64
160
64
158
64
158
64
159
64
158
64
159
64
159
64
158
64
158
64
160
64
160
64
159
64
160
64
159
64
158
64
159
64
158
64
160
64
158
64
159
64
160
64
159
64
158
64
160
64
160
64
159
64
159
64
159
64
160
64
158
64
159
64
159
64
159
64
159
64
160
64
159
64
158
64
159
64
160
64
160
64
160
64
158
64
159
64
159
64
159
64
160
64
160
64
160
64
159
64
158
64
160
64
158
64
159
64
160
64
159
64
158
64
159
64
160
64
160
64
159
64
159
64
160
64
160
64
158
64
160
64
160
64
160
64
160
64
158
64
159
64
159
64
158
64
158
64
160
64
158
64
159
64
158
64
158
64
158
64
160
64
160
64
158
64
159
64
158
64
158
64
159
64
159
64
160
64
160
64
160
64
160
64
159
64
158
64
158
64
159
64
158
64
160
64
159
64
158
64
160
64
159
64
159
64
160
64
158
64
160
64
158
64
158
64
158
64
158
64
160
64
158
64
160
64
158
64
158
64
159
64
159
64
158
64
160
64
159
64
160
64
160
64
160
64
158
64
158
64
158
64
158
64
160
64
160
64
159
64
160
64
160
64
159
64
158
64
160
64
160
64
160
64
160
64
160
64
160
64
158
64
159
64
160
64
160
64
158
64
158
64
160
64
159
64
159
64
158
64
160
64
158
64
160
64
159
64
158
64
159
64
160
64
159
64
159
64
159
64
159
64
158
64
159
64
160
64
159
64
160
64
160
64
158
64
159
64
160
64
159
64
159
64
158
64
159
64
159
64
158
64
160
64
158
64
158
64
160
64
159
64
160
64
160
64
158
64
158
64
160
64
159
64
160
64
160
64
158
64
159
64
158
64
159
64
159
64
158
64
159
64
158
64
160
64
159
64
159
64
159
64
159
64
160
64
159
64
159
64
158
64
159
64
159
64
158
64
159
64
159
64
159
64
160
64
158
64
159
64
158
64
158
64
158
64
158
64
158
64
158
64
160
64
159
64
159
64
158
64
158
64
158
64
158
64
160
64
159
64
159
64
159
64
159
64
160
64
160
64
160
64
158
64
160
64
158
64
159
64
158
64
159
64
160
64
158
64
158
64
159
64
158
64
160
64
160
64
158
64
160
64
160
64
159
64
159
64
160
64
160
64
159
64
160
64
158
64
159
64
160
64
160
64
160
64
158
64
158
64
160
64
158
64
159
64
159
64
158
64
160
64
159
64
159
64
159
64
160
64
160
64
159
64
160
64
158
64
159
64
160
64
158
64
160
64
160
64
159
64
159
64
159
64
158
64
158
64
158
64
160
64
159
64
159
64
158
64
158
64
158
64
158
64
158
64
158
64
159
64
159
64
160
64
160
64
159
64
158
64
160
64
159
64
158
64
158
64
160
64
158
64
160
64
160
64
160
64
159
64
158
64
159
64
159
64
160
64
158
64
160
64
159
64
160
64
160
64
160
64
158
64
160
64
158
64
159
64
159
64
160
64
160
64
160
64
159
64
159
64
158
64
159
64
159
64
158
64
160
64
160
64
160
64
160
64
159
64
158
64
160
64
158
64
158
64
159
64
160
64
160
64
158
64
159
64
159
64
159
64
158
64
160
64
159
64
158
64
160
64
