128
128
129
128
129
130
130
129
131
132
133
133
133
134
135
137
138
137
137
140
141
143
146
147
148
149
149
149
152
153
156
158
159
159
159
161
163
166
168
169
64
75
85
95
104
113
121
129
137
143
149
153
160
164
168
64
78
91
103
113
125
134
142
148
155
161
167
64
79
94
105
119
131
141
151
159
167
64
82
99
114
129
142
154
162
64
84
103
118
131
143
157
167
64
84
103
121
137
150
165
64
87
107
125
141
157
64
88
109
127
145
163
64
87
108
129
149
164
64
89
111
131
148
168
64
91
117
139
159
64
93
116
141
162
64
93
119
143
164
64
93
121
145
167
64
95
123
149
64
94
123
150
64
98
128
154
64
96
126
154
64
98
131
158
64
99
131
158
64
100
133
163
64
99
133
161
64
101
134
165
64
103
137
64
104
140
64
106
141
64
104
143
64
108
146
64
108
149
64
109
148
64
109
150
64
110
152
64
111
154
64
112
155
64
112
157
64
115
159
64
114
161
64
114
159
64
114
160
64
116
163
64
116
165
64
118
165
64
116
165
64
118
166
64
119
169
64
118
167
64
119
64
119
64
119
64
120
64
119
64
120
64
121
64
121
64
120
64
120
64
122
64
122
64
122
64
122
64
123
64
123
64
123
64
123
64
121
64
121
64
121
64
122
64
123
64
123
64
122
64
122
64
123
64
123
64
124
64
123
64
125
64
124
64
124
64
125
64
125
64
123
64
123
64
123
64
124
64
124
64
125
64
124
64
126
64
125
64
126
64
125
64
124
64
125
64
125
64
125
64
126
64
124
64
126
64
126
64
126
64
127
64
127
64
126
64
127
64
126
64
127
64
126
64
126
64
127
64
127
64
126
64
127
64
125
64
125
64
125
64
127
64
127
64
125
64
127
64
125
64
126
64
125
64
126
64
127
64
127
64
126
64
126
64
125
64
126
64
127
64
126
64
126
64
126
64
127
64
128
64
126
64
127
64
126
64
126
64
127
64
127
64
127
64
128
64
128
64
128
64
126
64
128
64
128
64
127
64
128
64
126
64
128
64
126
64
126
64
126
64
126
64
126
64
128
64
126
64
128
64
127
64
127
64
128
64
128
64
128
64
126
64
126
64
127
64
128
64
127
64
126
64
127
64
128
64
128
64
128
64
127
64
128
64
128
64
127
64
126
64
126
64
126
64
127
64
127
64
126
64
127
64
128
64
126
64
127
64
126
64
128
64
128
64
128
64
128
64
126
64
128
64
127
64
126
64
126
64
126
64
127
64
128
64
128
64
127
64
126
64
127
64
126
64
127
64
126
64
126
64
127
64
127
64
127
64
128
64
126
64
126
64
127
64
126
64
128
64
128
64
126
64
128
64
126
64
128
64
126
64
128
64
128
64
128
64
127
64
126
64
127
64
126
64
126
64
128
64
128
64
128
64
127
64
128
64
126
64
127
64
128
64
127
64
128
64
127
64
127
64
126
64
126
64
127
64
127
64
126
64
127
64
128
64
128
64
128
64
126
64
126
64
127
64
127
64
128
64
128
64
127
64
126
64
128
64
128
64
126
64
126
64
128
64
126
64
126
64
126
64
128
64
127
64
128
64
126
64
127
64
128
64
128
64
128
64
128
64
126
64
128
64
126
64
126
64
128
64
128
64
128
64
127
64
128
64
126
64
128
64
128
64
127
64
128
64
128
64
127
64
126
64
128
64
128
64
126
64
127
64
127
64
126
64
126
64
126
64
128
64
128
64
126
64
128
64
128
64
126
64
128
64
128
64
128
64
127
64
126
64
127
64
126
64
126
64
128
64
127
64
127
64
128
64
128
64
126
64
128
64
128
64
126
64
128
64
127
64
126
64
128
64
127
64
128
64
127
64
127
64
127
64
128
64
126
64
127
64
128
64
128
64
128
64
128
64
128
64
127
64
127
64
126
64
128
64
126
64
128
64
127
64
128
64
127
64
126
64
127
64
127
64
128
64
127
64
127
64
126
64
127
64
126
64
126
64
128
64
128
64
128
64
126
64
126
64
126
64
126
64
127
64
128
64
127
64
126
64
126
64
127
64
128
64
128
64
126
64
127
64
127
64
128
64
126
64
126
64
127
64
126
64
126
64
128
64
128
64
128
64
126
64
126
64
126
64
128
64
126
64
128
64
127
64
127
64
127
64
126
64
128
64
128
64
128
64
127
64
126
64
128
64
127
64
128
64
127
64
126
64
126
64
126
64
128
64
128
64
128
64
128
64
128
64
128
64
127
64
126
64
128
64
128
64
126
64
127
64
126
64
128
64
128
64
126
64
128
64
126
64
126
64
127
64
127
64
126
64
127
64
126
64
127
64
127
64
127
64
128
64
128
64
127
64
128
64
128
64
128
64
127
64
128
64
126
64
128
64
126
64
128
64
127
64
126
64
127
64
128
64
126
64
126
64
127
64
127
64
126
64
126
64
128
64
127
64
126
64
126
64
128
64
126
64
126
64
128
64
126
64
128
64
128
64
126
64
127
64
126
64
126
64
128
64
127
64
128
64
127
64
128
64
126
64
128
64
127
64
127
64
128
64
128
64
127
64
128
64
127
64
128
64
127
64
126
64
128
64
127
64
127
64
127
64
127
64
127
64
128
64
127
64
126
64
127
64
126
64
128
64
128
64
127
64
127
64
126
64
128
64
128
64
127
64
127
64
128
64
126
64
126
64
128
64
126
64
128
64
127
64
126
64
126
64
127
64
127
64
127
64
128
64
126
64
127
64
127
64
128
64
126
64
128
64
126
64
128
64
126
64
126
64
128
64
128
64
127
64
126
64
126
64
127
64
128
64
127
64
127
64
126
64
127
64
128
64
127
64
128
64
127
64
126
64
128
64
126
64
128
64
128
64
126
64
128
64
128
64
126
64
127
64
128
64
128
64
128
64
126
64
127
64
128
64
127
64
128
64
127
64
128
64
127
64
126
64
126
64
128
64
128
64
127
64
127
64
128
64
127
64
127
64
127
64
126
64
128
64
128
64
126
64
127
64
127
64
126
64
126
64
128
64
126
64
127
64
126
64
126
64
128
64
127
64
126
64
127
64
126
64
128
64
126
64
127
64
128
64
127
64
128
64
127
64
126
64
126
64
126
64
128
64
128
64
128
64
126
64
126
64
127
64
126
64
126
64
128
64
127
64
127
64
126
64
126
64
128
64
127
64
128
64
126
64
126
64
128
64
126
64
127
64
127
64
127
64
127
64
126
64
128
64
128
64
128
64
128
64
127
64
127
64
128
64
126
64
127
64
126
64
128
64
127
64
127
64
128
64
128
64
126
64
128
64
126
64
127
64
127
64
128
64
127
64
127
64
127
64
127
64
127
64
128
64
126
64
127
64
127
64
128
64
126
64
127
64
128
64
128
64
126
64
127
64
126
64
128
64
126
64
126
64
128
64
127
64
127
64
128
64
128
64
127
64
127
64
128
64
126
64
126
64
128
64
127
64
126
64
128
64
128
64
127
64
127
64
127
64
127
64
128
64
126
64
126
64
126
64
126
64
128
64
127
64
126
64
126
64
127
64
128
64
127
64
126
64
127
64
128
64
128
64
126
64
126
64
127
64
127
64
128
64
126
64
128
64
127
64
127
64
127
64
127
64
127
64
128
64
127
64
127
64
127
64
127
64
127
64
126
64
127
64
126
64
127
64
127
64
126
64
127
64
128
64
127
64
126
64
128
64
128
64
128
64
128
64
128
64
126
64
128
64
126
64
127
64
126
64
126
64
128
64
127
64
128
64
127
64
126
64
127
64
126
64
126
64
128
64
127
64
126
64
128
64
127
64
126
64
127
64
128
64
128
64
126
64
127
64
128
64
126
64
127
64
127
64
126
64
127
64
127
64
127
64
127
64
128
64
128
64
126
64
126
64
128
64
128
64
127
64
128
64
128
64
126
64
128
64
126
64
128
64
126
64
127
64
126
64
127
64
126
64
127
64
128
64
126
64
128
64
128
64
126
64
126
64
128
64
127
64
127
64
126
64
126
64
128
64
127
64
127
64
127
64
128
64
126
64
128
64
126
64
127
64
127
64
126
64
127
64
126
64
128
64
128
64
128
64
127
64
126
64
128
64
126
64
128
64
127
64
127
64
127
64
126
64
127
64
126
64
128
64
126
64
128
64
126
64
128
64
126
64
128
64
128
64
126
64
126
64
128
64
126
64
127
64
127
64
127
64
126
64
127
64
126
64
127
64
128
64
126
64
126
64
126
64
126
64
126
64
128
64
127
64
127
64
126
64
128
64
127
64
128
64
127
64
127
64
127
64
127
64
128
64
127
64
128
64
128
64
127
64
127
64
128
64
126
64
128
64
126
64
128
64
127
64
127
64
127
64
126
64
128
64
126
64
128
64
126
64
128
64
127
64
127
64
126
64
127
64
128
64
126
64
127
64
128
64
127
64
126
64
126
64
126
64
128
64
128
64
128
64
126
64
126
64
127
64
126
64
128
64
126
64
128
64
127
64
128
64
128
64
128
64
127
64
128
64
127
64
126
64
127
64
127
64
126
64
126
64
