128
128
128
129
129
130
129
128
127
126
125
125
125
127
128
128
129
128
127
128
127
127
128
128
127
127
127
126
126
125
125
125
126
125
124
126
127
128
129
130
130
128
127
126
127
126
126
125
124
125
127
128
128
127
128
127
127
126
125
126
126
126
126
126
125
126
127
127
127
126
125
125
126
127
126
126
125
124
123
123
124
124
125
126
126
126
125
124
124
124
125
124
125
126
125
125
125
124
123
124
124
125
124
122
122
123
122
121
120
119
119
118
118
118
117
117
118
119
118
117
116
117
117
118
119
119
119
119
117
117
116
115
114
114
115
116
116
115
114
114
114
115
115
114
115
114
115
113
113
114
115
115
114
113
112
111
111
112
111
111
110
111
110
111
112
112
112
112
111
112
111
112
112
113
112
111
111
112
111
110
111
111
110
110
109
108
107
106
106
105
106
108
106
105
106
106
107
107
106
106
105
105
104
103
103
104
104
103
102
103
103
104
103
104
105
107
109
111
110
112
112
111
111
113
114
113
112
111
112
112
112
112
113
111
112
113
113
112
113
115
115
115
117
116
116
117
118
118
118
117
116
115
116
114
115
114
113
114
115
117
118
118
120
120
121
121
120
121
120
120
119
120
120
119
120
120
120
121
122
122
122
121
123
124
123
123
122
121
121
121
121
121
120
119
119
119
120
120
122
124
124
123
123
123
124
124
125
126
124
125
126
126
128
129
130
130
130
130
131
131
132
130
129
129
128
129
130
129
131
129
129
130
128
127
128
127
125
124
124
125
126
127
128
128
129
130
131
132
131
131
131
130
132
131
131
132
132
133
134
134
132
133
131
130
130
130
132
131
131
131
130
131
130
130
131
130
130
130
130
132
131
133
133
133
134
135
133
133
133
135
134
134
133
133
132
131
131
132
132
132
132
134
135
135
136
136
136
136
137
137
135
135
137
138
137
137
138
138
139
138
137
137
139
140
142
143
144
144
143
141
141
142
142
142
142
143
142
144
143
142
140
141
143
143
143
144
145
146
145
146
145
147
146
148
149
149
150
150
151
150
150
150
150
151
151
151
152
151
151
152
153
153
153
154
152
150
149
149
150
150
151
150
149
149
148
147
147
149
149
148
148
147
146
144
144
143
143
143
143
143
143
142
142
142
141
143
144
145
146
145
146
145
144
145
146
147
146
146
147
145
146
146
144
146
145
145
145
144
144
144
144
144
145
146
145
146
145
143
142
142
142
142
142
141
141
142
142
141
142
142
143
142
144
145
143
144
143
142
140
140
141
142
143
144
144
144
143
141
139
140
139
141
140
139
139
139
140
138
139
140
142
141
140
139
140
140
138
138
138
140
140
140
141
140
140
140
140
140
142
140
139
138
137
136
136
137
137
139
140
140
139
138
139
138
139
139
137
137
139
138
138
137
138
136
136
135
136
135
135
135
136
134
134
133
133
134
134
136
136
137
137
135
135
135
137
137
139
138
137
137
138
136
136
136
138
137
138
139
138
137
136
136
135
137
138
138
137
137
136
137
137
135
134
134
136
136
137
137
135
135
135
134
134
135
135
134
135
136
134
133
132
132
131
132
133
134
134
135
134
132
131
131
131
130
132
133
134
135
134
132
133
131
131
130
131
132
132
131
132
131
129
128
130
131
132
131
130
131
132
131
130
130
129
130
132
133
133
132
132
131
131
131
131
133
134
134
132
133
134
133
133
132
132
131
132
131
130
129
129
129
129
129
130
132
131
130
131
130
129
130
132
131
132
132
134
132
133
133
132
132
133
134
133
132
132
131
131
131
130
129
129
129
129
131
132
131
132
132
131
131
131
131
132
133
134
134
133
132
132
132
133
134
135
134
133
133
131
130
131
130
132
131
132
131
132
131
130
130
130
129
130
129
129
128
127
128
127
125
125
126
126
127
127
128
128
127
127
128
130
131
131
132
131
132
131
130
128
127
127
127
127
127
128
129
128
127
126
125
126
125
125
127
128
129
129
130
129
131
133
133
134
132
131
131
131
130
131
131
131
132
132
133
132
131
130
129
130
131
131
130
131
131
131
130
129
130
131
132
131
131
132
131
132
131
132
132
133
135
135
135
134
132
131
129
128
130
130
131
132
132
131
131
130
129
128
130
132
131
131
130
131
131
130
129
129
130
132
133
132
132
133
132
131
129
128
130
131
132
132
132
133
131
130
131
131
131
132
133
133
134
134
132
132
131
131
133
134
133
134
134
135
134
133
133
133
132
133
132
132
133
133
132
130
130
129
130
130
131
130
129
128
127
127
126
125
125
126
127
128
128
128
128
127
127
126
126
126
128
127
127
128
128
128
128
129
128
129
130
131
130
129
129
128
128
128
128
128
127
128
127
128
128
127
127
128
128
128
127
128
127
128
126
126
127
129
130
131
130
129
130
129
128
129
129
129
130
131
130
130
130
129
128
127
126
127
129
130
130
129
130
130
130
129
129
131
132
132
131
131
129
128
127
126
126
127
129
129
130
129
128
127
126
127
129
131
130
131
131
132
129
128
127
126
125
124
124
123
123
122
119
118
116
114
111
112
110
109
109
109
108
108
105
105
104
102
101
99
98
98
98
96
95
94
93
90
88
85
84
81
78
76
74
74
73
73
72
71
69
67
66
64
63
62
60
58
58
57
56
55
55
54
55
55
55
54
54
53
52
51
49
49
48
48
45
44
42
40
39
37
36
35
33
33
32
31
32
32
30
29
29
30
30
29
28
28
27
27
24
24
24
22
21
21
21
18
18
15
14
14
12
12
11
9
8
7
5
3
3
1
1
1
0
0
0
0
0
0
0
0
0
0
0
0
0
0
0
0
0
0
0
0
0
0
0
0
0
0
0
0
0
0
0
0
0
0
0
0
0
0
0
0
0
0
0
0
0
0
0
0
0
0
0
0
0
0
0
0
0
0
0
0
0
0
0
0
0
0
0
0
0
0
0
0
0
0
0
0
0
0
0
0
0
0
0
0
0
0
0
0
0
0
0
0
0
0
0
0
0
0
0
0
0
0
0
0
0
0
0
0
0
0
0
0
0
0
0
0
0
0
0
0
0
0
0
0
0
0
0
0
0
0
0
0
0
0
0
0
0
0
0
0
0
0
0
0
0
0
0
0
0
0
0
0
0
0
0
0
0
0
0
0
0
0
0
0
0
0
0
0
0
0
0
0
0
0
0
0
0
0
0
0
0
0
0
0
0
0
0
0
0
0
0
0
0
0
0
0
0
0
0
0
0
0
0
0
0
0
0
0
0
0
0
0
0
0
0
0
0
0
0
0
0
0
0
0
0
0
0
0
0
0
0
0
0
0
0
0
0
0
0
0
0
0
0
0
0
0
0
0
0
0
0
0
0
0
0
0
0
0
0
0
0
0
0
0
0
0
0
0
0
0
0
0
0
0
0
0
0
0
0
0
0
0
0
0
0
0
0
0
0
0
0
0
0
0
0
0
0
0
0
0
0
0
0
0
0
0
0
0
0
0
0
0
0
0
0
0
0
0
0
0
0
0
0
0
0
0
0
0
0
0
0
0
0
0
0
0
0
0
0
0
0
0
0
0
0
0
0
0
0
0
0
0
0
0
0
0
0
0
0
0
0
0
0
0
0
0
0
0
0
0
0
0
0
0
0
0
0
0
0
0
0
0
0
0
0
0
0
0
0
0
0
0
0
0
0
0
0
0
0
0
0
0
0
0
0
0
0
0
0
0
0
0
0
0
0
0
0
0
0
0
0
0
0
0
0
0
0
0
0
0
0
0
0
0
0
0
0
0
0
0
0
0
0
0
0
0
0
0
0
0
0
0
0
0
0
0
0
0
0
0
0
0
0
0
0
0
0
0
0
0
0
0
0
0
0
0
0
0
0
0
0
0
0
0
0
0
0
0
0
0
0
0
0
0
0
0
0
0
0
0
0
0
0
0
0
0
0
0
0
0
0
0
0
0
0
0
0
0
0
0
0
0
0
0
0
0
0
0
0
0
0
0
0
0
0
0
0
0
0
0
0
0
0
0
0
0
0
0
0
0
0
0
0
0
0
0
0
0
0
1
2
2
2
3
3
5
7
7
7
7
7
8
9
9
11
12
15
16
17
18
20
21
24
27
28
29
31
34
35
38
40
42
46
48
50
53
55
57
58
60
63
66
67
71
73
75
76
78
81
83
85
88
91
93
95
97
98
102
103
105
107
108
110
113
114
118
121
123
124
126
130
133
134
135
137
139
141
145
148
150
151
154
157
159
161
162
164
168
170
174
175
178
181
183
184
185
186
190
64
78
92
104
116
126
137
145
152
161
169
175
181
185
190
64
82
98
114
128
139
148
160
168
175
183
190
64
83
100
116
130
142
153
164
175
183
64
85
103
121
137
150
163
175
185
64
85
103
120
136
151
163
173
185
64
84
105
123
139
154
165
178
187
64
86
105
124
140
155
167
180
189
64
86
106
124
139
155
169
179
189
64
85
105
122
139
153
167
178
188
64
85
104
122
139
152
166
177
188
64
85
105
122
138
153
167
179
191
64
86
106
123
140
155
168
180
191
64
86
105
123
138
153
165
176
188
64
87
105
123
138
154
166
178
187
64
86
105
123
140
155
167
179
191
64
86
104
121
137
150
163
175
186
64
86
106
124
140
154
168
180
190
64
86
106
125
140
155
169
180
64
86
106
124
140
155
167
179
191
64
86
105
124
139
154
166
177
188
64
85
104
122
137
152
165
176
186
64
85
104
122
137
153
167
179
189
64
86
104
123
141
155
167
179
190
64
86
106
123
139
154
167
180
189
64
86
106
124
141
157
169
180
191
64
87
105
123
139
153
165
178
189
64
86
104
123
140
154
167
179
188
64
86
105
124
140
155
169
180
190
64
86
105
122
138
152
166
177
187
64
86
104
123
140
155
167
179
190
64
87
105
123
139
154
167
179
189
64
85
104
121
137
153
167
180
191
64
87
106
125
141
155
169
182
64
85
106
124
139
153
166
178
188
64
86
104
123
140
153
167
178
188
64
85
106
123
140
155
168
180
64
86
104
123
141
156
168
178
188
64
85
106
124
139
155
167
178
189
64
86
106
125
140
156
169
182
64
86
105
122
140
155
167
179
190
64
86
106
124
139
153
166
177
187
64
87
105
123
138
154
166
179
188
64
87
106
125
142
157
169
181
64
86
104
121
139
154
167
180
191
64
87
105
123
139
154
167
179
188
64
85
105
123
138
153
167
179
189
64
85
104
122
138
153
166
178
187
64
86
106
124
140
156
169
182
64
87
107
125
142
156
170
182
64
85
106
122
140
154
166
177
187
64
85
106
122
138
152
165
177
189
64
85
104
121
138
153
166
177
187
64
85
105
124
139
153
166
178
188
64
86
106
125
140
155
167
177
187
64
85
106
124
140
155
167
178
188
64
85
104
122
137
151
163
174
186
64
86
105
124
141
157
169
181
191
64
87
105
122
137
152
166
179
189
64
85
106
124
140
154
167
178
187
64
87
105
122
138
153
165
177
187
64
86
104
122
140
155
168
180
191
64
86
104
123
141
154
168
181
191
64
85
104
121
137
153
167
179
190
64
87
106
123
140
154
168
178
189
64
86
104
123
139
153
165
177
188
64
87
106
123
139
153
166
177
186
64
87
106
123
140
156
170
180
189
64
87
105
122
137
151
164
177
188
64
85
105
124
140
155
167
179
190
64
85
105
124
141
154
167
180
191
64
85
105
122
139
153
165
178
190
64
87
106
124
141
155
167
179
191
64
87
105
123
138
153
166
178
190
64
87
106
123
138
154
167
180
189
64
85
106
124
139
153
167
179
188
64
85
104
121
137
153
166
179
188
64
86
106
125
141
156
169
182
191
64
87
107
124
139
154
166
179
190
64
86
104
123
141
156
169
180
191
64
86
104
123
139
153
167
180
190
64
85
105
123
139
153
165
176
187
64
86
104
121
137
152
165
178
188
64
86
106
124
139
153
166
177
187
64
86
104
121
138
152
166
176
187
64
86
104
122
140
154
168
179
189
64
87
107
126
142
156
169
180
191
64
86
105
123
138
152
165
177
189
64
86
104
121
138
153
166
179
189
64
87
105
123
140
156
170
180
189
64
86
106
125
141
155
168
180
190
64
86
105
124
141
157
170
182
64
87
107
126
141
155
167
178
188
64
85
106
123
138
154
167
178
187
64
86
104
122
139
154
168
181
190
64
87
107
126
142
156
169
180
190
64
86
105
122
138
151
165
176
186
64
87
105
123
138
153
167
179
190
64
85
104
122
137
152
166
178
189
64
87
106
124
139
155
167
179
191
64
86
104
122
139
153
167
180
191
64
86
105
123
138
154
166
177
189
64
85
105
123
138
151
166
177
188
64
87
107
125
142
156
168
179
190
64
87
106
123
138
154
167
179
188
64
85
106
124
140
155
167
177
189
64
85
105
123
138
151
166
177
189
64
87
107
124
141
156
170
181
190
64
85
105
122
137
152
166
178
189
64
85
105
122
137
152
166
177
186
64
86
104
122
139
154
167
180
190
64
85
104
121
138
154
168
180
191
64
86
104
123
141
155
168
179
190
64
87
105
122
137
151
163
177
186
64
85
105
122
138
152
166
177
187
64
86
106
125
142
156
168
181
191
64
87
105
122
138
154
167
180
190
64
87
107
125
142
155
167
180
189
64
87
107
125
142
155
169
182
64
87
107
124
140
153
166
176
188
64
87
106
125
140
154
166
178
188
64
86
104
121
139
153
167
179
189
64
85
105
123
140
153
165
177
189
64
86
105
123
138
153
165
176
186
64
85
105
123
140
155
167
178
187
64
86
106
123
139
154
168
180
189
64
87
106
123
138
154
167
178
188
64
86
105
122
138
152
166
178
189
64
87
107
126
142
157
171
182
64
85
105
123
138
151
164
177
188
64
87
105
122
138
152
164
175
187
64
85
104
121
138
152
164
176
188
64
85
105
124
139
152
165
178
189
64
85
105
124
140
155
168
180
191
64
87
107
125
140
155
167
178
188
64
85
104
121
136
150
163
175
186
64
86
105
122
139
154
166
179
188
64
85
106
123
138
152
165
177
188
64
85
104
121
136
151
164
176
186
64
86
104
122
139
153
167
180
190
64
87
107
126
143
158
172
183
64
85
104
121
138
152
164
175
186
64
85
104
123
139
154
167
179
190
64
86
105
122
139
152
166
177
189
64
85
106
124
140
156
168
178
189
64
87
107
125
142
157
171
182
64
87
106
123
139
153
167
180
