127
126
126
127
128
128
127
128
128
127
127
126
127
127
126
127
128
128
128
128
129
130
129
130
128
127
126
126
126
126
127
128
127
128
127
127
126
125
125
126
126
126
126
127
127
126
126
127
127
126
127
127
127
128
129
129
130
129
129
130
130
129
128
127
127
127
128
129
129
130
130
129
129
128
127
128
129
129
128
129
127
126
127
126
127
127
126
127
126
127
126
127
127
127
126
125
124
125
124
123
123
122
122
124
125
125
126
127
127
126
124
125
125
125
126
125
125
125
125
126
125
125
126
125
126
126
127
128
128
128
127
127
125
126
126
125
123
122
122
123
124
125
123
122
123
121
121
124
126
126
128
130
129
129
130
130
129
129
128
130
129
130
129
129
130
130
130
128
128
128
127
128
127
127
126
125
125
126
126
128
130
132
134
135
134
134
134
134
133
134
133
134
133
134
132
132
133
134
135
136
136
135
137
137
138
139
139
140
141
139
140
139
138
141
140
141
142
142
142
141
141
141
140
140
141
142
141
141
140
142
142
143
143
145
144
146
147
147
147
146
146
146
147
147
148
149
148
148
148
149
150
150
151
150
151
150
148
150
151
151
151
151
151
150
150
150
151
152
152
150
152
153
152
153
153
155
154
155
154
153
152
152
151
151
152
152
154
153
154
154
154
155
154
153
153
153
155
156
158
158
158
159
158
159
159
158
158
160
161
162
161
160
160
159
158
157
157
156
157
158
158
159
158
160
161
162
160
161
161
161
161
161
162
162
162
161
160
160
159
160
161
162
163
162
162
162
161
162
163
163
165
164
165
165
165
166
166
166
167
169
170
169
169
168
168
168
167
168
167
169
170
171
172
171
170
169
168
167
168
169
170
171
172
173
173
173
172
172
170
169
169
171
171
172
172
173
171
171
172
172
172
172
172
172
172
171
171
170
172
173
172
173
173
173
172
171
172
173
174
173
174
176
174
173
172
173
175
175
174
173
175
175
174
174
172
174
174
173
173
172
172
173
174
176
178
179
180
179
180
179
179
179
179
180
181
181
181
181
182
183
184
185
183
182
183
182
181
183
184
184
184
184
182
183
181
182
183
182
182
183
182
180
179
180
180
180
179
179
178
179
177
178
177
179
181
182
180
181
180
181
180
181
181
182
183
183
184
183
184
186
185
184
185
183
181
183
182
184
184
183
183
184
182
182
183
183
184
184
185
185
183
184
185
185
184
183
182
181
180
181
180
182
182
181
182
182
181
183
185
185
183
182
181
180
179
180
180
180
181
180
179
179
180
180
181
182
182
181
182
183
182
183
184
185
186
184
184
182
183
185
184
184
184
185
184
183
182
182
182
183
182
182
181
180
178
181
182
184
184
184
184
183
183
184
184
185
185
185
185
185
183
185
186
187
186
185
185
185
183
184
185
184
183
184
183
182
181
181
182
183
184
185
184
184
184
186
185
185
184
183
183
181
182
184
184
183
184
184
183
181
182
183
182
182
182
182
183
182
182
184
183
184
184
182
181
180
179
180
180
180
180
179
179
179
180
181
181
180
182
183
182
181
182
183
182
184
184
183
182
183
182
184
184
185
186
184
183
183
181
182
184
184
184
184
183
182
180
180
182
182
181
180
180
180
180
182
183
184
184
183
181
181
181
181
181
181
181
181
181
181
181
181
181
183
182
183
183
182
183
185
185
185
184
185
184
185
184
186
187
188
187
187
187
186
185
185
184
184
183
182
183
181
180
180
180
179
179
178
179
179
180
180
181
182
181
180
181
181
183
184
185
186
186
186
185
183
184
185
186
186
185
184
183
184
184
185
185
184
185
186
186
187
187
187
187
185
185
185
185
186
187
188
188
187
188
188
188
188
188
189
190
190
189
188
188
188
188
189
188
189
189
188
188
190
189
189
188
188
188
189
188
187
186
187
188
187
186
186
184
185
186
186
187
187
187
188
186
185
185
185
185
185
184
183
183
184
183
183
183
183
184
182
181
182
183
182
182
181
182
181
181
183
183
183
182
183
182
181
180
182
181
183
182
182
181
180
180
182
182
181
182
182
183
183
183
183
184
185
184
183
183
182
182
182
183
182
181
182
180
181
182
182
182
183
182
183
184
184
185
185
185
186
187
187
186
186
184
185
185
185
184
184
184
182
181
183
184
184
185
185
184
185
183
184
185
184
184
184
185
185
183
184
186
186
187
185
185
184
185
186
185
185
184
185
186
185
184
185
184
184
185
184
183
184
184
186
185
184
183
184
185
183
182
181
183
182
182
182
182
181
64
90
114
136
155
173
188
64
91
117
138
157
174
190
64
92
117
141
161
179
64
93
118
141
161
178
64
91
118
139
159
178
64
92
119
141
160
180
64
93
119
142
162
183
64
94
119
141
163
184
64
92
119
143
164
184
64
92
119
144
166
186
64
96
123
147
168
187
64
96
123
147
169
189
64
95
121
145
168
188
64
94
122
147
171
64
96
124
151
174
64
95
124
151
175
64
96
126
151
176
64
99
129
157
183
64
97
128
156
181
64
96
129
158
183
64
98
128
156
182
64
97
128
157
184
64
100
133
163
190
64
100
134
162
188
64
99
133
161
188
64
100
133
163
188
64
102
136
168
64
102
136
167
64
101
133
163
191
64
99
133
164
190
64
102
138
168
64
104
139
170
64
102
137
167
64
101
135
167
64
103
139
171
64
104
139
172
64
102
138
171
64
106
143
176
64
105
142
178
64
105
142
175
64
108
146
180
64
104
140
173
64
105
142
176
64
105
142
176
64
104
139
171
64
104
138
171
64
105
140
172
64
103
136
167
64
102
140
170
64
103
137
168
64
100
134
166
64
103
137
167
64
101
134
165
191
64
98
131
161
188
64
100
132
161
187
64
100
131
160
189
64
100
134
162
187
64
100
131
160
187
64
100
134
162
188
64
100
134
161
187
64
98
130
161
188
64
101
135
164
190
64
100
132
161
188
64
101
134
164
191
64
101
134
163
190
64
99
134
165
64
103
137
167
64
102
137
168
64
102
139
170
64
105
141
174
64
104
140
174
64
103
140
173
64
105
143
176
64
107
146
180
64
107
145
180
64
108
147
184
64
108
149
185
64
107
150
187
64
110
154
191
64
110
151
190
64
112
156
64
112
157
64
113
159
64
114
160
64
115
163
64
116
162
64
114
161
64
115
162
64
115
161
64
114
159
64
113
160
64
111
156
64
113
157
64
111
156
64
112
156
64
112
155
64
111
154
64
113
156
64
113
158
64
115
159
64
115
161
64
114
160
64
114
162
64
115
160
64
115
163
64
115
160
64
116
163
64
118
164
64
114
163
64
117
165
64
115
162
64
116
164
64
118
166
64
116
165
64
116
165
64
119
168
64
119
169
64
120
169
64
118
170
64
120
168
64
118
166
64
119
168
64
118
169
64
119
171
64
118
168
64
119
171
64
118
170
64
118
168
64
119
170
64
119
170
64
120
170
64
119
169
64
120
172
64
119
168
64
119
168
64
119
170
64
118
169
64
120
170
64
117
166
64
118
168
64
118
168
64
119
166
64
117
167
64
119
168
64
115
165
64
117
166
64
117
166
64
118
166
64
115
162
64
117
162
64
115
164
64
117
164
64
116
165
64
117
164
64
114
160
64
115
162
64
116
162
64
116
163
64
113
160
64
115
162
64
113
161
64
115
160
64
113
159
64
116
159
64
112
160
64
116
160
64
112
158
64
114
161
64
114
160
64
115
159
64
114
161
64
115
159
64
112
158
64
113
157
64
112
159
64
113
159
64
115
160
64
116
161
64
112
158
64
115
161
64
114
160
64
115
161
64
113
161
64
114
158
64
116
162
64
114
158
64
115
160
64
116
161
64
115
163
64
116
162
64
114
162
64
116
161
64
115
161
64
117
162
64
114
160
64
118
165
64
115
163
64
116
160
64
117
164
64
115
162
64
113
161
64
115
160
64
113
161
64
116
163
64
114
160
64
114
159
64
114
162
64
115
161
64
114
162
64
115
162
64
116
162
64
117
163
64
116
163
64
117
163
64
117
164
64
115
161
64
115
162
64
115
161
64
116
163
64
117
163
64
115
162
64
114
161
64
116
165
64
114
160
64
115
164
64
116
161
64
115
162
64
117
162
64
114
162
64
114
159
64
115
162
64
116
162
64
114
162
64
115
161
64
116
161
64
117
162
64
115
162
64
116
161
64
114
162
64
117
161
64
115
162
64
117
164
64
114
160
64
116
164
64
114
161
64
116
161
64
117
163
64
116
162
64
114
161
64
115
162
64
114
160
64
118
166
64
115
162
64
115
160
64
115
164
64
117
162
64
114
164
64
116
163
64
117
163
64
118
165
64
116
165
64
115
163
64
116
163
64
118
163
64
116
163
64
116
162
64
116
163
64
116
162
64
116
164
64
115
160
64
116
164
64
116
162
64
114
161
64
116
162
64
113
160
64
115
161
64
114
160
64
115
162
64
115
162
64
116
161
64
115
163
64
116
163
64
115
160
64
118
163
64
115
161
64
116
162
64
115
161
64
116
162
64
114
163
64
117
163
64
116
162
64
117
163
64
114
160
64
116
161
64
116
162
64
115
161
64
114
163
64
117
161
64
113
160
64
117
163
64
114
160
64
114
158
64
114
160
64
117
163
64
115
162
64
117
164
64
114
161
64
114
162
64
116
163
64
115
160
64
117
163
64
116
160
64
113
158
64
117
162
64
113
159
64
116
163
64
114
161
64
116
162
64
114
162
64
117
163
64
115
162
64
115
162
64
116
162
64
114
161
64
116
164
64
115
161
64
115
162
64
116
162
64
113
158
64
115
161
64
114
160
64
116
160
64
115
162
64
114
160
64
115
161
64
115
161
64
114
160
64
117
162
64
116
162
64
115
160
64
116
162
64
116
161
64
116
163
64
116
163
64
114
161
64
117
164
64
115
163
64
116
160
64
115
161
64
116
162
64
113
160
64
117
164
64
113
161
64
116
163
64
115
162
64
114
160
64
115
162
64
117
163
64
115
164
64
116
162
64
115
162
64
118
164
64
117
165
64
115
161
64
116
162
64
116
162
64
115
164
64
117
164
64
116
163
64
116
163
64
115
162
64
116
163
64
115
162
64
115
162
64
115
162
64
116
164
64
115
161
64
118
165
64
114
162
64
115
162
64
116
162
64
117
164
64
113
161
64
115
161
64
115
161
64
115
161
64
115
162
64
115
161
64
114
160
64
114
161
64
115
161
64
115
162
64
114
160
64
116
163
64
114
159
64
114
158
64
116
164
64
114
160
64
115
162
64
116
161
64
115
160
64
113
160
64
115
160
64
115
160
64
115
162
64
116
160
64
114
160
64
114
159
64
114
161
64
114
158
64
115
163
64
116
161
64
115
164
64
115
161
64
113
159
64
116
163
64
116
163
64
114
161
64
117
165
64
115
162
64
113
161
64
115
161
64
113
160
64
117
163
64
116
162
64
115
159
64
116
163
64
116
163
64
115
162
64
117
163
64
115
162
64
116
162
64
116
163
64
115
160
64
117
165
64
115
161
64
116
164
64
116
163
64
116
161
64
117
164
64
114
161
64
115
161
64
116
163
64
114
160
64
113
162
64
117
162
64
114
161
64
116
162
64
115
163
64
114
159
64
114
162
64
116
161
64
113
160
64
116
161
64
116
163
64
116
162
64
115
162
64
115
161
64
116
163
64
116
162
64
116
162
64
115
162
64
114
161
64
117
163
64
116
164
64
116
161
64
114
161
64
114
159
64
115
163
64
114
159
64
114
162
64
116
163
64
116
162
64
116
162
64
115
161
64
114
160
64
113
161
64
114
161
64
115
162
64
114
161
64
116
163
64
116
160
64
116
162
64
115
162
64
113
158
64
117
162
64
114
160
64
114
160
64
115
160
64
115
161
64
115
163
64
116
162
64
114
160
64
115
161
64
114
162
64
114
162
64
115
163
64
115
160
64
116
164
64
116
161
64
114
159
64
117
164
64
114
162
64
115
161
64
116
164
64
116
162
64
115
162
64
117
162
64
113
161
64
117
162
64
115
162
64
116
161
64
115
161
64
114
159
64
113
159
64
114
160
64
113
159
64
116
161
64
114
161
64
114
160
64
116
162
64
115
161
64
114
162
64
116
162
64
114
162
64
116
164
64
114
159
64
115
160
64
115
164
64
115
162
64
115
162
64
117
162
64
116
163
64
115
160
64
115
162
64
115
162
64
115
161
64
115
161
64
113
160
64
115
162
64
115
162
64
118
163
64
114
160
64
115
161
64
117
164
64
115
161
64
116
165
64
115
163
64
115
162
64
116
164
64
114
162
64
115
162
64
115
164
64
117
162
64
116
164
64
117
165
64
116
164
64
118
165
64
116
162
64
115
160
64
115
162
64
116
161
64
115
162
64
117
165
64
114
161
64
117
164
64
116
163
64
115
162
64
115
164
64
116
163
64
113
160
64
117
163
64
114
161
64
117
163
64
114
160
64
116
161
64
116
162
64
114
160
64
114
160
64
117
164
64
113
159
64
117
164
64
114
161
64
116
162
64
115
163
64
115
162
64
115
163
64
117
163
64
115
160
64
117
164
64
114
162
64
114
160
64
114
161
64
114
161
64
114
161
64
117
163
64
114
161
64
117
164
64
115
161
64
115
161
64
115
163
64
116
162
64
115
163
64
116
162
64
114
161
64
118
166
64
115
161
64
115
160
64
117
164
64
116
161
64
115
164
64
115
160
64
116
163
64
117
164
64
116
164
64
114
158
64
114
160
64
114
159
64
114
161
64
115
162
64
114
160
64
116
164
64
116
163
64
114
161
64
116
162
64
116
162
64
116
163
64
117
162
64
115
160
64
117
164
64
116
162
64
116
162
64
114
161
64
114
161
64
114
160
64
117
163
64
114
160
64
115
161
64
115
163
64
115
161
64
113
162
64
116
161
64
115
160
64
116
162
64
114
160
64
116
162
64
115
162
64
117
162
64
115
163
64
115
161
64
114
162
64
118
163
64
115
163
64
114
159
64
115
161
64
114
159
64
114
161
64
115
162
64
116
161
64
118
165
64
115
161
64
115
159
64
116
164
64
115
162
64
116
165
64
117
164
64
115
164
64
118
164
64
117
163
64
117
162
64
115
164
64
116
163
64
115
164
64
116
164
64
115
163
64
117
166
64
117
163
64
116
162
64
117
164
64
116
164
64
116
165
64
117
163
64
115
163
64
117
165
64
117
163
64
115
160
64
115
164
64
115
161
64
116
166
64
117
165
64
115
162
64
119
166
64
117
165
64
117
163
64
116
164
64
116
162
64
116
165
64
116
162
64
115
163
64
117
165
64
115
162
64
116
163
64
115
162
64
115
163
64
115
164
64
115
162
64
116
163
64
118
166
64
116
163
64
117
161
64
116
163
64
116
163
64
116
165
64
116
163
64
116
162
64
118
166
64
116
164
64
115
161
64
117
164
64
115
162
64
115
164
64
118
164
64
116
162
64
116
164
64
115
162
64
115
160
64
117
165
64
117
163
64
114
163
64
115
163
64
115
162
64
117
164
64
116
163
64
114
158
64
114
162
64
114
159
64
114
160
64
115
161
64
115
161
64
114
158
64
114
160
64
116
161
64
115
159
64
114
161
64
114
159
64
115
160
64
115
163
64
116
161
64
115
163
64
115
161
64
113
158
64
115
160
64
114
162
64
114
160
64
115
161
64
115
161
64
114
162
64
114
160
64
114
161
64
115
160
64
115
160
64
115
162
64
114
160
64
116
161
64
117
164
64
116
160
64
114
161
64
117
162
64
115
161
64
115
160
64
116
163
64
116
161
64
113
161
64
116
161
64
114
161
64
116
162
64
116
164
64
114
160
64
117
163
64
116
161
64
114
163
64
117
163
64
116
164
64
118
166
64
116
164
64
115
162
64
116
164
64
116
162
64
114
162
64
115
161
64
116
163
64
116
163
64
116
163
64
115
160
64
117
166
64
117
163
64
115
162
64
115
163
64
115
162
64
118
164
64
114
163
64
115
162
64
115
163
64
117
163
64
114
163
64
116
163
64
115
161
64
118
164
64
117
164
64
115
160
64
117
164
64
115
163
64
116
165
64
118
165
64
115
162
64
118
165
64
116
163
64
116
161
64
117
166
64
117
164
64
115
162
64
117
164
64
115
161
64
117
165
64
116
164
64
114
160
64
117
163
64
116
161
64
114
162
64
116
162
64
116
162
64
116
163
64
115
162
64
117
163
64
117
164
64
116
163
64
114
163
64
116
164
64
115
163
64
118
166
64
115
163
64
117
163
64
115
164
64
116
162
64
115
162
64
117
165
64
114
162
64
116
162
64
116
164
64
117
161
64
116
163
64
115
161
64
116
165
64
116
163
64
116
163
64
115
162
64
114
162
64
116
161
64
114
161
64
116
162
64
115
162
64
116
161
64
113
159
64
115
162
64
115
160
64
116
160
64
116
164
64
116
163
64
115
164
64
117
164
64
113
161
64
117
163
64
114
161
64
114
160
64
114
162
64
115
160
64
113
161
64
115
160
64
116
162
64
115
161
64
114
161
64
115
161
64
116
162
64
115
162
64
113
161
64
117
162
64
115
162
64
117
163
64
115
160
64
115
161
64
114
162
64
115
161
64
115
161
64
117
162
64
113
159
64
117
162
64
114
160
64
114
160
64
116
162
64
115
160
64
115
162
64
114
161
64
113
161
64
117
164
64
116
164
64
114
159
64
116
162
64
116
160
64
115
163
64
117
163
64
114
161
64
118
164
64
114
160
64
115
162
64
117
164
64
117
163
64
113
160
64
116
163
64
116
163
64
117
164
64
114
161
64
115
162
64
116
162
64
116
163
64
113
161
64
115
163
64
114
161
64
117
165
64
115
162
64
114
160
64
116
162
64
116
163
64
113
161
64
117
163
64
115
162
64
117
165
64
116
164
64
117
162
64
116
163
64
117
164
64
116
165
64
115
162
64
116
162
64
116
164
64
115
164
64
117
162
64
117
166
64
115
162
64
114
163
64
117
163
64
114
161
64
115
163
64
115
161
64
114
161
64
114
161
64
115
162
64
113
160
64
117
162
64
115
160
64
117
163
64
114
160
64
114
159
64
117
163
64
115
160
64
114
163
64
117
162
64
115
160
64
115
162
64
114
162
64
115
160
64
116
162
64
117
162
64
114
162
64
117
163
64
114
160
64
113
160
64
116
161
64
115
162
64
115
162
64
116
162
64
113
158
64
115
162
64
113
159
64
115
159
64
114
161
64
114
159
64
114
162
64
117
164
64
113
161
64
117
162
64
116
162
64
114
159
64
115
162
64
115
160
64
115
162
64
115
162
64
115
160
64
116
163
64
114
162
64
116
163
64
117
163
64
115
161
64
114
162
64
115
162
64
116
164
64
118
164
64
115
162
64
116
162
64
115
164
64
116
162
64
114
163
64
115
162
64
116
163
64
116
162
64
115
162
64
115
161
64
114
161
64
117
161
64
114
162
64
116
163
64
114
161
64
