127
126
126
127
126
125
125
125
126
126
125
126
126
126
127
126
126
127
127
126
126
127
126
125
125
125
126
125
125
125
125
127
126
127
126
125
126
125
127
126
127
127
126
126
126
126
127
128
129
129
129
128
127
128
128
129
130
130
128
127
126
127
126
127
126
125
125
126
125
125
124
123
124
125
125
127
126
127
126
126
125
124
125
126
125
126
126
125
124
125
127
127
126
126
125
124
125
126
126
125
125
127
126
126
125
125
126
127
126
126
127
126
127
126
125
125
124
124
124
123
122
124
124
126
127
128
128
127
127
128
128
129
130
129
129
128
127
127
127
127
127
127
127
126
125
126
126
126
126
125
126
126
125
125
126
126
128
129
129
130
130
131
129
128
131
132
133
133
135
134
134
134
134
134
134
134
135
134
135
136
139
141
142
144
145
146
147
147
148
147
149
150
151
153
153
154
156
157
158
158
160
160
161
161
162
162
162
162
164
165
166
167
167
166
165
166
168
168
64
75
86
94
103
112
118
124
131
137
141
144
148
153
155
160
164
168
64
75
88
99
109
118
127
135
142
148
154
157
163
168
64
78
91
104
113
124
132
139
146
151
158
164
169
64
78
93
106
117
127
138
147
154
161
166
64
78
94
108
121
131
140
148
156
164
64
79
94
108
123
135
145
153
162
169
64
82
99
114
127
137
147
157
167
64
83
97
114
127
141
151
162
64
83
100
115
130
143
155
165
64
84
102
120
135
148
159
64
85
103
118
132
147
159
64
83
103
122
136
152
165
64
87
106
123
138
154
169
64
85
106
124
139
155
168
64
88
109
126
144
158
64
87
110
130
148
163
64
89
111
130
147
163
64
88
110
129
149
165
64
88
111
132
151
168
64
90
115
135
154
64
90
115
136
154
64
91
116
137
158
64
89
114
136
156
64
89
113
136
155
64
92
116
137
156
64
90
114
137
158
64
91
116
138
158
64
90
115
138
159
64
92
117
139
159
64
93
119
142
164
64
93
119
142
163
64
92
118
140
161
64
93
120
143
163
64
93
117
141
164
64
91
116
140
163
64
91
118
142
163
64
94
121
145
166
64
92
118
143
165
64
94
120
145
165
64
92
121
143
166
64
95
122
146
167
64
93
119
141
165
64
93
118
144
166
64
93
120
145
168
64
95
122
146
166
64
93
120
144
166
64
94
119
145
166
64
94
122
147
64
92
119
144
166
64
94
120
144
165
64
94
120
143
166
64
92
120
144
165
64
93
122
146
168
64
94
120
146
167
64
94
120
145
167
64
94
121
147
169
64
93
121
144
165
64
94
121
144
165
64
94
120
145
166
64
95
121
146
168
64
93
122
147
169
64
94
121
145
166
64
94
120
144
167
64
94
119
143
165
64
92
121
145
168
64
93
121
146
168
64
94
121
145
168
64
93
118
145
166
64
94
121
146
168
64
94
123
146
167
64
95
122
145
167
64
95
122
148
169
64
93
121
146
169
64
95
123
146
166
64
94
122
145
168
64
93
119
145
167
64
92
121
147
168
64
94
122
146
167
64
95
122
145
168
64
93
119
143
165
64
93
122
148
64
94
123
148
169
64
94
123
148
64
95
123
148
168
64
94
120
144
167
64
94
119
144
167
64
94
123
149
64
92
120
144
167
64
93
121
146
168
64
94
124
149
64
93
121
146
168
64
95
123
148
64
95
125
152
64
97
126
152
64
95
125
153
64
97
126
153
64
96
126
153
64
98
128
156
64
96
128
155
64
99
131
159
64
98
128
156
64
99
131
160
64
98
129
156
64
98
130
160
64
97
129
159
64
101
133
163
64
99
131
162
64
100
134
164
64
99
131
159
64
101
134
163
64
98
131
159
64
99
131
162
64
101
134
164
64
101
134
164
64
102
134
163
64
100
134
165
64
99
132
161
64
101
135
164
64
100
132
164
64
100
135
166
64
102
137
166
64
102
137
167
64
102
138
169
64
103
138
64
105
141
64
104
143
64
105
141
64
105
145
64
107
145
64
105
144
64
107
145
64
106
148
64
110
151
64
107
148
64
109
148
64
110
152
64
109
151
64
109
153
64
111
154
64
111
153
64
112
153
64
110
155
64
112
157
64
113
156
64
112
155
64
113
158
64
112
157
64
112
157
64
113
158
64
114
160
64
114
159
64
114
160
64
116
160
64
114
160
64
115
159
64
115
161
64
115
160
64
114
159
64
114
160
64
116
163
64
115
160
64
114
161
64
117
163
64
114
163
64
115
162
64
116
163
64
117
165
64
117
163
64
117
164
64
117
166
64
116
162
64
117
166
64
116
164
64
116
165
64
116
164
64
117
164
64
117
164
64
116
165
64
117
166
64
115
163
64
117
165
64
118
167
64
118
167
64
116
165
64
118
167
64
117
166
64
119
166
64
118
165
64
118
166
64
118
167
64
118
165
64
117
165
64
117
164
64
117
165
64
119
167
64
116
165
64
119
167
64
116
164
64
118
167
64
116
165
64
118
167
64
117
165
64
118
167
64
118
167
64
119
166
64
117
165
64
119
166
64
116
165
64
119
167
64
116
167
64
119
167
64
117
165
64
117
166
64
118
166
64
119
166
64
117
167
64
117
166
64
117
168
64
117
165
64
116
165
64
119
167
64
118
169
64
117
166
64
116
167
64
119
166
64
117
166
64
119
167
64
118
168
64
117
166
64
118
167
64
118
168
64
118
167
64
119
168
64
117
166
64
118
167
64
117
167
64
118
166
64
118
167
64
118
167
64
116
167
64
117
165
64
116
167
64
119
169
64
117
168
64
117
166
64
118
167
64
117
166
64
116
165
64
117
167
64
117
168
64
119
168
64
117
166
64
119
168
64
118
169
64
117
167
64
117
166
64
119
168
64
118
168
64
119
168
64
118
167
64
117
165
64
117
165
64
119
167
64
118
166
64
119
167
64
117
166
64
118
166
64
118
166
64
119
169
64
118
166
64
117
165
64
119
167
64
117
167
64
119
168
64
118
166
64
117
166
64
117
165
64
117
166
64
118
167
64
117
165
64
117
166
64
117
167
64
118
167
64
117
167
64
119
168
64
119
169
64
119
169
64
117
165
64
119
167
64
118
166
64
117
166
64
118
168
64
118
168
64
119
169
64
118
167
64
118
168
64
119
168
64
118
167
64
117
165
64
117
166
64
118
167
64
117
167
64
117
167
64
118
168
64
119
169
64
117
167
64
117
166
64
118
167
64
119
169
64
117
167
64
117
166
64
118
167
64
118
166
64
118
168
64
117
165
64
118
168
64
118
168
64
118
167
64
119
168
64
119
167
64
119
167
64
118
168
64
119
168
64
117
165
64
119
169
64
118
166
64
119
168
64
118
166
64
117
165
64
119
167
64
117
166
64
118
167
64
119
168
64
119
168
64
117
165
64
119
167
64
119
168
64
118
167
64
118
168
64
117
166
64
118
166
64
117
166
64
119
169
64
119
168
64
119
169
64
118
166
64
118
167
64
119
167
64
119
168
64
117
165
64
117
165
64
118
166
64
118
167
64
119
169
64
117
166
64
118
168
64
117
167
64
118
168
64
117
167
64
117
167
64
119
168
64
118
167
64
118
166
64
117
165
64
117
165
64
118
166
64
117
167
64
118
167
64
119
168
64
119
168
64
118
166
64
119
167
64
119
167
64
119
167
64
117
167
64
119
169
64
117
166
64
119
167
64
117
167
64
118
167
64
117
166
64
118
166
64
119
169
64
118
166
64
118
168
64
119
168
64
119
167
64
118
166
64
118
166
64
118
168
64
117
167
64
118
168
64
118
168
64
118
168
64
117
167
64
119
168
64
117
165
64
117
165
64
118
168
64
118
166
64
119
167
64
117
167
64
118
168
64
118
166
64
117
167
64
119
169
64
118
167
64
118
168
64
119
167
64
118
168
64
117
167
64
118
168
64
118
167
64
117
166
64
118
166
64
119
169
64
119
167
64
119
169
64
117
167
64
118
167
64
117
166
64
118
166
64
117
167
64
118
167
64
118
168
64
117
166
64
117
167
64
119
167
64
117
166
64
119
168
64
119
169
64
117
167
64
118
166
64
117
166
64
117
166
64
119
169
64
117
166
64
119
168
64
118
167
64
118
167
64
118
166
64
119
168
64
117
167
64
118
168
64
118
167
64
118
166
64
118
168
64
118
168
64
117
165
64
118
168
64
117
166
64
118
166
64
119
168
64
118
167
64
118
166
64
118
168
64
119
169
64
119
169
64
119
169
64
117
165
64
118
168
64
118
166
64
117
165
64
117
165
64
117
166
64
117
165
64
117
166
64
118
166
64
118
168
64
117
167
64
119
169
64
119
168
64
117
166
64
118
166
64
118
166
64
117
167
64
119
168
64
119
167
64
117
167
64
117
165
64
119
168
64
117
167
64
118
168
64
118
167
64
119
167
64
118
166
64
118
167
64
119
167
64
119
168
64
117
165
64
118
167
64
119
168
64
117
167
64
119
169
64
118
168
64
119
168
64
117
165
64
119
167
64
118
166
64
119
167
64
118
168
64
119
167
64
117
166
64
119
169
