129
129
129
128
127
129
132
132
134
136
137
139
141
142
145
147
150
152
152
153
156
159
160
161
163
163
164
165
169
172
174
175
176
177
177
180
182
184
187
188
188
189
191
64
79
91
103
115
123
133
143
151
159
165
171
175
178
183
187
64
81
95
110
121
132
144
154
162
170
177
184
190
64
83
101
116
129
141
152
162
170
179
187
64
85
103
120
134
147
159
170
180
188
64
84
102
120
135
150
164
175
183
64
85
106
124
140
152
166
177
187
64
86
106
125
142
157
171
182
64
87
109
129
146
162
178
190
64
87
111
132
149
166
181
64
88
111
131
148
167
184
64
88
112
133
153
169
186
64
92
117
140
158
175
64
91
117
138
156
176
64
91
117
138
158
177
64
91
115
139
160
180
64
91
119
141
162
181
64
94
119
142
164
183
64
92
119
143
166
187
64
94
122
147
170
189
64
93
122
147
171
191
64
93
122
149
173
64
95
125
150
174
64
96
126
152
175
64
96
126
153
178
64
97
128
154
177
64
97
127
153
176
64
99
128
155
181
64
98
128
158
184
64
96
130
159
183
64
100
132
161
185
64
98
131
159
187
64
98
130
160
185
64
97
131
161
188
64
101
133
162
188
64
100
131
161
188
64
98
132
163
188
64
98
132
162
188
64
102
135
165
190
64
101
134
163
191
64
99
133
164
191
64
103
136
166
64
102
136
169
64
101
136
167
64
101
137
170
64
103
137
168
64
104
140
173
64
103
140
174
64
104
142
173
64
105
143
179
64
106
144
179
64
108
147
182
64
105
145
180
64
106
147
182
64
107
147
182
64
108
147
183
64
108
148
183
64
109
149
183
64
109
150
188
64
109
150
188
64
109
148
186
64
108
148
185
64
108
150
187
64
110
153
190
64
109
151
189
64
110
154
191
64
112
152
188
64
110
151
189
64
110
154
190
64
110
151
188
64
110
151
190
64
110
152
64
111
153
64
110
154
64
109
153
191
64
112
155
64
112
154
191
64
112
154
64
112
156
64
110
152
64
111
153
64
110
152
191
64
112
157
64
111
156
64
112
157
64
111
156
64
110
153
64
112
155
64
110
154
64
112
157
64
111
154
64
112
157
64
111
157
64
112
156
64
110
155
64
111
157
64
110
154
64
111
156
64
110
155
64
110
155
64
112
156
64
112
158
64
112
158
64
113
158
64
112
156
64
113
158
64
112
155
64
113
158
64
111
154
64
112
155
64
113
156
64
113
158
64
113
156
64
113
158
64
111
154
64
112
157
64
112
156
64
113
158
64
112
156
64
112
155
64
112
157
64
111
155
64
111
157
64
113
156
64
113
158
64
111
157
64
113
156
64
113
158
64
113
157
64
112
157
64
111
155
64
112
158
64
111
157
64
112
157
64
111
156
64
112
156
64
113
159
64
111
155
64
113
159
64
112
156
64
112
156
64
112
157
64
111
157
64
113
158
64
112
156
64
111
156
64
111
157
64
113
157
64
112
158
64
113
157
64
113
159
64
111
157
64
112
157
64
112
158
64
111
156
64
111
155
64
112
158
64
113
157
64
113
159
64
112
157
64
112
158
64
111
155
64
113
159
64
111
156
64
112
158
64
111
155
64
111
155
64
111
156
64
113
159
64
112
158
64
112
158
64
112
156
64
113
157
64
111
155
64
111
155
64
111
157
64
112
158
64
112
157
64
113
159
64
113
158
64
112
156
64
112
158
64
112
157
64
113
158
64
112
158
64
111
157
64
112
156
64
112
158
64
112
156
64
111
157
64
113
159
64
112
156
64
111
156
64
113
157
64
111
156
64
112
158
64
112
158
64
111
157
64
112
156
64
111
157
64
112
156
64
113
158
64
112
158
64
112
156
64
113
157
64
113
158
64
112
157
64
112
156
64
113
157
64
113
157
64
111
156
64
112
157
64
111
157
64
113
158
64
112
158
64
112
158
64
113
157
64
112
158
64
112
158
64
111
156
64
113
157
64
111
157
64
112
158
64
112
157
64
113
157
64
113
157
64
112
158
64
111
155
64
113
158
64
111
156
64
112
157
64
112
157
64
111
157
64
111
155
64
113
158
64
113
159
64
113
157
64
113
158
64
111
157
64
111
155
64
113
159
64
111
157
64
111
155
64
113
158
64
113
158
64
112
154
64
111
155
64
112
156
64
110
152
64
110
152
64
111
154
190
64
109
149
186
64
108
149
185
64
110
150
186
64
107
146
182
64
108
149
183
64
109
147
180
64
108
146
182
64
108
146
180
64
106
144
178
64
106
146
180
64
106
143
177
64
105
143
177
64
106
142
176
64
106
145
176
64
105
143
176
64
105
141
175
64
106
144
176
64
104
140
173
64
104
141
174
64
105
141
173
64
104
140
174
64
103
140
172
64
104
141
172
64
104
139
172
64
104
140
172
64
105
141
174
64
103
139
172
64
105
139
169
64
102
137
169
64
102
139
170
64
104
140
171
64
104
139
169
64
104
139
170
64
103
139
171
64
103
138
170
64
103
139
172
64
105
141
172
64
104
141
176
64
105
141
174
64
104
144
178
64
105
144
177
64
105
143
178
64
105
143
178
64
107
145
181
64
107
147
183
64
107
147
183
64
108
147
181
64
108
146
182
64
107
147
184
64
109
149
186
64
108
148
187
64
109
150
188
64
111
152
189
64
110
152
191
64
110
151
189
64
111
152
189
64
109
150
188
64
109
153
64
109
153
191
64
111
152
189
64
111
152
190
64
111
153
190
64
110
152
191
64
111
152
191
64
110
155
64
111
156
64
111
156
64
112
154
64
112
155
64
111
155
64
111
154
64
111
156
64
112
154
64
110
153
191
64
110
153
191
64
111
152
189
64
110
151
188
64
110
153
191
64
111
152
188
64
109
150
188
64
109
152
191
64
111
154
190
64
109
151
189
64
109
151
190
64
111
154
64
110
152
190
64
111
154
64
110
153
64
112
153
64
112
153
191
64
111
155
64
111
154
64
111
155
64
110
155
64
111
156
64
111
156
64
110
155
64
111
155
64
111
156
64
112
155
64
111
156
64
111
156
64
112
157
64
111
155
64
112
157
64
110
155
64
111
156
64
112
157
64
110
156
64
112
158
64
112
158
64
110
156
64
111
156
64
112
157
64
112
157
64
112
158
64
112
156
64
112
157
64
112
155
64
111
156
64
111
155
64
112
156
64
113
158
64
111
154
64
111
155
64
111
156
64
111
154
64
112
155
64
111
156
64
112
155
64
113
158
64
113
157
64
113
158
64
113
156
64
112
156
64
112
156
64
113
157
64
111
156
64
112
157
64
113
157
64
111
156
64
113
157
64
112
157
64
111
157
64
112
156
64
113
159
64
111
156
64
111
156
64
112
157
64
113
157
64
113
158
64
111
156
64
111
155
64
111
155
64
112
156
64
112
157
64
113
158
64
112
157
64
112
157
64
113
159
64
111
156
64
113
157
64
113
157
64
112
158
64
112
156
64
113
158
64
113
158
64
112
156
64
111
156
64
111
156
64
111
156
64
111
155
64
111
156
64
113
159
64
112
157
64
111
157
64
111
157
64
111
157
64
111
156
64
112
157
64
111
155
64
111
155
64
113
158
64
112
156
64
112
156
64
111
156
64
111
155
64
111
157
64
112
157
64
113
159
64
111
157
64
111
156
64
112
157
64
112
156
64
112
158
64
112
156
64
112
156
64
112
158
64
112
157
64
113
158
64
113
157
64
111
155
64
113
158
64
111
155
64
113
158
64
112
158
64
113
159
64
111
156
64
112
156
64
112
158
64
112
156
64
112
157
64
113
159
64
112
157
64
112
156
64
111
157
64
112
158
64
112
158
64
111
157
64
112
157
64
111
157
64
111
157
64
113
158
64
112
157
64
111
156
64
111
156
64
112
156
64
112
157
64
112
156
64
111
155
64
111
156
64
111
156
64
111
156
64
111
156
64
111
155
64
111
157
64
113
159
64
113
157
64
113
157
64
113
157
64
112
157
64
112
158
64
113
159
64
113
158
64
113
158
64
115
160
64
116
163
64
116
165
64
116
166
64
120
170
64
120
170
64
120
172
64
119
170
64
123
174
64
120
174
64
122
174
64
121
174
64
123
175
64
124
180
64
126
181
64
124
181
64
125
179
64
125
181
64
126
181
64
126
183
64
126
183
64
127
185
64
127
185
64
127
185
64
128
187
64
129
186
64
128
185
64
127
188
64
128
188
64
129
189
64
129
189
64
128
187
64
129
188
64
130
191
64
132
64
130
188
64
131
64
129
189
64
131
191
64
131
64
129
190
64
132
64
133
64
133
64
132
64
133
64
132
64
131
64
133
64
133
64
132
64
131
191
64
132
64
132
64
133
64
132
64
131
64
132
64
131
64
131
64
133
64
133
64
132
64
132
64
131
64
133
64
131
64
131
64
133
64
133
64
132
64
131
64
132
64
132
64
132
64
133
64
133
64
132
64
134
64
132
64
133
64
134
64
134
64
133
64
132
64
132
64
133
64
134
64
133
64
133
64
134
64
132
64
134
64
132
64
134
64
133
64
132
64
133
64
134
64
133
64
132
64
134
64
134
64
132
64
133
64
134
64
132
64
133
64
132
64
132
64
133
64
133
64
134
64
134
64
131
64
132
64
132
64
132
64
131
64
131
64
132
64
132
64
133
64
131
64
131
64
132
64
131
191
64
130
191
64
131
64
131
64
131
64
130
64
130
189
64
129
188
64
130
191
64
130
189
64
130
191
64
130
188
64
129
189
64
128
186
64
129
186
64
127
184
64
126
181
64
125
183
64
127
184
64
126
183
64
126
181
64
126
180
64
125
179
64
124
178
64
123
177
64
122
176
64
123
174
64
122
175
64
122
173
64
120
173
64
122
172
64
122
172
64
120
170
64
121
170
64
121
171
64
120
169
64
118
168
64
118
166
64
119
167
64
117
167
64
117
164
64
117
166
64
117
164
64
117
166
64
117
165
64
117
165
64
117
163
64
115
162
64
117
164
64
116
163
64
116
163
64
117
164
64
116
163
64
115
160
64
114
159
64
116
161
64
114
159
64
114
161
64
114
159
64
114
160
64
115
159
64
116
160
64
113
159
64
114
159
64
114
159
64
114
158
64
113
159
64
113
159
64
114
159
64
113
157
64
113
158
64
113
158
64
113
158
64
113
157
64
113
157
64
113
157
64
113
157
64
113
159
64
114
159
64
114
159
64
112
158
64
112
156
64
114
158
64
114
157
64
113
157
64
114
158
64
112
155
64
112
155
64
113
157
64
113
157
64
114
159
64
113
156
64
114
157
64
113
158
64
112
157
64
113
157
64
114
159
64
112
157
64
114
159
64
114
157
64
113
156
64
114
159
64
114
157
64
113
156
64
113
157
64
112
156
64
112
155
64
114
156
64
112
157
64
113
157
64
114
158
64
113
155
64
113
156
64
112
154
64
114
158
64
112
155
64
114
157
64
114
157
64
113
155
64
112
156
64
113
156
64
112
155
64
113
156
64
114
158
64
112
154
64
113
155
64
113
156
64
114
157
64
112
154
64
114
158
64
113
155
64
113
156
64
113
157
64
114
156
64
114
157
64
113
155
64
112
154
64
114
156
64
114
157
64
114
158
64
112
154
64
113
157
64
114
158
64
113
157
64
113
157
64
112
155
64
113
157
64
112
156
64
113
155
64
114
157
64
114
157
64
113
157
64
114
156
64
112
154
64
114
156
64
114
158
64
114
157
64
113
155
64
112
156
64
113
155
64
113
157
64
112
156
64
114
156
64
113
157
64
112
155
64
112
155
64
114
157
64
112
154
64
112
154
64
114
157
64
112
155
64
112
155
64
114
156
64
112
155
64
113
156
64
114
158
64
112
156
64
112
155
64
114
156
64
112
154
64
114
158
64
114
157
64
112
154
64
112
155
64
112
154
64
114
158
64
113
157
64
114
156
64
113
157
64
113
157
64
114
158
64
114
156
64
112
155
64
113
157
64
112
154
64
113
155
64
113
157
64
113
157
64
114
157
64
114
156
64
112
154
64
114
156
64
113
155
64
114
156
64
112
156
64
114
156
64
114
158
64
112
154
64
112
155
64
112
155
64
114
156
64
112
155
64
112
154
64
113
156
64
113
155
64
112
156
64
113
156
64
113
156
64
114
157
64
113
155
64
113
157
64
114
157
64
113
156
64
112
155
64
113
155
64
113
157
64
114
157
64
112
154
64
112
156
64
114
157
64
114
157
64
112
156
64
113
157
64
112
156
64
114
158
64
113
156
64
113
157
64
113
155
64
114
158
64
114
157
64
114
158
64
112
154
64
113
157
64
113
155
64
112
156
64
114
156
64
112
156
64
112
154
64
112
155
64
113
155
64
114
157
64
112
155
64
112
156
64
112
154
64
112
156
64
112
156
64
113
155
64
113
156
64
112
155
64
112
156
64
113
157
64
112
154
64
112
156
64
113
156
64
113
155
64
114
158
64
114
156
64
114
158
64
113
157
64
112
156
64
112
154
64
114
158
64
112
156
64
113
156
64
113
157
64
113
157
64
114
157
64
114
157
64
113
155
64
114
156
64
112
154
64
113
155
64
114
156
64
112
155
64
113
156
64
113
155
64
114
158
64
112
154
64
114
157
64
114
157
64
112
155
64
114
158
64
112
155
64
113
155
64
114
156
64
113
155
64
114
156
64
114
156
64
114
156
64
113
157
64
113
156
64
113
157
64
112
156
64
112
156
64
112
155
64
112
156
64
112
154
64
114
156
64
114
156
64
113
157
64
113
155
64
112
155
64
112
155
64
113
156
64
113
157
64
112
155
64
113
155
64
113
155
64
114
157
64
112
154
64
112
154
64
114
156
64
114
158
64
113
157
64
114
158
64
112
155
64
112
154
64
114
156
64
113
155
64
114
158
64
113
156
64
113
155
64
113
156
64
114
156
64
114
156
64
112
154
64
114
157
64
114
158
64
112
156
64
113
155
64
114
156
64
112
154
64
112
156
64
113
157
64
114
156
64
112
156
64
113
156
64
112
156
64
113
155
64
114
157
64
112
156
64
112
154
64
113
155
64
112
155
64
112
154
64
113
157
64
112
155
64
113
157
64
112
156
64
114
156
64
114
157
64
113
155
64
112
156
64
112
156
64
112
155
64
114
157
64
114
158
64
112
155
64
112
154
64
114
158
64
113
157
64
113
156
64
113
155
64
113
156
64
112
156
64
112
156
64
112
155
64
112
154
64
112
