129
129
128
127
126
126
127
126
127
128
129
130
129
130
129
128
129
130
129
130
129
130
131
131
132
132
133
131
132
132
132
133
131
131
131
131
132
130
131
130
129
129
130
131
129
130
131
132
130
129
130
131
129
129
128
127
127
126
127
128
127
128
128
129
129
129
129
128
127
126
127
126
127
127
128
129
128
127
128
128
129
129
129
129
128
127
128
128
128
127
126
127
128
128
129
128
129
130
131
129
129
130
130
128
127
128
129
129
129
128
128
127
128
129
130
130
129
129
129
129
130
129
128
127
127
126
127
127
128
128
127
127
127
126
127
127
126
128
129
129
128
127
126
126
127
128
129
130
129
129
129
128
128
127
126
127
127
126
127
126
125
126
127
127
127
126
125
124
124
124
125
125
125
124
125
126
126
125
124
126
125
126
127
126
127
126
127
126
128
127
127
128
129
129
128
127
127
127
126
127
127
126
125
126
126
126
126
126
126
125
125
127
128
129
129
128
128
127
126
125
125
125
125
125
127
127
126
126
125
124
126
126
126
126
125
125
126
126
126
125
126
127
126
126
125
125
126
128
128
129
128
131
134
135
137
137
139
141
141
141
140
141
141
142
143
142
142
144
143
142
143
146
147
149
149
150
151
152
153
153
153
153
154
155
154
153
155
158
160
162
163
165
165
166
166
167
168
169
169
170
172
174
176
177
176
177
177
177
177
176
175
179
181
181
183
184
185
186
186
186
185
186
189
64
77
90
102
111
119
126
133
138
145
152
157
162
167
172
176
178
179
185
187
190
64
80
94
107
119
131
142
151
158
164
169
174
179
186
191
64
82
97
111
122
133
146
156
165
171
178
185
64
81
97
112
125
136
147
157
166
177
184
190
64
81
99
115
131
143
154
165
174
184
64
85
102
119
133
148
160
173
182
191
64
86
107
124
140
155
166
178
188
64
86
106
122
140
155
170
183
64
85
105
126
143
158
172
185
64
87
110
129
144
161
176
189
64
88
111
132
149
165
178
64
89
113
133
152
171
187
64
88
111
132
153
170
184
64
92
116
137
156
174
190
64
90
115
137
157
175
64
91
116
140
162
180
64
90
116
139
161
178
64
92
117
140
161
179
64
93
119
142
162
182
64
93
118
142
164
184
64
94
121
145
166
187
64
95
122
148
171
64
95
123
150
172
191
64
97
124
151
175
64
95
123
151
174
64
95
125
154
178
64
98
129
155
178
64
97
128
156
182
64
96
126
154
180
64
98
131
158
184
64
100
132
161
185
64
100
132
158
184
64
100
129
160
185
64
99
132
161
187
64
100
133
161
185
64
101
134
161
188
64
98
131
160
187
64
98
133
162
188
64
101
133
162
187
64
99
133
161
190
64
100
132
163
189
64
99
134
163
190
64
101
135
165
191
64
100
133
162
190
64
101
135
167
64
100
131
163
191
64
101
135
167
64
102
136
166
64
101
135
164
191
64
101
134
165
64
102
136
169
64
103
140
170
64
102
137
168
64
104
139
172
64
105
140
172
64
102
141
173
64
104
140
173
64
104
142
176
64
106
144
179
64
104
142
178
64
106
145
178
64
106
145
180
64
105
145
181
64
109
147
181
64
106
146
183
64
106
146
181
64
110
149
183
64
107
148
186
64
108
148
184
64
108
150
185
64
109
149
188
64
108
151
189
64
110
152
188
64
111
151
190
64
110
151
189
64
112
154
64
111
152
190
64
109
150
190
64
109
152
191
64
111
152
189
64
110
151
190
64
109
152
190
64
112
155
64
111
152
190
64
110
152
191
64
110
153
191
64
111
153
190
64
110
152
190
64
110
154
64
111
154
64
112
157
64
110
155
64
111
156
64
111
155
64
110
153
64
111
156
64
110
154
64
112
157
64
112
155
64
112
155
64
110
156
64
112
157
64
111
157
64
112
158
64
112
158
64
112
156
64
111
155
64
112
157
64
112
158
64
112
158
64
111
156
64
110
154
64
112
157
64
113
157
64
111
155
64
112
156
64
113
158
64
112
155
64
113
157
64
112
157
64
111
154
64
112
157
64
112
157
64
113
158
64
112
157
64
111
156
64
113
158
64
111
157
64
113
156
64
113
156
64
112
156
64
111
155
64
113
156
64
112
158
64
111
156
64
113
156
64
111
155
64
111
157
64
113
158
64
112
158
64
113
157
64
113
159
64
112
156
64
111
155
64
113
158
64
113
159
64
113
157
64
111
155
64
111
155
64
111
157
64
111
155
64
111
155
64
113
159
64
113
159
64
112
158
64
112
157
64
112
156
64
112
156
64
113
158
64
113
158
64
113
159
64
113
157
64
112
158
64
112
158
64
112
157
64
112
157
64
112
158
64
113
158
64
112
157
64
113
159
64
113
158
64
112
157
64
113
159
64
111
156
64
112
157
64
112
156
64
111
154
191
64
111
153
189
64
112
153
190
64
109
152
189
64
109
149
184
64
108
149
184
64
109
149
185
64
108
149
183
64
107
146
181
64
107
147
183
64
107
146
182
64
108
146
181
64
108
146
180
64
106
146
180
64
106
143
178
64
106
145
178
64
105
142
176
64
105
144
177
64
104
142
174
64
106
144
176
64
105
143
175
64
104
140
173
64
105
141
173
64
103
140
172
64
105
140
171
64
104
139
172
64
103
138
170
64
104
139
170
64
104
139
169
64
105
139
171
64
103
139
170
64
104
139
170
64
102
138
170
64
103
138
169
64
103
138
168
64
102
137
171
64
102
137
171
64
104
140
172
64
102
138
172
64
102
136
169
64
102
137
169
64
104
138
172
64
104
139
173
64
102
137
169
64
104
139
173
64
101
136
169
64
102
136
170
64
102
138
171
64
103
139
171
64
101
137
168
64
103
137
169
64
101
137
168
64
101
136
169
64
101
135
166
64
101
136
169
64
103
138
170
64
103
138
171
64
103
136
167
64
101
135
167
64
101
134
167
64
101
136
169
64
101
136
168
64
101
135
168
64
101
136
168
64
101
135
168
64
102
137
170
64
103
136
168
64
102
137
168
64
103
138
170
64
102
137
169
64
102
136
167
64
103
138
169
64
102
135
166
64
101
136
168
64
101
134
165
64
101
134
166
64
101
136
169
64
103
138
169
64
103
138
170
64
102
137
167
64
103
139
172
64
101
137
167
64
102
138
171
64
103
139
170
64
104
141
175
64
103
142
174
64
104
140
174
64
104
141
174
64
106
144
177
64
106
142
177
64
105
144
177
64
105
142
176
64
106
143
178
64
107
146
181
64
109
148
183
64
106
144
181
64
106
146
182
64
109
148
183
64
108
147
184
64
109
149
184
64
108
148
185
64
108
147
186
64
109
152
190
64
111
153
188
64
109
149
189
64
110
153
191
64
111
152
190
64
109
149
187
64
110
151
189
64
110
152
190
64
111
152
190
64
110
152
189
64
111
154
191
64
111
154
64
111
153
64
110
153
191
64
111
156
64
110
154
64
111
155
64
112
156
64
112
156
64
111
156
64
111
155
64
111
155
64
110
153
64
112
156
64
111
155
64
111
156
64
111
154
64
111
155
64
111
156
64
112
155
64
111
154
64
111
156
64
110
154
64
111
157
64
111
156
64
111
155
64
112
156
64
112
156
64
110
154
64
111
156
64
111
156
64
112
156
64
113
158
64
111
156
64
112
155
64
111
154
64
112
156
64
112
157
64
111
154
64
111
156
64
111
155
64
111
155
64
113
157
64
113
156
64
113
158
64
111
154
64
113
157
64
113
157
64
111
157
64
112
157
64
111
156
64
112
157
64
113
157
64
112
158
64
113
157
64
113
156
64
113
156
64
111
155
64
111
157
64
112
157
64
111
156
64
113
159
64
113
157
64
112
156
64
113
159
64
113
158
64
111
157
64
111
157
64
112
158
64
112
158
64
112
157
64
112
157
64
111
157
64
112
156
64
112
158
64
112
156
64
112
158
64
113
157
64
111
156
64
111
155
64
112
156
64
111
156
64
111
156
64
112
156
64
113
159
64
112
157
64
111
156
64
112
158
64
112
156
64
112
158
64
112
156
64
111
155
64
111
156
64
112
157
64
112
158
64
113
159
64
113
159
64
113
158
64
112
158
64
112
156
64
111
156
64
113
158
64
113
159
64
111
157
64
113
157
64
113
157
64
111
157
64
112
156
64
111
155
64
112
157
64
112
158
64
113
158
64
113
159
64
113
158
64
112
156
64
111
156
64
111
156
64
112
157
64
111
157
64
111
156
64
113
158
64
112
156
64
111
157
64
111
156
64
111
157
64
113
157
64
111
157
64
113
158
64
113
157
64
112
158
64
113
158
64
113
158
64
113
157
64
113
157
64
112
158
64
112
156
64
111
155
64
112
156
64
113
159
64
111
155
64
111
156
64
111
155
64
111
155
64
111
157
64
112
157
64
111
156
64
111
156
64
111
156
64
112
157
64
111
155
64
113
159
64
111
156
64
111
156
64
113
157
64
111
157
64
112
158
64
112
158
64
111
155
64
112
156
64
112
158
64
113
157
64
112
157
64
111
155
64
111
157
64
112
156
64
113
159
64
111
157
64
111
156
64
113
158
64
113
158
64
111
156
64
112
158
64
112
158
64
113
157
64
112
156
64
112
158
64
112
158
64
111
155
64
112
158
64
113
158
64
112
156
64
112
156
64
113
158
64
112
158
64
111
155
64
112
157
64
112
157
64
112
156
64
111
155
64
113
159
64
113
159
64
113
158
64
111
156
64
111
157
64
111
156
64
111
155
64
112
156
64
111
156
64
112
156
64
111
156
64
112
158
64
113
159
64
111
156
64
111
157
64
112
157
64
112
157
64
113
159
64
112
158
64
113
158
64
113
157
64
111
157
64
111
157
64
113
158
64
111
157
64
111
157
64
112
158
64
113
158
64
113
158
64
113
159
64
113
158
64
111
157
64
113
158
64
113
158
64
112
157
64
113
158
64
113
158
64
113
159
64
111
155
64
111
157
64
112
156
64
113
157
64
111
155
64
112
156
64
112
156
64
111
157
64
111
156
64
111
155
64
112
158
64
112
158
64
111
156
64
112
156
64
113
159
64
112
158
64
111
156
64
113
158
64
113
157
64
113
158
64
112
157
64
111
155
64
111
157
64
112
157
64
113
157
64
112
156
64
112
156
64
111
157
64
111
156
64
111
155
64
112
158
64
112
158
64
112
156
64
111
156
64
111
155
64
111
156
64
112
156
64
111
157
64
113
158
64
112
158
64
111
155
64
113
159
64
113
157
64
111
157
64
112
158
64
111
156
64
111
156
64
112
158
64
112
156
64
111
156
64
111
155
64
112
158
64
111
156
64
113
158
64
111
156
64
113
157
64
113
159
64
111
156
64
112
157
64
111
155
64
111
157
64
112
157
64
111
155
64
112
157
64
112
157
64
112
156
64
113
157
64
113
159
64
113
158
64
113
158
64
112
157
64
113
158
64
113
158
64
111
156
64
111
157
64
111
156
64
111
155
64
112
157
64
112
157
64
111
156
64
113
157
64
111
156
64
112
158
64
113
159
64
111
155
64
113
157
64
113
157
64
113
158
64
113
157
64
113
159
64
113
159
64
112
158
64
112
158
64
111
156
64
113
159
64
112
156
64
111
155
64
113
159
64
111
156
64
111
157
64
112
158
64
113
157
64
113
159
64
112
156
64
112
158
64
113
158
64
112
158
64
113
157
64
113
157
64
113
159
64
111
155
64
113
159
64
111
157
64
111
156
64
112
157
64
112
158
64
112
156
64
113
157
64
112
156
64
112
158
64
112
158
64
113
159
64
113
159
64
112
157
64
113
159
64
111
157
64
111
156
64
112
158
64
112
157
64
111
156
64
112
156
64
113
157
64
113
159
64
113
158
64
111
156
64
111
155
64
113
157
64
111
155
64
113
159
64
112
156
64
111
156
64
111
157
64
113
159
64
112
158
64
111
155
64
113
158
64
112
156
64
113
159
64
111
157
64
112
156
64
113
158
64
112
156
64
112
158
64
112
158
64
112
157
64
113
159
64
112
157
64
112
156
64
112
158
64
112
158
64
113
157
64
112
158
64
111
155
64
112
158
64
112
158
64
111
156
64
111
157
64
111
156
64
112
158
64
111
156
64
112
156
64
111
155
64
112
156
64
111
156
64
112
158
64
112
158
64
111
155
64
113
159
64
113
159
64
111
156
64
111
156
64
111
156
64
112
157
64
112
157
64
111
157
64
112
157
64
112
157
64
113
159
64
111
157
64
113
159
64
112
157
64
112
157
64
111
156
64
112
157
64
112
157
64
113
159
64
113
157
64
112
158
64
111
157
64
112
157
64
112
157
64
113
159
64
111
156
64
111
156
64
113
159
64
112
157
64
111
156
64
113
159
64
112
156
64
112
156
64
112
158
64
112
157
64
113
159
64
113
158
64
112
156
64
111
155
64
113
158
64
112
157
64
112
157
64
111
157
64
111
155
64
111
157
64
111
155
64
111
157
64
111
157
64
111
156
64
112
158
64
113
159
64
112
157
64
111
157
64
113
158
64
111
157
64
113
159
64
111
156
64
111
155
64
113
159
64
113
159
64
111
157
64
112
157
64
112
157
64
111
155
64
111
156
64
111
157
64
112
156
64
113
157
64
113
158
64
113
157
64
113
158
64
113
157
64
112
157
64
112
158
64
113
157
64
112
158
64
112
157
64
113
159
64
111
156
64
113
159
64
113
159
64
113
159
64
111
157
64
113
159
64
111
156
64
111
156
64
113
159
64
111
157
64
113
157
64
113
157
64
113
159
64
111
157
64
111
155
64
111
157
64
113
159
64
113
159
64
113
159
64
111
157
64
113
157
64
112
157
64
111
156
64
111
157
64
112
158
64
111
157
64
112
156
64
112
158
64
112
158
64
113
157
64
111
157
64
112
158
64
112
157
64
111
156
64
112
156
64
113
157
64
111
157
64
112
158
64
112
158
64
111
157
64
113
158
64
112
157
64
112
156
64
113
158
64
112
158
64
112
158
64
113
158
64
112
158
64
113
157
64
112
158
64
111
156
64
113
159
64
111
157
64
111
157
64
111
157
64
112
158
64
112
157
64
112
158
64
112
157
64
113
157
64
111
156
64
112
158
64
112
158
64
113
157
64
111
156
64
111
155
64
111
156
64
112
156
64
113
159
64
111
155
64
113
159
64
112
157
64
113
158
64
111
155
64
113
157
64
111
155
64
112
156
64
113
157
64
111
156
64
112
157
64
113
