0 1 1.8 64
1 2 1.8 64
2 3 1.8 64
3 4 1.8 64
4 5 1.8 64
5 6 1.8 64
6 7 1.8 64
1 0 1.8 64
2 1 1.8 64
3 2 1.8 64
4 3 1.8 64
5 4 1.8 64
6 5 1.8 64
7 6 1.8 64
7 0 1.8 64
0 7 1.8 64
0 20 1 64
20 0 -0.4 64
1 20 1 64
20 1 -0.4 64
2 20 1 64
20 2 -0.4 64
3 20 1 64
20 3 -0.4 64
4 20 1 64
20 4 -0.4 64
5 20 1 64
20 5 -0.4 64
6 20 1 64
20 6 -0.4 64
7 20 1 64
20 7 -0.4 64
8 9 1.5 64
9 10 1.5 64
10 11 1.5 64
11 12 1.5 64
12 13 1.5 64
13 14 1.5 64
14 15 1.5 64
15 16 1.5 64
16 17 1.5 64
17 18 1.5 64
18 19 1.5 64
9 8 1.5 64
10 9 1.5 64
11 10 1.5 64
12 11 1.5 64
13 12 1.5 64
14 13 1.5 64
15 14 1.5 64
16 15 1.5 64
17 16 1.5 64
18 17 1.5 64
19 18 1.5 64
8 21 1 64
21 8 -0.3 64
9 21 1 64
21 9 -0.3 64
10 21 1 64
21 10 -0.3 64
11 21 1 64
21 11 -0.3 64
12 21 1 64
21 12 -0.3 64
13 21 1 64
21 13 -0.3 64
14 21 1 64
21 14 -0.3 64
15 21 1 64
21 15 -0.3 64
16 21 1 64
21 16 -0.3 64
17 21 1 64
21 17 -0.3 64
18 21 1 64
21 18 -0.3 64
19 21 1 64
21 19 -0.3 64
8 22 2 64
9 23 2 64
10 24 2 64
11 25 2 64
12 26 2 64
13 27 2 64
14 28 2 64
15 29 2 64
16 30 2 64
17 31 2 64
18 32 2 64
19 33 2 64
0 41 1.8 64
1 42 1.8 64
2 34 1.8 64
2 43 1.8 64
3 35 1.8 64
3 44 1.8 64
4 36 1.8 64
4 46 1.8 64
5 37 1.8 64
5 47 1.8 64
6 39 1.8 64
6 48 1.8 64
7 40 1.8 64
7 49 1.8 64
5 38 1.8 64
3 45 1.8 64
6 38 1.8 64
4 45 1.8 64
22 50 1.5 64
22 51 1.5 64
23 52 1.5 64
23 53 1.5 64
24 54 1.5 64
24 55 1.5 64
25 56 1.5 64
25 57 1.5 64
26 58 1.5 64
26 59 1.5 64
27 60 1.5 64
27 61 1.5 64
28 62 1.5 64
28 63 1.5 64
29 64 1.5 64
29 65 1.5 64
30 66 1.5 64
30 67 1.5 64
31 68 1.5 64
31 69 1.5 64
32 70 1.5 64
32 71 1.5 64
33 72 1.5 64
33 73 1.5 64
34 50 1.5 64
35 52 1.5 64
36 54 1.5 64
36 56 1.5 64
37 58 1.5 64
38 60 1.5 64
39 62 1.5 64
40 51 1.5 64
40 64 1.5 64
41 53 1.5 64
41 66 1.5 64
41 68 1.5 64
42 55 1.5 64
42 57 1.5 64
42 70 1.5 64
43 59 1.5 64
43 72 1.5 64
44 61 1.5 64
45 63 1.5 64
46 65 1.5 64
47 67 1.5 64
47 69 1.5 64
48 71 1.5 64
49 73 1.5 64
