432798.44000 638.50000 4.00000 171.50000 2.26804 -90.94772
432798.49700 638.50000 4.00000 171.50000 2.26804 -90.94772
432798.54600 638.50000 4.00000 171.50000 2.26804 -90.94772
432798.59800 638.50110 4.00000 171.56614 2.26804 -90.94772
432798.65300 638.50269 4.00000 171.69721 2.26804 -90.94772
432798.72100 638.50438 4.00000 171.87506 2.26804 -90.94772
432798.79000 638.50620 4.00000 172.09044 2.26804 -90.94772
432798.84900 638.50838 4.00000 172.36474 2.26804 -90.94772
432798.91100 638.51059 4.00000 172.65183 2.26804 -90.94772
432798.99900 638.51251 4.00000 172.90381 2.26804 -90.94772
432799.06200 638.51456 4.00000 173.17435 2.26804 -90.94772
432799.06200 638.51456 4.00000 173.17435 2.26804 -90.94772
432799.10500 638.51738 4.00000 173.54915 2.26804 -90.94772
432799.22600 638.52089 4.00000 174.01503 2.26804 -90.94772
432799.22800 638.52089 4.00000 174.01503 2.26804 -90.94772
432799.27600 638.52276 4.00000 174.26622 2.26804 -90.94772
432799.38800 638.52317 4.00000 174.42131 2.26804 -90.94772
432799.44500 638.52629 4.00000 174.76382 2.26804 -90.94772
432799.49200 638.52844 4.00000 175.03124 2.26804 -90.94772
432799.49300 638.52844 4.00000 175.03124 2.26804 -90.94772
432799.61000 638.53182 4.00000 175.46952 2.26804 -90.94772
432799.61000 638.53182 4.00000 175.46952 2.26804 -90.94772
432799.67000 638.53373 4.00000 175.72202 2.26804 -90.94772
432799.78900 638.53576 4.00000 176.05839 2.26804 -90.94772
432799.78900 638.53576 4.00000 176.05839 2.26804 -90.94772
432799.84500 638.53660 4.00000 176.21725 2.26804 -90.94772
432799.90700 638.53738 4.00000 176.32931 2.26804 -90.94772
432799.96700 638.53842 4.00000 176.45795 2.26804 -90.94772
432800.01700 638.54040 4.00000 176.65950 2.26804 -90.94772
432800.08500 638.54214 4.00000 176.87920 2.26804 -90.94772
432800.60700 638.52494 4.00000 175.07065 2.26804 -90.94772
432800.74900 638.52418 4.00000 174.76359 2.26804 -90.94772
432800.89100 638.52720 4.00000 174.98712 2.26804 -90.94772
432800.96000 638.52926 4.00000 175.19426 2.26804 -90.94772
432801.02100 638.52926 4.00000 175.30355 2.26804 -90.94772
432801.07800 638.53078 4.00000 175.44236 2.26804 -90.94772
432801.14600 638.53273 4.00000 175.64217 2.26804 -90.94772
432801.21000 638.53464 4.00000 175.86876 2.26804 -90.94772
432801.21100 638.53464 4.00000 175.86876 2.26804 -90.94772
432801.21100 638.53464 4.00000 175.86876 2.26804 -90.94772
435167.09500 638.55445 4.00000 180.74198 7.86087 -89.77881
435167.20400 638.55445 4.00000 180.74198 7.86087 -89.77881
435167.20500 638.55445 4.00000 180.74198 7.86087 -89.77881
435167.20700 638.55445 4.00000 180.74198 7.86087 -89.77881
435167.31900 638.55445 4.00000 180.74198 7.86087 -89.77881
435167.43600 638.55445 4.00000 180.74198 7.86087 -89.77881
435167.43800 638.55445 4.00000 180.74198 7.86087 -89.77881
435167.54700 638.55445 4.00000 180.74198 7.86087 -89.77881
435167.54700 638.55445 4.00000 180.74198 7.86087 -89.77881
435167.64500 638.55445 4.00000 180.74198 7.86087 -89.77881
435167.64600 638.55445 4.00000 180.74198 7.86087 -89.77881
435167.76400 638.55445 4.00000 180.74198 7.86087 -89.77881
435167.76500 638.55445 4.00000 180.74198 7.86087 -89.77881
435167.86700 638.55445 4.00000 180.74198 7.86087 -89.77881
435167.86900 638.55445 4.00000 180.74198 7.86087 -89.77881
435167.99500 638.55445 4.00000 180.74198 7.86087 -89.77881
435167.99600 638.55445 4.00000 180.74198 7.86087 -89.77881
435168.14300 638.55445 4.00000 180.74198 7.86087 -89.77881
435168.14300 638.55445 4.00000 180.74198 7.86087 -89.77881
435168.14300 638.55445 4.00000 180.74198 7.86087 -89.77881
435168.27700 638.55445 4.00000 180.74198 7.86087 -89.77881
435168.27800 638.55445 4.00000 180.74198 7.86087 -89.77881
435168.43900 638.55445 4.00000 180.74198 7.86087 -89.77881
435168.43900 638.55445 4.00000 180.74198 7.86087 -89.77881
435168.43900 638.55445 4.00000 180.74198 7.86087 -89.77881
435168.54900 638.55445 4.00000 180.74198 7.86087 -89.77881
435168.54900 638.55445 4.00000 180.74198 7.86087 -89.77881
435168.55000 638.55445 4.00000 180.74198 7.86087 -89.77881
435168.54900 638.55445 4.00000 180.74198 7.86087 -89.77881
435168.68600 638.55445 4.00000 180.74198 7.86087 -89.77881
435168.68600 638.55445 4.00000 180.74198 7.86087 -89.77881
435168.68600 638.55445 4.00000 180.74198 7.86087 -89.77881
435168.82500 638.55445 4.00000 180.74198 7.86087 -89.77881
435168.82500 638.55445 4.00000 180.74198 7.86087 -89.77881
435168.93900 638.55445 4.00000 180.74198 7.86087 -89.77881
435168.94000 638.55445 4.00000 180.74198 7.86087 -89.77881
435168.94000 638.55445 4.00000 180.74198 7.86087 -89.77881
435169.05700 638.55445 4.00000 180.74198 7.86087 -89.77881
435169.05800 638.55445 4.00000 180.74198 7.86087 -89.77881
435169.33300 638.55445 4.00000 180.74198 7.86087 -89.77881
435169.33400 638.55445 4.00000 180.74198 7.86087 -89.77881
435169.33600 638.55445 4.00000 180.74198 7.86087 -89.77881
435169.43800 638.55445 4.00000 180.74198 7.86087 -89.77881
435169.43800 638.55445 4.00000 180.74198 7.86087 -89.77881
435169.53700 638.55445 4.00000 180.74198 7.86087 -89.77881
435169.53700 638.55445 4.00000 180.74198 7.86087 -89.77881
435169.67600 638.55445 4.00000 180.74198 7.86087 -89.77881
435169.67600 638.55445 4.00000 180.74198 7.86087 -89.77881
435169.84800 638.55445 4.00000 180.74198 7.86087 -89.77881
435253.19500 638.55445 4.00000 180.74198 7.86087 -89.77881
435253.33400 638.55445 4.00000 180.74198 7.86087 -89.77881
435253.49100 638.55445 4.00000 180.74198 7.86087 -89.77881
435253.53300 638.55445 4.00000 180.74198 7.86087 -89.77881
435253.62400 638.55445 4.00000 180.74198 7.86087 -89.77881
435253.74700 638.55445 4.00000 180.74198 7.86087 -89.77881
435253.79100 638.55445 4.00000 180.74198 7.86087 -89.77881
435253.84900 638.55445 4.00000 180.74198 7.86087 -89.77881
435253.89700 638.55445 4.00000 180.74198 7.86087 -89.77881
435253.94400 638.55445 4.00000 180.74198 7.86087 -89.77881
435253.98500 638.55445 4.00000 180.74198 7.86087 -89.77881
435254.03800 638.55445 4.00000 180.74198 7.86087 -89.77881
435254.13700 638.55445 4.00000 180.74198 7.86087 -89.77881
435254.18800 638.55445 4.00000 180.74198 7.86087 -89.77881
435254.24800 638.55445 4.00000 180.74198 7.86087 -89.77881
435254.29800 638.55445 4.00000 180.74198 7.86087 -89.77881
435254.34800 638.55445 4.00000 180.74198 7.86087 -89.77881
435254.41700 638.55445 4.00000 180.74198 7.86087 -89.77881
435254.46900 638.55445 4.00000 180.74198 7.86087 -89.77881
435254.47000 638.55445 4.00000 180.74198 7.86087 -89.77881
435254.52700 638.55445 4.00000 180.74198 7.86087 -89.77881
435254.57900 638.55445 4.00000 180.74198 7.86087 -89.77881
435254.63200 638.55445 4.00000 180.74198 7.86087 -89.77881
435254.72600 638.55445 4.00000 180.74198 7.86087 -89.77881
435254.72600 638.55445 4.00000 180.74198 7.86087 -89.77881
435254.77900 638.55445 4.00000 180.74198 7.86087 -89.77881
435254.82600 638.55445 4.00000 180.74198 7.86087 -89.77881
435254.87700 638.55445 4.00000 180.74198 7.86087 -89.77881
435254.92200 638.55445 4.00000 180.74198 7.86087 -89.77881
435254.96000 638.55445 4.00000 180.74198 7.86087 -89.77881
435255.00400 638.55445 4.00000 180.74198 7.86087 -89.77881
435255.09600 638.55445 4.00000 180.74198 7.86087 -89.77881
435255.14100 638.55445 4.00000 180.74198 7.86087 -89.77881
435255.18300 638.55445 4.00000 180.74198 7.86087 -89.77881
435255.23700 638.55445 4.00000 180.74198 7.86087 -89.77881
435255.28400 638.55445 4.00000 180.74198 7.86087 -89.77881
435255.38900 638.55445 4.00000 180.74198 7.86087 -89.77881
435255.43600 638.55445 4.00000 180.74198 7.86087 -89.77881
435255.48800 638.55445 4.00000 180.74198 7.86087 -89.77881
435255.53600 638.55445 4.00000 180.74198 7.86087 -89.77881
435255.57100 638.55445 4.00000 180.74198 7.86087 -89.77881
435255.62100 638.55445 4.00000 180.74198 7.86087 -89.77881
435255.66500 638.55445 4.00000 180.74198 7.86087 -89.77881
435255.76400 638.55445 4.00000 180.74198 7.86087 -89.77881
435255.81100 638.55445 4.00000 180.74198 7.86087 -89.77881
435255.86500 638.55445 4.00000 180.74198 7.86087 -89.77881
435255.92400 638.55445 4.00000 180.74198 7.86087 -89.77881
