2
4
5
7
9
11
13
15
17
19
19
19
20
20
19
19
19
19
19
19
18
18
18
18
19
19
19
19
19
18
18
17
16
15
13
12
11
10
9
9
8
8
8
8
9
8
8
8
8
8
8
8
8
8
8
8
8
8
8
8
8
8
8
8
8
8
8
8
8
8
8
8
8
8
8
9
8
8
8
8
9
8
8
8
8
8
9
8
8
8
8
9
9
8
8
8
8
9
9
8
8
8
8
9
9
8
8
8
8
9
9
8
8
8
8
9
9
9
8
8
8
9
9
9
9
8
8
8
9
9
9
9
8
8
8
9
9
9
9
8
8
8
9
9
9
9
9
8
8
9
9
9
9
8
8
8
8
9
9
9
9
9
9
10
9
9
9
9
9
9
9
9
9
9
10
9
9
9
9
9
9
9
9
9
9
10
9
9
9
9
9
9
9
9
9
9
10
10
9
9
9
9
9
9
9
9
9
9
10
10
10
10
10
10
10
10
10
10
10
10
10
10
10
10
10
10
10
10
10
10
10
10
10
10
10
10
10
10
10
10
10
10
10
10
10
10
10
10
10
10
10
10
10
10
10
10
10
10
11
11
11
11
11
11
11
11
11
11
10
10
10
10
10
11
11
11
11
11
11
11
11
11
12
11
11
11
11
11
11
11
11
11
11
11
11
11
11
11
11
11
11
12
11
11
11
11
11
11
11
11
12
11
11
11
11
11
11
11
12
12
11
11
11
11
12
12
12
12
11
11
11
12
12
12
11
11
11
12
12
12
12
11
11
11
12
12
12
11
12
12
12
12
12
13
12
12
12
13
12
12
12
13
13
12
12
13
13
12
12
13
13
12
12
13
13
12
12
13
13
12
12
13
13
12
12
13
13
12
12
13
13
12
12
13
13
12
12
13
13
12
12
13
13
12
12
13
13
12
12
13
13
12
12
13
13
12
12
13
13
12
12
13
13
12
12
13
13
12
12
13
13
12
12
13
13
12
12
13
13
12
12
13
13
12
12
13
13
12
12
13
13
12
12
13
13
12
12
13
13
12
12
13
13
12
13
13
13
12
13
13
13
12
13
13
12
12
13
13
12
13
13
13
13
13
13
13
13
13
13
13
13
13
12
13
13
13
12
13
13
12
13
13
13
12
13
13
13
12
13
13
12
12
13
13
12
12
13
13
12
13
13
13
12
13
13
13
12
13
13
12
13
13
13
12
13
13
13
12
13
13
12
12
13
13
12
13
13
13
13
13
13
13
13
13
13
12
13
13
12
12
13
13
12
13
13
13
13
13
13
13
13
13
13
12
13
13
12
13
13
13
12
13
13
13
12
13
13
12
12
13
13
12
13
13
13
12
13
13
13
13
13
13
12
13
13
13
12
13
13
12
12
13
13
12
12
13
13
12
12
13
13
12
12
13
13
12
12
13
13
12
12
13
13
12
12
13
13
12
12
13
13
12
12
13
13
12
12
13
13
12
13
13
13
12
13
13
13
13
13
13
12
13
13
13
12
13
13
12
12
13
13
12
13
13
13
12
13
13
13
13
13
13
12
13
13
13
12
13
13
12
12
13
13
12
13
13
13
12
13
13
