0
1
2
3
4
6
7
9
10
12
14
15
16
17
18
18
19
19
20
20
20
20
20
20
21
21
21
21
21
22
22
22
22
23
22
23
23
24
24
23
24
24
24
23
24
23
24
23
23
24
23
23
23
24
23
23
22
22
23
22
22
22
23
22
23
23
23
24
23
24
24
24
23
24
23
23
23
22
23
22
23
23
24
23
23
24
24
24
23
24
23
23
23
23
24
23
23
24
24
23
24
24
23
24
23
23
24
23
23
23
23
23
23
22
23
23
22
22
23
23
23
23
23
24
23
23
24
24
23
24
23
23
24
23
23
24
23
23
24
23
23
23
23
23
24
23
24
24
23
24
24
25
24
24
24
24
23
24
24
23
24
23
24
24
23
24
24
23
23
24
23
23
22
22
23
22
22
22
23
22
22
22
23
23
22
22
23
23
22
23
23
23
23
23
24
24
23
23
24
23
23
23
23
23
22
22
23
23
23
23
24
24
23
23
24
24
23
23
23
23
22
23
23
23
23
23
23
23
23
23
23
22
23
23
22
22
23
23
22
23
23
23
23
23
23
24
23
24
24
24
24
24
24
24
24
24
24
24
24
24
24
25
24
25
25
25
25
25
25
25
25
25
25
25
25
25
25
24
25
24
24
24
24
24
24
23
24
24
24
24
25
24
25
24
25
25
25
25
25
25
25
25
25
25
25
25
25
25
25
25
25
25
25
25
25
25
25
25
25
25
25
25
25
25
25
25
25
25
25
25
25
25
25
25
25
25
25
25
25
25
25
25
25
25
25
25
25
25
25
25
25
25
25
25
25
25
25
25
25
25
25
25
25
25
25
25
25
25
25
25
25
25
25
25
25
25
25
25
25
25
25
25
25
25
25
25
25
25
25
25
25
25
25
25
25
25
25
25
25
25
25
25
25
25
25
25
25
25
25
25
25
25
25
25
25
25
25
25
25
25
25
26
25
26
25
26
26
27
27
28
29
28
30
30
31
32
32
32
33
33
32
34
33
33
34
33
33
34
33
33
34
33
33
34
33
33
34
33
33
34
33
33
34
33
33
34
33
33
34
33
33
34
33
33
34
33
33
34
33
33
34
33
33
34
33
33
33
33
33
33
31
31
30
29
28
28
27
26
25
25
25
25
25
25
25
25
25
25
25
25
25
25
25
24
24
23
23
22
22
21
21
20
20
20
20
20
20
20
20
20
20
20
20
20
20
20
20
20
20
20
20
20
20
20
20
19
19
19
18
18
18
17
17
17
17
17
17
17
18
18
18
19
19
18
18
19
19
19
18
18
18
18
18
19
19
19
19
19
20
20
20
20
20
20
20
20
20
20
20
20
20
20
20
20
20
20
20
20
20
20
20
20
20
20
19
19
19
19
19
19
19
19
19
19
20
20
20
20
20
20
20
20
20
20
20
20
20
20
20
20
20
20
20
20
20
20
20
20
20
20
20
20
20
20
20
20
20
20
20
20
20
20
20
20
20
20
20
20
20
20
20
20
20
20
20
20
21
21
21
21
21
21
21
21
21
21
20
20
20
20
20
20
20
20
20
20
20
20
20
20
20
20
20
20
20
20
20
21
21
21
21
21
21
21
21
21
21
20
20
20
20
20
20
21
21
21
21
21
21
21
21
21
21
20
20
20
20
20
21
21
21
22
22
22
22
22
23
23
23
23
23
22
23
23
24
24
24
24
23
24
24
24
24
24
23
24
23
23
23
23
23
23
22
23
23
22
22
22
22
21
21
21
22
21
21
21
21
21
21
22
22
22
21
21
21
22
22
22
22
21
22
22
22
22
23
22
23
23
23
24
23
24
24
25
24
24
24
24
25
24
25
24
25
24
25
25
25
25
25
25
25
25
25
25
25
25
25
25
25
25
25
25
25
25
25
25
25
25
25
25
25
25
25
25
25
25
25
25
25
25
25
25
25
25
25
25
25
25
25
25
25
25
25
25
25
25
25
25
25
25
25
25
25
25
25
25
25
25
25
25
25
25
25
25
25
25
25
25
25
25
25
25
25
25
25
25
25
25
25
25
25
25
25
25
25
25
25
25
25
25
25
25
25
25
25
25
25
25
25
25
25
25
25
25
25
25
25
25
25
25
25
25
25
25
25
25
25
25
25
25
25
25
25
25
25
25
25
25
25
25
25
25
25
25
25
25
25
25
25
25
25
25
25
27
26
28
28
29
29
30
30
32
32
31
33
32
32
33
33
33
34
33
33
34
33
33
34
33
33
34
33
33
34
33
33
34
33
33
34
33
