0
1
2
3
4
6
7
9
11
13
15
16
17
18
19
19
20
20
20
20
20
20
20
20
21
21
22
22
23
23
24
24
25
25
24
25
24
24
24
24
24
24
24
24
25
24
24
25
24
24
24
24
24
24
24
24
25
24
25
25
25
25
25
25
25
25
25
25
24
25
24
24
23
24
23
24
23
23
24
23
24
24
25
24
25
24
25
25
24
25
24
25
24
25
24
25
24
25
25
24
25
24
25
24
25
24
24
24
24
25
24
25
24
25
24
25
25
25
25
25
25
25
25
24
25
24
25
24
24
24
24
24
24
25
24
24
24
24
25
24
25
24
25
24
24
25
24
25
24
25
24
25
24
24
25
24
24
24
24
24
24
24
24
25
24
24
25
24
24
24
24
24
24
23
24
24
24
24
25
24
24
24
24
25
24
24
23
24
23
24
24
24
24
24
24
25
25
25
25
24
25
24
25
24
25
24
25
24
25
25
24
25
24
25
24
25
24
25
24
24
25
24
25
24
25
24
25
24
24
25
24
25
24
25
24
25
24
25
25
24
25
24
25
24
25
24
25
24
25
25
24
25
24
25
24
25
24
25
24
24
25
24
25
24
24
24
24
23
24
24
24
24
24
24
25
24
25
25
25
25
25
25
25
25
25
25
25
25
25
25
25
25
24
25
24
25
24
25
24
25
24
25
25
24
25
24
25
24
25
24
25
24
25
25
25
25
25
25
24
25
24
25
24
24
24
24
24
24
25
24
25
24
25
25
25
25
25
25
24
25
24
25
24
25
24
25
24
25
25
25
25
24
25
24
24
24
24
24
24
24
24
25
24
25
25
24
25
24
25
24
24
24
24
23
24
24
23
24
23
24
24
24
24
25
24
25
25
25
25
25
25
25
25
25
25
25
25
25
25
25
25
25
25
25
25
25
25
25
25
25
25
25
25
25
25
25
25
25
25
25
25
25
25
25
25
25
25
25
25
25
26
26
27
27
29
29
30
30
32
32
32
32
33
33
32
33
33
33
33
33
33
34
33
33
34
33
33
34
33
33
34
33
33
34
33
33
34
33
33
34
33
33
34
33
33
34
33
33
34
33
33
34
33
33
34
33
33
34
33
33
34
33
33
34
33
33
34
33
33
34
33
33
34
33
33
34
33
33
34
33
33
34
33
33
34
33
33
34
33
33
34
33
33
34
33
33
34
33
33
34
33
33
34
33
33
34
33
33
34
33
33
34
33
33
34
33
33
34
33
33
34
33
33
34
33
33
34
33
33
34
33
33
34
33
33
34
33
33
34
33
33
34
33
33
34
33
33
34
33
33
34
33
33
34
33
33
34
33
33
34
33
33
34
33
33
34
33
33
34
33
33
34
33
33
34
33
33
34
33
33
34
33
33
34
33
33
34
33
33
34
33
33
34
33
33
34
33
33
34
33
33
34
33
33
34
33
33
34
33
33
34
33
33
34
33
33
34
33
33
34
33
33
34
33
33
34
33
33
34
33
33
34
33
33
34
33
33
34
33
33
34
33
33
34
33
33
34
33
33
34
33
33
34
33
33
34
33
33
34
33
33
34
33
33
34
33
33
34
33
33
34
33
33
34
33
33
34
33
33
34
33
33
34
33
33
34
33
33
34
33
33
34
33
33
34
33
33
34
33
33
34
33
33
34
33
33
34
33
33
34
33
33
33
33
32
32
30
30
29
28
27
27
26
25
25
25
25
25
25
25
25
25
25
25
25
25
25
25
25
25
25
24
25
24
25
24
25
24
25
24
25
25
24
25
24
25
24
24
23
24
23
23
24
23
23
23
23
24
24
24
24
25
24
25
25
25
25
25
25
24
25
24
24
24
24
24
24
24
24
24
24
24
25
24
25
24
24
23
24
24
24
24
24
24
24
24
24
25
24
25
24
25
24
25
24
25
25
24
25
24
25
24
25
24
24
24
24
25
24
24
24
24
24
24
24
24
24
24
24
25
24
24
23
24
24
24
24
23
24
23
24
24
25
24
25
24
24
25
24
25
24
25
24
25
24
25
25
25
25
25
25
25
25
24
25
24
25
24
25
24
25
24
25
25
25
25
25
25
25
25
24
25
24
25
24
25
24
25
24
25
25
24
25
24
25
24
25
24
25
24
25
25
25
25
25
25
25
25
24
25
24
25
24
25
24
25
24
25
25
25
25
25
25
24
25
24
25
24
24
24
24
24
24
25
24
25
24
25
25
25
25
25
25
25
25
25
25
25
25
25
25
25
25
24
25
24
25
24
25
24
