0
1
1
2
3
4
6
7
8
10
11
12
13
14
15
15
15
16
16
16
17
16
17
17
16
17
17
17
17
17
17
17
17
17
18
17
17
17
18
17
17
18
17
17
17
17
17
17
17
17
17
17
17
17
17
17
17
17
16
17
17
16
17
17
17
17
17
17
18
18
17
18
18
18
17
18
18
17
17
17
17
17
17
16
17
17
16
17
17
17
18
17
17
18
18
17
18
18
17
17
17
17
17
17
17
17
17
17
17
17
17
18
17
17
17
18
17
17
18
17
17
17
18
17
17
17
17
17
17
18
17
17
17
17
17
17
17
17
17
17
17
17
17
18
17
17
18
17
17
17
17
17
17
16
17
17
16
17
17
17
17
17
17
17
17
17
17
17
17
16
17
17
16
17
17
17
17
17
17
17
17
17
17
17
17
16
17
17
16
17
17
16
17
17
16
17
17
16
17
17
17
17
17
17
17
17
17
18
17
17
17
17
17
17
17
17
17
16
17
17
17
17
17
17
17
17
17
18
17
17
17
17
17
17
17
17
17
17
17
17
17
17
17
17
17
17
17
16
17
17
16
17
17
16
17
17
16
17
17
17
18
17
17
18
17
17
18
18
17
17
17
17
17
17
18
17
17
17
17
17
17
18
17
17
17
18
17
17
18
17
17
17
18
17
17
17
17
17
17
17
17
17
17
17
17
17
17
17
17
17
17
17
17
17
17
17
17
17
17
17
17
17
17
17
17
17
17
17
17
18
17
17
17
17
17
17
17
17
17
16
17
17
17
18
17
17
18
18
18
18
18
18
18
18
18
18
18
18
18
19
18
18
18
17
18
18
18
18
17
17
18
17
17
18
18
18
17
17
18
18
18
18
18
18
17
17
18
18
17
17
17
18
17
17
18
18
17
17
18
17
17
17
17
17
17
16
17
17
17
17
17
17
17
17
17
18
18
17
17
18
18
17
18
18
17
17
17
18
17
17
17
17
17
17
18
18
18
18
19
19
19
20
20
20
20
20
20
20
20
20
20
20
20
20
20
20
20
20
20
20
20
20
20
20
20
20
20
20
21
21
21
21
21
21
21
21
21
21
20
20
20
20
20
20
20
20
20
19
19
19
19
19
18
18
18
18
17
18
18
18
17
17
18
17
17
17
18
17
17
17
17
17
17
18
17
17
17
18
17
17
18
17
17
17
18
17
17
17
18
17
17
18
18
17
17
18
17
17
17
17
17
17
17
17
17
17
17
17
17
17
17
17
17
18
17
17
18
17
17
18
18
17
17
17
17
17
17
18
18
17
17
18
18
18
18
18
18
18
17
18
18
17
17
17
17
17
17
16
17
17
16
17
17
17
17
17
17
17
17
17
17
17
17
17
17
17
17
17
17
17
17
17
17
17
17
17
17
17
17
17
18
17
17
17
17
17
17
18
17
17
17
18
17
17
18
17
17
17
17
17
17
16
17
17
16
17
17
16
17
17
17
17
17
17
17
17
17
17
17
17
16
17
17
16
17
17
17
17
17
17
17
17
17
17
17
17
16
17
17
16
17
17
16
17
17
16
17
17
16
17
17
16
17
17
17
17
17
17
17
17
17
17
17
17
16
17
17
16
17
17
16
17
17
17
17
17
17
17
17
17
17
17
17
16
17
17
16
17
17
16
17
17
16
17
17
16
17
17
16
17
17
16
17
17
16
17
17
16
17
17
17
17
17
17
17
17
17
17
17
17
17
17
17
17
18
17
17
18
17
17
17
17
17
17
16
17
17
16
17
17
16
17
17
16
17
17
16
17
17
17
17
17
17
17
17
17
17
17
17
16
17
17
16
17
17
16
17
17
16
17
17
17
17
17
17
18
17
17
18
17
17
17
17
17
17
16
17
17
16
17
17
16
17
17
16
17
17
16
17
17
17
17
17
17
17
17
17
17
17
17
16
17
17
16
17
17
16
17
17
16
17
17
17
17
17
17
17
17
17
17
17
17
16
17
17
16
17
17
16
17
17
16
17
17
16
17
17
16
17
17
17
17
17
17
18
17
17
18
18
17
17
18
17
17
17
17
17
17
17
18
17
17
18
17
17
18
17
17
17
16
17
17
17
17
17
17
18
17
17
18
17
17
17
18
17
17
17
17
17
17
18
17
17
17
17
17
17
17
17
17
16
17
17
17
17
17
17
18
17
17
18
18
18
17
18
18
17
17
18
18
18
18
17
18
18
18
19
19
19
19
19
19
20
20
20
20
20
21
21
21
21
21
21
22
22
22
22
22
22
23
