0
0
0
0
0
0
0
1
1
2
3
3
4
6
7
8
9
10
11
12
12
14
15
15
16
17
18
19
20
21
22
23
23
24
24
25
25
25
26
26
28
28
29
30
31
31
33
33
33
34
33
33
34
33
33
34
33
33
34
33
33
34
33
33
34
33
33
34
33
33
34
33
33
34
33
33
34
33
33
34
33
33
34
33
33
34
33
33
34
33
33
34
33
33
34
33
33
34
33
33
34
33
33
34
33
33
34
33
33
34
33
33
34
33
33
34
33
33
34
33
33
34
33
33
34
33
33
34
33
33
34
33
33
34
33
33
34
33
33
34
33
33
34
33
33
34
33
33
34
33
33
34
33
33
34
33
33
34
33
33
34
33
33
34
33
33
34
33
33
34
33
33
34
33
33
34
33
33
34
33
33
34
33
33
34
33
33
34
33
33
34
33
33
34
33
33
34
33
33
34
33
33
34
33
33
34
33
33
34
33
33
34
33
33
34
33
33
34
33
33
34
33
33
34
33
33
34
33
33
34
33
33
34
33
33
34
33
33
34
33
33
34
33
33
34
33
33
34
33
33
34
33
33
34
33
33
34
33
33
34
33
33
34
33
33
34
33
33
34
33
33
34
33
33
34
33
33
34
33
33
34
33
33
34
33
33
34
33
33
34
33
33
34
33
33
34
33
33
34
33
33
34
33
33
34
33
33
34
33
33
34
33
33
34
33
33
34
33
33
34
