0
0
0
0
0
0
0
0
0
0
0
0
0
0
0
0
0
0
0
0
1
1
2
3
4
5
6
7
8
10
10
12
12
13
14
15
16
17
18
18
19
19
21
21
22
22
23
23
24
24
25
25
25
27
27
28
29
30
30
32
32
33
34
33
33
34
33
33
34
33
33
34
33
33
34
33
33
34
33
33
34
33
33
34
33
33
34
33
33
34
33
33
34
33
33
34
33
33
34
33
33
34
33
33
34
33
33
34
33
33
34
33
33
34
33
33
34
33
33
34
33
33
34
33
33
34
33
33
34
33
33
34
33
33
34
33
33
34
33
33
34
33
33
34
33
33
34
33
33
34
33
33
34
33
33
34
33
33
34
33
33
34
33
33
34
33
33
34
33
33
34
33
33
34
33
33
34
33
33
34
33
33
34
33
33
34
33
33
34
33
33
34
35
37
39
40
42
44
45
47
49
50
50
50
50
50
50
50
50
50
50
50
50
50
50
50
50
50
50
50
50
50
50
50
50
50
50
50
50
50
50
50
50
50
50
50
50
50
50
50
50
50
50
50
50
50
50
50
50
50
50
50
50
50
50
50
50
50
50
50
50
50
50
50
50
50
50
50
50
50
50
50
50
50
50
50
50
50
50
50
50
50
50
50
50
50
50
50
50
50
50
50
50
50
50
50
50
50
50
50
50
50
50
50
50
50
50
50
50
50
50
50
50
50
50
50
50
50
50
50
