0
0
0
0
0
0
0
0
0
0
0
0
0
0
0
0
1
1
2
3
4
5
7
8
10
12
13
15
16
17
19
20
21
22
24
25
26
28
29
30
31
32
32
34
34
36
38
39
41
43
43
45
46
45
45
43
42
41
39
37
37
35
34
35
34
34
34
33
33
34
33
33
34
33
33
34
33
33
34
33
33
34
33
33
34
33
33
34
33
33
34
33
33
34
33
33
34
33
34
36
37
39
41
42
44
46
47
49
50
52
56
61
66
71
76
81
86
91
93
95
91
86
81
76
71
66
61
56
54
50
50
50
50
50
50
50
50
50
50
50
50
50
50
50
50
50
50
50
50
50
50
50
50
50
50
50
50
50
50
50
50
50
50
50
50
50
50
50
50
50
50
50
50
50
50
50
50
50
50
50
50
50
50
50
50
50
50
50
50
50
50
50
50
50
50
50
50
50
50
50
50
