0
0
0
0
0
0
0
0
0
0
0
0
0
0
0
0
0
0
0
0
0
0
0
0
0
0
0
0
0
0
0
0
0
0
0
0
0
0
0
0
0
0
0
0
0
0
0
0
0
0
0
0
0
0
0
0
0
0
0
0
0
0
0
0
0
0
0
0
0
0
0
0
0
0
0
0
0
0
1
2
2
3
4
6
7
8
10
12
13
14
16
18
19
20
21
23
25
26
27
29
30
30
32
32
33
34
33
33
34
33
33
34
33
33
34
33
33
34
33
33
34
33
33
34
33
33
34
33
33
34
33
33
34
33
33
34
33
33
34
33
33
34
33
33
34
33
33
34
33
33
34
33
33
34
33
33
34
33
33
34
33
33
34
33
33
34
33
33
34
33
33
34
33
33
34
33
33
34
33
33
34
33
33
34
33
33
34
33
33
34
33
33
34
33
33
34
33
33
34
33
33
