0
0
0
0
0
0
0
0
0
0
1
1
2
2
3
4
5
6
8
9
9
11
12
13
14
15
16
17
17
18
19
20
20
22
22
23
23
24
24
25
25
25
25
25
25
25
25
25
26
25
26
25
26
25
26
25
26
25
25
25
25
25
25
25
25
25
25
25
25
26
26
27
28
29
29
31
31
32
33
33
35
37
38
40
42
43
45
47
48
50
50
50
50
50
50
50
50
50
50
50
50
50
50
50
50
50
50
50
50
50
50
50
50
50
50
50
50
50
50
50
50
50
50
50
50
50
50
50
50
50
50
50
50
50
50
50
50
50
50
50
50
50
50
50
50
50
50
50
50
50
50
50
50
50
50
50
50
50
50
50
50
50
50
50
50
50
50
50
50
50
50
50
50
50
50
50
50
50
50
50
50
50
50
50
50
50
50
50
50
50
50
50
50
50
50
50
50
50
50
50
50
