0
0
0
0
0
0
0
0
0
0
0
0
0
0
0
0
0
0
0
0
0
0
0
0
0
0
1
1
1
2
3
3
4
5
6
7
7
8
9
9
10
11
11
11
12
12
13
13
14
14
14
15
15
16
16
16
16
17
16
17
17
16
17
17
16
17
17
16
17
17
16
17
17
16
17
17
16
17
17
16
17
17
16
17
17
16
17
17
17
17
17
17
17
17
17
17
17
17
16
17
17
16
17
17
16
17
17
16
17
17
16
17
17
17
18
18
18
20
20
21
22
23
23
24
24
26
27
27
29
29
30
31
32
32
34
33
33
34
33
33
34
33
33
34
33
33
35
36
38
40
41
43
45
46
48
50
50
50
50
50
50
50
50
50
50
50
50
50
50
50
50
50
50
50
50
50
50
50
50
50
50
50
50
50
50
50
50
50
50
50
50
50
50
50
50
50
50
50
50
50
50
50
50
50
50
50
50
50
50
50
50
50
50
50
50
50
50
50
50
50
50
50
50
50
50
50
50
50
50
50
50
50
50
50
50
50
50
50
50
50
50
50
50
50
50
50
50
50
50
50
50
50
50
50
50
50
50
50
50
50
50
50
50
50
50
50
50
50
50
50
50
50
50
50
50
50
50
50
50
50
50
50
50
50
50
50
50
50
50
50
50
50
50
50
50
50
50
50
50
50
50
50
50
50
50
50
50
50
50
50
50
50
50
50
50
50
50
50
50
50
