0
0
0
0
0
0
0
0
0
0
0
0
0
0
0
0
0
0
0
0
0
0
0
0
0
0
0
0
0
0
0
0
0
0
0
0
0
0
0
0
0
0
0
0
0
0
0
0
0
0
0
0
0
0
0
0
0
0
0
0
0
0
0
0
0
0
0
0
0
0
0
0
0
0
0
0
0
0
0
0
0
0
0
0
0
0
0
0
0
0
0
0
0
0
0
0
0
0
0
0
0
0
0
0
0
0
0
0
0
0
0
0
0
0
0
0
0
0
0
0
0
0
0
0
0
0
0
0
0
0
0
0
0
0
0
0
0
0
0
0
0
0
0
0
0
0
0
0
0
0
0
0
0
0
0
0
0
0
0
0
0
0
0
0
0
0
0
0
0
0
0
1
1
2
3
4
5
6
8
9
11
11
13
14
15
16
17
18
18
20
20
22
22
23
23
24
24
25
26
26
27
27
28
28
30
30
31
32
32
32
33
33
33
34
33
33
34
33
33
34
33
33
34
33
33
34
33
33
34
33
33
34
33
33
34
33
33
34
33
33
34
33
33
34
33
33
34
33
33
34
33
33
34
33
33
34
33
33
34
33
33
34
33
33
34
33
33
34
33
33
34
33
33
34
33
33
34
33
33
34
33
33
34
33
33
34
33
33
34
33
33
34
33
33
34
33
33
34
33
33
34
33
33
34
33
33
34
33
33
34
33
33
34
33
33
34
33
33
34
33
