0
0
0
0
0
0
0
0
0
0
0
0
0
0
0
0
0
0
0
0
1
1
2
3
4
5
6
7
8
10
10
12
12
13
14
15
16
17
18
18
19
20
21
22
22
23
23
24
24
25
25
25
26
26
28
28
29
30
31
31
33
33
33
34
33
33
34
33
33
34
33
33
34
33
33
34
33
33
34
33
33
34
33
33
34
33
33
34
33
33
34
33
33
34
33
33
34
33
33
34
33
33
34
33
33
34
33
33
34
33
33
34
33
33
34
33
33
34
33
33
34
33
33
34
33
33
34
33
33
34
33
33
34
33
33
34
33
33
33
32
31
31
29
29
28
27
26
26
25
25
25
25
25
25
25
25
25
25
25
25
25
25
25
25
25
25
25
25
25
25
25
25
25
25
25
25
25
25
25
24
25
24
25
24
25
24
24
24
24
24
23
23
22
22
21
21
21
20
20
20
20
20
20
20
20
20
20
19
19
19
18
18
18
17
17
17
16
17
17
16
17
17
16
17
17
16
17
17
16
17
17
16
17
17
16
17
17
16
17
17
16
17
17
16
17
17
16
17
17
16
17
17
16
17
17
16
17
17
16
17
17
16
17
17
16
17
17
16
17
17
16
17
17
16
17
17
16
17
17
16
17
17
16
17
17
16
17
17
16
17
17
16
17
17
16
17
17
16
17
17
16
17
17
16
17
17
16
17
17
16
17
17
16
17
17
16
17
17
16
17
