0
0
0
0
0
0
0
0
0
0
0
0
0
0
1
2
2
3
4
5
7
8
10
11
12
13
15
16
17
19
19
21
21
23
23
25
26
27
29
29
30
31
32
32
34
33
33
34
33
33
34
33
33
34
33
33
34
33
33
34
33
33
34
33
33
34
33
33
34
33
33
34
33
33
34
33
33
34
33
33
34
33
33
34
33
33
34
33
33
34
33
33
34
33
33
34
33
33
34
33
33
34
33
33
34
33
33
34
33
33
34
33
33
34
33
33
34
33
33
34
33
33
34
33
33
34
33
33
34
33
33
34
33
33
34
33
33
34
33
33
34
33
33
34
33
33
34
33
33
34
33
33
34
33
33
34
33
33
34
33
33
34
33
33
34
33
33
34
33
33
34
33
33
34
33
33
34
33
33
34
33
33
34
33
33
34
33
33
34
33
33
34
33
33
34
33
33
34
33
33
34
