0
0
0
0
0
0
0
0
0
0
0
0
0
0
0
0
0
0
0
0
0
0
0
0
0
0
0
1
1
2
2
3
3
4
5
6
7
7
8
8
9
9
11
11
11
12
12
12
13
13
14
14
13
14
14
14
14
14
14
14
14
14
15
14
14
14
14
14
14
14
13
14
13
13
14
14
14
15
15
16
17
17
18
20
20
21
22
24
25
26
28
29
30
31
32
33
35
36
38
40
41
43
45
46
48
49
50
50
50
50
50
50
50
50
50
50
50
50
50
50
50
50
50
50
50
50
50
50
50
50
50
50
50
50
50
50
50
50
50
50
50
50
50
50
50
50
50
50
50
50
50
50
50
50
50
50
50
50
50
50
50
50
50
50
50
50
50
50
50
50
50
50
50
50
50
50
50
50
50
50
50
50
50
50
50
50
50
50
50
50
50
50
50
50
50
50
50
50
50
50
50
