0
0
0
0
0
0
0
0
0
0
0
0
0
0
0
1
1
2
2
3
4
5
6
8
9
9
11
11
13
13
14
15
16
16
17
19
19
20
21
22
23
23
24
24
25
24
25
25
25
25
25
25
25
25
25
25
25
25
25
25
25
25
25
25
25
25
25
26
25
26
25
26
25
26
27
28
28
29
30
30
32
32
33
34
33
33
34
35
37
39
40
42
44
45
47
49
50
50
50
50
50
50
50
50
50
50
50
50
50
50
50
50
50
50
50
50
50
50
50
50
50
50
50
50
50
50
50
50
50
50
50
50
50
50
50
50
50
50
50
50
50
50
50
50
50
50
50
50
50
50
50
50
50
50
50
50
50
50
50
50
50
50
50
50
50
50
50
50
50
50
50
50
50
50
50
50
50
50
50
50
50
50
50
50
50
50
50
50
50
50
50
50
50
50
50
50
50
50
50
50
50
