0
0
0
0
0
0
0
0
0
0
0
0
0
0
0
0
0
0
0
0
1
1
2
3
4
5
7
8
10
12
13
15
16
18
19
21
21
23
24
26
27
28
30
30
31
32
33
34
35
36
38
40
41
43
45
46
48
49
49
47
45
44
42
40
39
37
35
34
33
33
34
33
33
34
33
33
34
33
33
34
33
33
34
33
33
34
33
33
34
33
33
34
33
33
34
33
33
34
33
33
34
35
37
39
40
42
44
45
47
49
50
50
50
50
50
52
57
62
67
72
77
78
78
78
78
76
71
66
61
56
51
50
50
50
50
50
50
50
50
50
50
50
50
50
50
50
50
50
50
50
50
50
50
50
50
50
50
50
50
50
50
50
50
50
50
50
50
50
50
50
50
50
50
50
50
50
50
50
50
50
50
50
50
50
50
50
50
50
50
50
50
50
50
50
50
50
50
50
50
50
50
