1
3
4
5
6
8
9
11
12
14
15
15
16
17
18
18
19
19
20
21
21
22
22
23
23
24
24
25
25
25
26
27
28
28
30
30
31
32
33
33
34
33
33
34
33
33
34
33
33
34
33
33
34
33
33
34
33
33
34
33
33
34
33
33
34
33
33
34
33
33
34
33
33
34
33
33
34
33
33
34
33
33
34
33
33
34
33
33
34
33
33
34
33
33
34
33
33
34
33
34
34
34
34
34
34
35
37
38
40
41
43
42
44
46
47
48
47
45
45
45
45
47
45
44
42
41
42
44
44
42
41
39
39
39
39
38
37
35
33
34
33
33
34
33
33
33
33
33
33
33
33
33
33
33
33
34
33
33
34
33
33
34
33
33
34
33
33
34
33
33
34
33
33
34
33
33
33
32
32
32
32
32
32
31
30
30
29
28
27
26
24
22
20
19
18
16
15
14
12
11
9
9
8
6
5
4
3
2
2
1
1
0
0
0
0
0
0
0
0
0
0
0
0
0
0
0
0
0
0
0
0
0
0
0
0
0
0
0
0
0
0
0
0
0
0
0
0
0
0
0
0
0
0
0
0
0
0
0
0
0
0
0
0
0
0
0
0
0
0
0
0
0
0
0
0
0
0
0
0
0
0
0
0
0
0
0
0
0
0
0
0
0
0
0
0
0
0
0
0
0
0
0
0
0
0
0
0
0
0
0
0
0
0
0
0
0
0
0
0
0
