129
129
130
130
130
130
130
129
129
130
130
131
130
129
127
126
128
128
128
129
128
129
129
130
129
130
128
129
130
129
129
129
130
131
134
136
137
139
140
142
143
144
144
144
145
146
150
153
155
157
158
159
161
160
161
161
165
168
170
173
175
176
178
177
178
181
182
185
186
188
191
64
76
90
103
116
125
134
141
148
153
161
169
176
182
188
64
81
95
112
124
135
145
154
161
169
177
184
64
84
100
116
129
140
151
163
174
184
64
83
100
114
130
144
157
170
179
187
64
85
105
124
140
153
166
176
188
64
86
106
125
139
153
168
182
64
88
108
127
145
162
176
190
64
87
107
126
145
162
176
188
64
88
110
133
152
170
185
64
88
109
130
148
167
181
64
88
111
133
154
171
187
64
89
110
132
153
171
185
64
90
113
136
157
173
189
64
89
111
134
154
172
188
64
90
113
135
155
175
189
64
89
113
136
156
175
64
91
114
134
157
176
191
64
90
114
135
158
178
64
92
118
139
157
176
64
93
117
140
159
176
64
92
118
139
159
178
64
93
120
142
163
179
64
90
115
140
160
178
64
91
115
139
160
180
64
92
116
139
160
180
64
93
117
138
158
177
64
91
118
140
160
179
64
92
118
142
163
182
64
94
120
142
164
182
64
90
116
141
164
183
64
91
116
139
161
179
64
92
117
139
160
179
64
91
117
139
159
178
64
92
117
140
161
179
64
93
118
142
163
182
64
94
119
142
162
182
64
90
117
141
163
182
64
93
117
141
164
183
64
91
116
137
161
180
64
93
119
142
162
179
64
93
120
142
162
179
64
91
117
142
163
180
64
91
117
140
161
180
64
92
117
140
163
181
64
93
118
142
162
183
64
94
118
140
159
178
64
93
119
141
162
181
64
94
120
143
164
183
64
92
119
143
164
183
64
92
117
140
161
182
64
91
117
141
163
184
64
92
119
143
162
183
64
94
120
143
162
181
64
94
120
144
165
182
64
93
118
143
164
182
64
90
117
140
163
182
64
93
118
139
162
182
64
91
118
141
162
183
64
94
118
142
162
179
64
94
119
141
162
181
64
92
119
142
164
182
64
91
118
142
163
181
64
93
117
141
163
183
64
93
117
141
164
183
64
93
120
142
163
