128
128
129
128
128
128
129
128
129
130
129
127
127
126
128
129
127
126
128
127
128
129
130
129
128
129
128
129
129
131
134
135
138
140
142
142
142
143
143
145
145
146
146
148
151
152
155
157
159
160
160
161
161
162
166
170
170
173
175
177
176
177
177
179
182
184
186
187
188
188
188
188
191
64
79
93
106
118
128
136
145
153
161
167
173
179
183
186
191
64
81
97
112
124
134
145
157
168
176
184
191
64
81
98
115
130
145
156
166
174
181
191
64
85
103
119
134
148
159
172
184
64
85
104
121
137
153
168
181
64
86
104
122
139
154
169
182
64
86
107
127
146
162
176
190
64
87
109
129
148
163
176
187
64
89
111
131
149
164
177
190
64
88
110
130
149
164
180
64
89
113
134
153
170
185
64
89
114
136
155
173
187
64
89
113
133
152
168
182
64
90
114
137
155
172
186
64
91
117
137
157
173
188
64
92
117
140
159
176
191
64
91
115
138
156
174
190
64
92
117
139
159
177
191
64
93
117
139
158
177
191
64
92
116
138
158
177
64
94
118
141
162
178
64
92
117
141
161
181
64
92
115
139
160
179
64
91
116
138
161
180
64
91
116
139
158
179
64
93
118
142
161
177
64
94
120
142
161
178
64
93
119
142
163
180
64
91
116
139
161
179
64
91
116
138
161
181
64
91
115
139
160
181
64
92
119
141
160
179
64
93
119
142
162
180
64
93
120
143
164
181
64
91
117
141
162
180
64
93
118
143
164
183
64
92
116
140
161
182
64
91
116
138
158
179
64
93
120
144
164
181
64
93
118
143
163
180
64
94
121
144
166
183
64
91
120
144
164
184
64
92
118
144
166
185
64
92
119
142
164
185
64
93
118
141
162
183
64
92
119
143
163
182
64
94
121
145
167
186
64
95
122
145
167
185
64
91
118
142
165
185
64
92
116
142
164
185
64
91
117
140
163
182
64
93
119
141
162
179
64
92
119
144
163
182
64
93
120
145
166
184
64
92
120
144
166
183
64
92
116
142
163
184
64
92
117
139
162
182
64
91
117
139
159
178
64
94
121
143
164
182
64
90
116
139
160
178
64
91
116
140
161
180
64
92
117
138
159
179
64
92
118
142
161
181
64
93
119
143
164
