153
174
64
96
123
148
172
64
96
123
149
172
64
96
124
149
171
64
94
121
148
172
64
96
123
150
172
64
95
122
149
173
64
94
123
148
172
64
94
122
147
169
191
64
95
124
148
170
64
95
122
148
171
64
94
122
149
173
64
94
121
146
168
188
64
94
122
147
169
189
64
95
123
148
172
64
95
124
148
171
64
94
121
146
169
189
64
96
123
149
172
64
94
122
149
172
191
64
94
122
148
171
64
94
121
146
168
189
64
96
124
149
172
64
94
121
148
172
191
64
94
121
148
172
64
96
125
151
173
64
94
122
148
172
64
94
123
148
171
64
95
123
149
170
64
96
123
149
171
64
96
123
150
172
64
94
121
147
171
64
96
125
149
172
64
96
125
151
174
64
94
123
148
172
64
94
122
148
170
64
96
124
150
174
64
96
123
149
171
191
64
94
123
149
173
64
96
123
148
171
191
64
95
122
148
171
191
64
96
123
150
171
64
95
124
149
173
64
95
122
149
171
191
64
95
124
150
173
64
94
123
148
172
191
64
94
122
148
171
64
94
121
148
171
64
95
123
148
170
190
64
94
121
148
170
191
64
95
123
150
171
64
94
122
149
172
64
95
124
148
171
191
64
95
122
149
173
64
96
123
150
171
191
64
96
124
150
172
64
94
123
150
172
64
95
124
150
172
64
96
123
148
172
191
64
96
124
150
173
64
95
124
150
174
64
94
121
146
169
189
64
96
124
149
172
64
94
123
149
172
191
64
96
124
148
172
64
96
125
150
172
64
95
122
148
171
190
64
95
123
150
172
64
94
123
150
172
64
96
123
148
172
64
96
123
149
170
191
64
96
124
148
172
64
95
122
148
172
64
96
124
149
171
64
96
124
150
174
64
95
122
149
171
191
64
94
122
147
170
64
95
123
148
172
191
64
95
124
149
172
64
95
123
150
171
191
64
94
122
147
171
64
95
123
149
170
190
64
95
123
149
170
64
96
123
148
171
64
95
122
147
169
191
64
95
124
150
172
64
96
123
148
171
191
64
94
123
149
171
190
64
95
124
150
174
64
94
121
148
171
64
95
124
148
172
64
94
123
148
172
64
94
122
147
169
191
64
95
123
150
172
64
96
123
149
171
64
96
124
149
