127
128
128
131
133
134
136
137
138
142
143
144
145
148
150
153
154
158
159
162
167
169
171
172
175
179
181
183
187
189
191
64
80
95
106
118
129
140
149
156
164
172
179
184
191
64
84
102
118
132
144
155
168
177
187
64
83
101
120
135
149
162
175
185
64
86
104
124
142
157
170
181
64
86
105
124
139
156
172
184
64
87
107
126
145
161
174
185
64
87
109
128
144
161
175
190
64
88
111
131
148
163
176
190
64
90
113
132
152
168
182
64
89
111
132
151
167
181
64
89
113
134
151
167
182
64
90
114
136
152
170
186
64
90
111
133
153
171
184
64
90
114
134
153
169
185
64
91
115
136
153
170
187
64
89
110
131
149
168
183
64
90
115
137
155
173
188
64
91
113
135
153
169
185
64
91
113
134
155
171
185
64
88
112
133
152
170
184
64
91
115
136
155
171
184
64
89
112
134
152
170
184
64
89
110
130
151
169
184
64
87
110
132
152
168
182
64
91
114
134
152
169
185
64
90
113
136
155
172
187
64
88
111
133
151
168
184
64
90
113
134
151
169
184
64
89
110
131
150
168
183
64
91
116
138
156
171
186
64
90
114
135
155
172
186
64
90
114
135
154
171
186
64
91
114
135
154
171
186
64
90
112
133
150
168
183
64
89
112
133
153
169
183
64
89
113
135
153
170
184
64
90
114
136
153
168
185
64
88
109
129
150
168
183
64
88
112
132
150
167
180
64
89
111
132
150
167
180
64
89
112
131
149
165
179
64
87
110
131
151
168
182
64
89
111
131
150
166
179
190
64
90
112
130
148
164
178
191
64
87
107
128
148
166
180
64
89
111
131
149
165
182
64
89
111
132
150
166
182
64
87
108
129
148
165
180
64
89
110
129
147
163
180
64
87
111
131
150
168
184
64
88
111
133
150
166
181
64
90
113
133
152
168
184
64
89
112
131
147
165
181
64
88
111
130
149
166
182
64
89
111
132
150
165
178
64
88
109
129
146
163
180
64
88
109
129
145
162
177
191
64
86
110
130
149
164
177
64
89
113
132
150
168
182
64
89
112
133
151
167
182
64
88
110
131
149
164
182
64
89
111
131
151
169
185
64
89
111
131
151
169
184
64
88
111
131
148
163
177
64
