127
127
126
125
125
126
125
125
124
125
127
127
127
128
129
130
130
131
130
131
130
129
129
129
128
128
127
128
129
133
135
138
140
141
143
145
146
146
148
149
150
149
150
154
158
160
163
165
165
165
165
165
167
168
170
173
176
177
179
180
182
184
184
187
64
78
92
105
116
126
134
141
150
158
164
171
177
182
187
191
64
82
99
115
129
141
150
160
171
179
186
64
84
100
115
128
142
154
166
177
184
64
82
100
118
135
151
162
175
184
64
86
106
124
139
155
168
179
188
64
88
109
127
144
159
170
184
64
88
110
130
145
160
176
190
64
88
109
127
143
162
178
64
88
108
129
147
164
180
64
90
111
132
150
167
185
64
88
112
133
152
169
187
64
89
111
133
151
170
186
64
90
113
133
152
171
189
64
89
113
133
153
172
190
64
91
114
135
154
174
64
90
116
139
158
174
191
64
92
116
137
155
172
190
64
91
115
136
155
172
189
64
91
115
137
155
174
64
91
117
140
160
178
64
94
119
142
163
181
64
91
117
140
161
179
64
90
113
136
158
176
64
92
116
137
160
179
64
92
118
140
159
180
64
91
117
139
158
176
64
94
120
143
161
178
64
94
120
143
164
183
64
92
118
141
162
180
64
91
115
141
163
182
64
91
116
137
157
177
64
93
118
140
159
176
64
91
116
139
159
175
190
64
94
119
141
161
179
64
93
118
141
160
177
64
90
116
140
162
181
64
90
114
138
159
178
64
92
117
139
160
178
64
92
117
137
158
177
64
93
117
139
159
178
64
92
118
141
162
181
64
93
118
142
162
180
64
91
118
142
162
180
64
90
113
138
159
178
64
91
116
138
159
179
64
92
116
137
156
175
64
92
119
141
161
179
64
92
117
140
161
180
64
93
119
144
163
180
64
90
116
141
161
180
64
90
114
140
161
179
64
91
115
136
159
177
64
93
119
140
158
180
64
94
120
143
163
180
64
93
120
143
162
181
64
89
116
140
159
177
64
90
113
137
159
178
64
92
118
139
161
181
64
91
115
137
156
177
64
91
117
138
157
175
191
64
92
116
139
159
177
64
89
115
139
160
178
64
89
114
138
159
178
64
92
114
137
157
177
64
90
116
136
155
174
191
64
90
116
139
