128
128
128
130
130
133
134
135
138
139
143
144
147
152
155
157
160
163
165
169
172
175
177
180
184
187
188
191
64
79
92
105
116
127
138
149
157
163
171
178
184
190
64
82
100
117
131
143
154
166
176
185
191
64
85
103
121
135
150
163
176
186
64
84
103
122
139
154
168
180
191
64
87
106
125
141
157
172
185
64
85
106
125
142
157
171
182
64
88
110
130
145
163
177
189
64
87
107
127
144
159
174
187
64
88
109
129
147
163
179
64
88
109
127
147
163
177
191
64
88
111
132
151
166
180
64
89
111
131
150
167
183
64
90
113
134
151
168
183
64
89
114
136
155
171
186
64
89
113
133
153
171
186
64
89
114
135
154
172
185
64
91
115
135
154
173
190
64
90
113
136
157
175
189
64
92
116
138
156
172
189
64
89
113
135
156
175
190
64
90
113
136
157
175
189
64
91
116
138
156
173
189
64
90
115
135
154
168
183
64
90
114
135
156
174
190
64
88
113
136
153
169
185
64
91
116
135
154
170
185
64
89
112
131
150
168
184
64
88
110
131
149
165
181
64
91
114
134
151
168
183
64
89
112
133
152
168
185
64
88
111
132
150
168
182
64
87
112
134
152
167
180
64
89
110
130
148
164
181
64
87
109
128
144
162
178
190
64
89
112
133
150
165
179
64
90
113
133
150
168
184
64
89
112
130
148
166
181
64
87
110
131
151
168
182
64
90
114
133
151
166
180
64
87
110
128
149
167
183
64
89
109
132
151
168
181
64
89
113
135
151
166
183
64
89
110
131
148
166
182
64
89
112
133
151
167
180
64
88
111
132
149
164
179
64
90
111
131
148
166
182
64
87
108
131
151
167
180
64
90
113
134
152
168
184
64
90
112
130
151
169
184
64
87
109
132
150
167
181
64
88
112
132
150
165
178
64
90
113
132
150
166
181
64
87
109
130
148
165
179
64
87
109
131
149
165
180
191
64
90
112
130
147
165
180
64
88
109
131
149
167
181
64
87
112
132
150
166
181
64
90
111
131
150
165
180
64
87
110
128
146
162
177
190
64
88
109
129
146
162
176
191
64
88
110
130
150
166
180
64
87
110
131
151
168
181
64
88
111
132
150
166
183
64
88
111
129
150
167
183
