128
129
127
128
128
129
130
131
129
128
127
127
128
128
128
127
126
127
127
127
127
126
127
128
127
128
129
129
128
129
129
129
133
134
135
137
140
141
143
143
145
147
148
149
151
150
152
155
156
158
159
159
160
163
163
165
169
173
175
179
182
182
183
185
187
190
64
80
95
106
116
127
136
148
155
163
171
177
183
189
64
84
101
117
129
140
152
162
170
180
189
64
83
100
117
129
140
153
166
177
185
64
82
99
115
131
147
159
172
183
64
83
104
124
139
155
168
178
187
64
87
107
127
142
156
170
183
64
89
110
130
145
161
178
64
88
112
131
147
161
176
190
64
89
111
132
148
167
184
64
88
110
131
150
167
185
64
88
112
133
150
170
187
64
89
113
135
154
172
189
64
91
115
134
154
173
190
64
89
114
135
154
175
190
64
92
116
136
156
175
191
64
92
117
137
155
175
64
91
116
138
156
173
64
91
116
138
159
177
191
64
93
117
140
159
175
190
64
92
118
140
159
176
191
64
92
119
141
161
178
64
92
119
141
163
181
64
92
118
142
162
179
64
90
114
140
161
180
64
92
116
137
158
177
64
91
117
138
158
179
64
91
117
140
160
179
64
94
120
143
164
182
64
93
120
143
164
183
64
90
118
140
161
181
64
91
115
140
161
179
64
91
114
135
158
178
64
93
119
142
162
181
64
93
118
140
159
178
64
94
120
141
160
177
64
92
118
140
162
181
64
91
117
142
163
180
64
91
115
139
162
180
64
92
117
139
160
181
64
92
116
138
157
177
64
92
117
140
158
177
64
93
120
143
163
181
64
90
112
137
158
177
64
91
114
135
158
178
64
93
118
138
158
179
64
92
118
141
159
175
64
94
119
142
163
180
64
94
121
143
162
180
64
90
117
140
160
180
64
90
114
138
160
179
64
90
116
138
160
179
64
93
118
140
158
177
64
92
118
140
158
175
64
94
119
142
162
180
64
94
121
143
163
180
64
91
117
142
162
179
64
90
115
141
162
182
64
91
114
136
155
174
64
93
117
138
157
174
64
93
119
142
163
180
64
93
119
141
162
181
64
91
117
139
160
180
64
90
115
140
162
182
64
91
116
138
160
181
64
93
116
137
156
176
64
92
116
138
159
175
