0
0
0
0
0
0
0
0
0
0
0
1
1
2
3
4
5
6
8
9
10
11
12
13
14
14
15
16
15
16
17
17
18
18
18
19
19
19
20
20
20
20
20
20
20
20
20
20
20
20
20
20
20
20
20
20
20
20
20
20
20
20
20
20
20
20
20
20
20
20
20
20
20
20
20
20
20
20
20
20
20
20
20
20
20
20
20
20
20
20
20
20
20
20
20
20
20
20
20
20
20
20
20
20
21
21
21
21
21
21
21
21
21
22
21
21
21
21
21
21
21
21
22
21
21
21
21
21
21
21
21
21
20
20
20
20
20
20
20
20
20
20
20
21
21
21
21
21
21
21
21
21
21
20
20
20
20
21
21
21
21
21
21
21
21
21
21
20
20
20
21
21
21
21
21
21
21
21
21
21
20
20
20
20
20
20
20
20
20
20
20
20
20
20
20
20
20
20
20
20
20
20
20
20
20
20
21
21
21
21
21
21
21
21
21
21
21
21
21
21
21
21
21
21
21
21
20
20
20
20
20
20
20
21
21
21
21
21
21
21
21
21
22
21
21
21
21
21
21
21
22
22
21
21
21
21
22
22
22
22
21
21
21
21
21
21
20
20
20
20
20
20
20
20
20
20
20
20
20
20
20
20
20
20
20
20
20
20
20
20
20
19
19
19
19
18
18
18
17
17
17
17
17
17
16
17
17
16
17
17
16
17
17
16
17
17
16
17
17
16
17
17
16
17
17
16
16
16
15
16
15
15
15
15
14
14
15
14
15
14
15
14
15
14
15
15
14
15
14
15
14
15
14
15
15
15
16
16
16
16
16
16
16
16
15
16
16
15
16
15
16
16
16
16
17
16
16
17
16
17
17
16
17
16
16
16
16
15
15
15
15
15
14
15
15
15
15
15
16
15
15
15
15
15
14
15
14
15
14
15
14
15
15
15
15
15
16
15
16
15
16
15
16
15
16
16
15
16
16
16
16
17
16
17
16
16
17
16
16
17
16
16
17
16
17
17
16
17
17
16
17
17
16
17
16
16
17
16
16
17
16
16
17
16
17
17
16
17
17
16
17
17
16
17
17
16
17
17
16
17
17
16
17
16
16
16
16
16
16
16
15
16
16
16
16
17
16
16
16
16
17
16
16
17
16
16
17
16
17
16
16
17
16
16
17
16
16
17
16
17
17
16
17
17
16
17
16
16
16
16
16
16
16
15
16
16
16
16
17
16
16
17
16
17
17
16
17
17
16
17
16
16
17
16
16
16
16
16
16
16
16
16
16
16
16
16
16
16
16
16
16
16
16
16
16
17
16
16
17
16
17
17
16
17
16
16
17
16
16
16
16
16
16
16
17
16
16
17
16
16
16
16
16
16
16
16
16
15
16
16
16
15
16
16
15
16
16
16
16
16
16
16
16
15
16
15
15
16
15
16
16
16
16
16
16
16
16
15
16
16
15
16
16
16
16
17
16
17
17
16
17
17
16
17
17
16
17
16
16
17
16
16
16
16
15
16
16
16
16
15
16
16
16
16
17
16
16
17
16
17
16
16
17
16
16
17
16
16
16
16
17
16
16
16
16
16
16
16
16
16
15
16
15
16
16
15
16
15
16
15
16
15
16
15
15
15
15
15
15
16
15
16
16
16
16
17
16
17
17
16
17
16
16
17
16
16
17
16
16
17
16
17
16
16
17
16
16
16
16
15
16
16
16
16
16
16
16
17
16
17
16
16
17
16
16
17
16
16
17
16
17
17
16
17
16
16
17
16
16
17
16
16
16
16
17
16
16
17
16
16
16
16
17
16
16
17
16
16
17
16
17
17
16
17
17
16
17
17
16
17
17
16
17
16
16
16
16
16
16
16
15
16
16
16
16
16
16
16
16
16
16
16
16
16
16
16
16
15
16
15
16
15
15
15
15
15
15
15
15
15
14
15
15
15
15
15
15
15
15
15
16
15
15
15
15
15
15
15
15
15
15
15
15
15
15
15
15
16
15
16
16
16
16
17
16
17
16
16
17
16
16
17
16
16
17
16
17
16
16
17
16
16
17
16
16
17
16
17
16
16
16
16
15
16
16
15
16
16
16
15
16
15
16
15
15
16
15
15
15
16
16
16
16
17
16
16
17
16
17
16
16
17
16
16
17
16
16
17
16
17
17
16
17
17
16
17
17
16
17
17
16
17
17
16
17
17
16
17
17
16
17
17
16
17
17
16
17
17
16
17
17
16
17
17
16
17
16
16
16
16
15
16
15
15
16
15
16
15
16
15
