1
2
3
5
8
10
13
16
19
23
25
27
30
31
31
33
33
33
34
33
33
34
33
33
34
33
33
34
33
33
34
33
34
35
34
34
35
34
35
36
35
36
35
35
36
37
37
38
37
37
37
37
38
38
37
36
36
35
35
35
35
35
34
33
34
34
33
34
34
34
34
33
34
34
34
35
35
34
35
34
34
35
34
34
34
33
34
34
33
34
34
33
34
34
33
34
33
33
34
33
34
34
34
34
34
34
34
34
34
34
33
34
34
34
35
35
35
35
35
35
35
35
34
35
34
33
34
35
34
35
35
34
35
34
34
35
34
34
34
33
34
34
33
34
34
34
34
33
34
34
33
34
34
33
34
33
33
34
33
33
34
33
33
34
33
33
34
33
33
34
33
33
34
33
33
34
33
34
34
34
34
35
34
35
35
34
35
34
34
34
34
34
34
33
34
34
33
34
34
34
34
34
34
35
34
35
35
34
35
34
35
34
35
34
34
34
34
34
34
35
34
34
34
34
34
34
34
34
34
33
33
34
34
34
35
34
35
35
35
35
35
35
34
34
34
34
34
34
34
34
35
34
34
35
34
35
34
35
34
34
34
34
34
34
34
33
34
33
33
34
33
33
34
33
33
34
33
33
34
33
33
34
33
33
34
33
33
34
33
33
34
33
33
34
33
33
34
33
33
34
33
33
34
33
33
34
33
33
34
33
33
34
33
33
34
33
33
34
33
33
34
33
33
34
33
33
34
33
33
34
33
33
34
33
33
34
33
33
34
33
33
34
33
33
34
33
33
34
33
33
34
33
33
34
33
33
34
33
33
34
33
33
34
33
33
34
33
33
34
33
33
34
33
33
34
33
33
34
33
33
34
33
33
34
33
33
34
33
33
34
33
33
34
33
33
34
33
33
34
33
33
34
33
33
34
33
33
34
33
33
34
33
33
34
33
33
34
33
33
34
33
33
34
33
33
34
33
33
34
33
33
34
33
33
34
33
33
34
33
34
34
33
34
34
33
34
34
33
34
33
33
34
33
34
34
34
34
34
34
34
34
34
34
33
34
33
34
34
34
34
34
34
34
34
34
34
34
34
33
34
34
33
34
34
33
34
33
34
34
34
34
35
34
34
35
34
34
34
34
34
34
33
34
34
33
34
34
33
34
33
33
34
33
33
34
33
33
34
33
33
34
33
33
34
33
33
34
33
33
34
33
33
34
33
33
34
33
33
34
33
33
34
33
33
34
33
33
34
33
33
34
33
33
34
33
33
34
33
33
34
33
33
34
33
33
34
33
33
34
33
33
34
33
33
34
33
33
34
33
33
34
33
33
34
33
33
34
33
33
34
33
33
34
33
33
34
33
33
34
33
33
34
33
33
34
33
33
34
33
33
34
33
33
34
33
33
34
33
33
34
33
33
34
33
34
34
33
34
34
33
34
34
33
34
33
33
34
33
33
34
33
33
34
33
33
34
33
33
34
33
33
34
33
33
34
33
33
34
33
33
34
33
33
34
33
33
34
33
33
34
33
33
34
33
33
34
33
33
34
33
33
34
33
33
34
33
33
34
33
33
34
33
33
34
33
33
34
33
33
34
33
33
34
33
33
34
33
33
34
33
33
34
33
33
34
33
33
34
33
33
34
33
33
34
33
33
34
33
33
34
33
33
34
33
33
34
33
33
34
33
34
34
33
34
34
33
34
34
33
34
33
33
34
33
34
34
34
34
34
34
34
34
34
34
33
34
33
34
34
34
34
35
34
34
35
34
34
34
34
33
34
33
34
34
33
34
34
33
34
34
34
34
33
34
34
33
34
35
34
35
34
35
35
35
35
36
35
35
35
34
35
34
35
34
34
34
34
33
34
34
33
34
33
33
34
33
33
34
33
33
34
33
33
34
33
33
34
33
33
34
33
33
34
33
33
34
33
33
34
33
33
34
33
33
34
33
33
34
33
33
34
33
33
34
33
33
34
33
33
34
33
33
34
33
33
34
33
33
34
33
33
34
33
33
34
33
33
34
33
33
34
33
33
34
33
33
34
33
33
34
33
33
34
33
33
34
33
33
34
33
33
34
33
33
34
33
33
34
33
33
34
33
33
34
33
33
34
33
33
34
33
33
34
33
33
34
33
33
34
33
33
34
33
33
34
33
33
34
33
33
34
33
33
34
33
33
34
33
33
34
33
33
34
33
33
34
33
33
34
33
33
34
33
33
34
33
33
34
33
33
34
33
33
34
33
33
34
33
33
34
33
33
34
33
33
34
33
33
34
33
