128
128
129
128
128
128
129
128
129
130
129
127
127
126
128
129
127
126
128
127
128
129
130
129
128
129
128
129
129
131
134
135
138
140
142
142
142
143
143
145
145
146
146
148
151
152
155
157
159
160
160
161
161
162
166
170
170
173
175
177
176
177
177
179
182
184
186
187
188
188
188
188
191
64
79
93
106
118
128
136
145
153
161
167
173
179
183
186
191
64
81
97
112
124
134
145
157
168
176
184
191
64
81
98
115
130
145
156
166
174
181
191
64
85
103
119
134
148
159
172
184
64
85
104
121
137
153
168
181
64
86
104
122
139
154
169
182
64
86
107
127
146
162
176
190
64
87
109
129
148
163
176
187
64
89
111
131
149
164
177
190
64
88
110
130
149
164
180
64
89
113
134
153
170
185
64
89
114
136
155
173
187
64
89
113
133
152
168
182
64
90
114
137
155
172
186
64
91
117
137
157
173
188
64
92
117
140
159
176
191
64
91
115
138
156
174
190
64
92
117
139
159
177
191
64
93
117
139
158
177
191
64
92
116
138
158
177
64
94
118
141
162
178
64
92
117
141
161
181
64
92
115
139
160
179
64
91
116
138
161
180
64
91
116
139
158
179
64
93
118
142
161
177
64
94
120
142
161
178
64
93
119
142
163
180
64
91
116
139
161
179
64
91
116
138
161
181
64
91
115
139
160
181
64
92
119
141
160
179
64
93
119
142
162
180
64
93
120
143
164
181
64
91
115
139
160
178
64
93
118
140
162
182
64
92
116
140
159
177
64
91
116
138
159
177
64
90
118
142
163
180
64
91
114
139
160
178
64
91
117
138
158
177
64
92
118
140
159
177
64
92
119
143
164
181
64
90
115
140
160
180
64
91
115
137
157
176
64
90
116
139
158
176
190
64
92
118
141
161
178
64
91
115
139
159
178
64
90
114
136
158
176
64
90
115
136
156
173
189
64
91
116
137
155
172
187
64
91
115
137
155
174
190
64
93
118
140
160
178
64
89
112
136
157
175
191
64
89
112
135
156
175
64
91
115
136
156
175
64
92
115
137
155
173
64
92
118
141
159
177
64
92
116
138
157
175
189
64
92
118
140
159
177
64
90
116
139
158
177
64
91
116
141
161
179
64
91
117
139
162
180
64
92
116
139
159
180
64
93
118
142
161
179
64
93
118
141
160
178
64
94
121
144
163
182
64
90
117
142
163
181
64
91
117
142
165
184
64
92
118
140
162
181
64
91
116
139
159
180
64
92
118
141
161
179
64
93
118
140
162
181
64
92
120
145
165
184
64
90
117
140
160
181
64
93
119
144
167
187
64
91
118
143
165
184
64
91
118
143
167
185
64
93
118
140
163
182
64
92
119
143
167
188
64
93
121
143
165
187
64
93
119
142
164
185
64
93
120
143
163
186
64
93
122
145
166
187
64
95
122
145
168
186
64
94
120
145
167
187
64
96
125
148
170
188
64
94
121
147
169
189
64
95
123
148
170
190
64
94
123
148
169
190
64
96
124
149
172
64
95
125
152
173
64
94
121
149
173
64
95
123
148
172
64
95
124
150
171
64
97
124
151
173
64
95
124
149
172
64
93
120
147
171
191
64
96
122
150
174
64
94
121
145
169
190
64
96
123
147
172
64
97
125
151
175
64
96
125
151
174
64
98
128
153
175
64
94
123
149
173
64
94
122
150
173
64
96
125
150
175
64
96
124
150
173
64
96
126
152
176
64
98
129
154
177
64
94
124
152
175
64
94
124
153
178
64
97
126
152
177
64
97
127
152
176
64
96
127
152
175
64
94
123
150
173
64
96
125
152
176
64
97
124
151
174
64
95
124
150
173
64
96
125
150
175
64
95
125
153
176
64
95
124
153
178
64
97
125
150
176
64
95
124
150
172
64
98
128
153
176
64
98
129
156
178
64
95
125
151
174
64
95
123
152
175
64
96
124
150
175
64
97
126
151
173
64
98
127
153
177
64
98
127
154
177
64
96
128
156
178
64
96
123
151
177
64
95
123
150
174
64
96
124
151
174
64
97
126
153
177
64
96
126
152
176
64
94
126
154
177
64
96
125
152
177
64
95
123
148
175
64
98
128
153
176
64
96
126
151
176
64
97
127
154
178
64
95
127
153
177
64
96
124
151
177
64
97
127
152
178
64
97
127
153
175
64
96
125
153
177
64
98
127
154
176
64
95
125
152
175
64
96
124
152
177
64
97
126
152
178
64
98
127
152
174
64
97
126
152
174
64
99
129
156
179
64
94
125
152
177
64
96
125
153
178
64
96
126
153
178
64
97
127
154
177
64
96
127
154
177
64
97
126
153
177
64
96
128
154
179
64
96
125
154
178
64
95
126
150
175
64
96
126
151
175
64
97
126
154
176
64
99
128
156
180
64
97
127
156
180
64
97
127
155
180
64
95
126
152
177
64
98
128
155
177
64
97
126
154
177
64
99
129
156
179
64
96
125
154
178
64
95
124
153
178
64
97
126
152
176
64
97
125
151
173
64
96
127
153
176
64
98
127
154
179
64
96
127
155
178
64
95
125
152
178
64
96
124
150
175
64
97
126
152
176
64
96
127
153
175
64
99
128
154
176
64
95
127
154
177
64
97
125
154
178
64
95
126
151
177
64
97
126
153
175
64
96
127
155
178
64
98
128
155
178
64
97
127
155
178
64
97
125
153
178
64
95
125
151
175
64
98
126
153
175
64
97
126
152
175
64
95
127
153
178
64
96
123
152
175
64
95
123
150
174
64
96
126
151
174
64
96
125
150
174
64
98
127
154
176
64
96
123
150
175
64
95
123
150
176
64
97
127
154
177
64
96
126
153
176
64
97
126
154
177
64
94
122
149
174
64
96
123
148
174
64
97
125
151
175
64
97
125
150
174
64
97
126
152
175
64
95
126
153
178
64
95
123
151
177
64
96
126
152
176
64
96
124
150
172
64
97
127
152
175
64
97
128
154
177
64
94
124
150
173
64
96
123
148
172
64
97
126
150
172
64
96
126
153
175
64
94
125
151
176
64
95
123
149
173
64
97
125
150
173
64
97
126
150
172
191
64
95
124
149
172
64
96
124
150
173
64
95
125
152
176
64
96
125
153
178
64
96
125
151
176
64
97
127
153
176
64
96
124
149
171
64
96
125
150
173
64
94
124
151
175
64
94
124
151
176
64
97
125
149
174
64
96
124
151
173
64
96
127
153
177
64
94
125
152
175
64
95
123
150
175
64
97
125
150
175
64
95
125
150
172
64
98
128
154
177
64
96
126
152
176
64
96
125
152
175
64
95
122
150
174
64
96
124
148
170
64
97
126
151
174
64
96
126
151
176
64
95
126
152
176
64
96
125
153
178
64
95
125
149
175
64
96
124
151
175
64
96
126
151
176
64
97
126
152
174
64
95
125
151
175
64
96
125
152
176
64
97
127
153
179
64
96
127
154
175
64
96
125
151
174
64
96
128
155
179
64
94
124
151
177
64
96
125
152
178
64
97
125
150
174
64
98
128
153
176
64
96
127
152
176
64
96
128
153
177
64
96
126
154
179
64
96
123
152
176
64
97
125
152
178
64
98
126
152
176
64
96
126
153
178
64
97
128
155
179
64
95
127
153
178
64
97
124
152
177
64
95
124
151
177
64
96
125
151
174
64
96
125
152
176
64
97
127
154
177
64
94
123
151
175
64
96
124
150
176
64
96
126
152
175
64
97
126
152
176
64
95
125
153
175
64
96
123
147
171
64
97
125
151
174
64
95
124
150
174
64
97
127
154
178
64
96
125
152
176
64
94
123
152
176
64
96
125
150
174
64
95
125
151
173
64
98
127
152
175
64
98
128
154
177
64
94
126
154
176
64
95
123
152
177
64
97
125
150
176
64
96
125
151
173
64
96
126
152
174
64
98
129
155
177
64
95
126
154
179
64
96
124
153
178
64
95
124
150
176
64
98
126
153
176
64
97
126
151
175
64
96
125
151
174
64
94
123
149
175
64
97
124
149
175
64
95
124
151
174
64
97
125
151
175
64
94
124
150
173
64
95
124
153
178
64
96
124
149
173
64
97
127
153
176
64
97
125
150
173
64
96
125
151
173
64
94
125
152
176
64
96
124
153
178
64
95
124
149
176
64
95
125
151
175
64
97
126
152
175
64
97
126
154
177
64
94
124
151
175
64
95
122
149
173
64
95
125
150
174
64
97
126
151
173
64
97
126
152
176
64
96
126
152
174
64
95
127
155
179
64
96
124
151
175
64
95
125
150
176
64
98
127
154
178
64
96
127
152
175
64
97
128
154
179
64
96
126
152
176
64
95
124
150
176
64
95
124
151
173
64
98
127
152
174
64
97
128
155
177
64
94
126
152
176
64
95
124
152
176
64
97
127
151
177
64
97
126
151
173
64
97
128
153
177
64
97
126
153
178
64
96
127
155
180
64
96
124
151
176
64
97
127
152
174
64
97
125
151
174
64
96
126
152
176
64
96
126
154
177
64
94
123
152
176
64
95
125
151
176
64
96
127
153
176
64
96
125
151
174
64
98
129
157
180
64
95
127
153
177
64
95
124
152
177
64
96
125
152
173
64
96
125
152
175
64
97
128
155
179
64
96
127
154
177
64
95
125
149
173
64
97
127
152
174
64
96
127
151
173
64
97
128
153
175
64
95
126
153
176
64
95
124
152
177
64
95
123
149
173
64
96
126
153
176
64
97
126
151
173
64
97
127
153
176
64
94
125
152
177
64
95
123
150
175
64
96
125
151
174
64
97
128
153
176
64
98
129
154
178
64
94
125
153
177
64
94
122
150
174
64
95
124
149
174
64
96
125
150
172
64
96
125
152
176
64
98
129
156
180
64
94
124
152
176
64
96
123
150
176
64
95
124
149
173
64
95
126
151
173
64
98
127
154
176
64
98
127
153
177
64
96
128
156
180
64
95
123
150
174
64
97
127
152
176
64
97
126
152
175
64
98
128
153
177
64
95
126
152
176
64
94
123
151
175
64
96
126
150
175
64
95
125
152
173
64
96
126
151
175
64
94
124
150
174
64
94
123
151
176
64
96
125
152
175
64
96
124
151
175
64
96
125
152
174
64
98
128
154
177
64
