128
128
128
130
130
133
134
135
138
139
143
144
147
152
155
157
160
163
165
169
172
175
177
180
184
187
188
191
64
79
92
105
116
127
138
149
157
163
171
178
184
190
64
82
100
117
131
143
154
166
176
185
191
64
85
103
121
135
150
163
176
186
64
84
103
122
139
154
168
180
191
64
87
106
125
141
157
172
185
64
85
106
125
142
157
171
182
64
88
110
130
145
163
177
189
64
87
107
127
144
159
174
187
64
88
109
129
147
163
179
64
88
109
127
147
163
177
191
64
88
111
132
151
166
180
64
89
111
131
150
167
183
64
90
113
134
151
168
183
64
89
114
136
155
171
186
64
89
113
133
153
171
186
64
89
114
135
154
172
185
64
91
115
135
154
173
190
64
90
113
136
157
175
189
64
92
116
138
156
172
189
64
89
113
135
156
175
190
64
90
113
136
157
175
189
64
91
116
138
156
173
189
64
90
115
135
154
168
183
64
90
114
135
156
174
190
64
88
113
136
153
169
185
64
91
116
135
154
170
185
64
89
112
131
150
168
184
64
88
110
131
149
165
181
64
91
114
134
151
168
183
64
89
112
133
152
168
185
64
88
111
132
150
168
182
64
87
112
134
152
167
180
64
89
110
130
148
164
181
64
87
109
128
144
162
178
190
64
89
112
133
150
165
179
64
90
113
133
150
168
184
64
89
112
130
148
166
181
64
87
108
129
149
166
181
64
88
112
132
150
165
178
189
64
88
109
130
148
164
179
64
87
110
130
148
163
178
191
64
88
108
129
147
163
177
188
64
88
112
132
148
164
178
64
88
109
127
144
157
173
186
64
86
106
126
145
160
174
187
64
88
111
129
145
162
176
188
64
89
110
129
147
161
176
190
64
88
108
126
145
162
176
190
64
87
110
130
148
162
175
186
64
88
110
128
144
158
175
189
64
87
107
126
145
160
175
189
64
87
108
128
145
160
174
186
64
89
110
130
148
163
177
190
64
87
109
128
146
164
177
191
64
87
110
132
150
166
180
64
90
113
132
150
166
180
64
88
109
130
146
163
178
64
88
109
129
146
163
177
191
64
89
111
132
151
167
183
64
87
110
130
149
165
181
64
89
112
132
151
167
183
64
91
113
133
152
167
185
64
91
114
134
151
170
186
64
88
111
132
152
170
187
64
88
110
132
153
169
184
64
90
114
136
154
172
189
64
91
115
136
156
173
189
64
92
116
138
158
174
190
64
90
115
138
157
176
191
64
90
113
135
155
173
189
64
91
114
137
157
175
191
64
91
115
136
157
176
191
64
91
117
138
157
173
188
64
91
117
140
160
177
64
91
117
139
159
176
64
92
117
140
159
175
191
64
92
116
138
157
177
64
91
115
136
155
174
189
64
91
115
137
158
176
64
92
117
137
158
177
64
92
116
136
157
177
64
90
113
134
155
173
190
64
92
115
138
158
175
64
90
115
137
158
177
64
91
115
139
159
177
64
91
114
136
158
177
64
92
115
138
160
177
64
91
116
138
158
175
190
64
90
116
140
159
177
64
90
117
141
162
179
64
91
117
141
161
178
64
89
115
137
157
175
190
64
92
116
139
159
176
64
92
118
141
160
179
64
92
116
139
160
178
64
92
117
140
161
179
64
92
118
140
160
176
64
92
118
140
159
176
64
91
116
140
160
177
64
91
117
141
162
178
64
93
118
141
159
176
64
92
117
141
161
178
64
91
115
139
158
177
64
91
118
139
159
178
64
93
119
141
160
179
64
91
116
138
159
177
64
92
117
139
158
176
191
64
92
116
139
160
177
64
93
117
140
159
176
64
93
118
141
161
178
64
91
115
137
156
175
191
64
92
116
138
156
177
64
92
116
138
157
177
64
91
117
140
160
178
64
90
115
137
156
175
64
91
117
139
159
179
64
90
115
136
157
176
64
92
117
138
158
178
64
90
116
139
158
178
64
92
118
140
158
177
64
92
117
139
157
175
64
90
115
136
156
176
64
91
115
137
158
177
64
91
115
137
157
175
64
92
118
139
158
178
64
91
116
137
157
176
64
91
117
138
157
176
64
91
116
138
157
177
64
92
118
141
161
179
64
92
117
140
160
178
64
91
116
138
157
177
64
90
116
138
158
178
64
92
116
139
157
177
64
90
115
138
157
177
64
90
115
138
157
175
64
92
116
138
157
176
64
90
114
137
157
175
64
92
118
141
159
177
64
90
116
139
160
178
64
92
117
139
159
177
64
90
115
138
158
176
64
90
116
137
157
175
64
90
115
137
158
176
64
91
116
139
159
178
64
91
116
137
156
176
64
90
116
139
158
178
64
90
114
137
156
174
64
92
116
137
156
175
64
91
117
138
158
177
64
92
117
138
158
176
64
90
114
136
157
177
64
92
118
140
158
177
64
92
117
138
157
178
64
90
114
135
156
175
64
91
117
140
159
179
64
90
114
136
156
176
64
91
117
140
160
180
64
92
118
139
159
178
64
92
116
139
157
176
64
90
114
137
158
177
64
92
117
138
157
176
64
90
115
136
155
175
64
91
115
137
156
174
64
92
118
140
158
176
64
91
115
138
159
178
64
91
115
138
159
179
64
90
116
138
159
177
64
90
114
135
155
176
64
92
118
140
158
177
64
92
116
139
157
176
64
91
117
140
158
178
64
92
117
138
158
177
64
90
116
139
158
176
64
92
116
139
158
178
64
92
118
141
161
180
64
90
114
135
154
175
191
64
92
115
137
157
175
64
92
117
140
162
179
64
90
114
136
158
177
64
90
116
137
159
177
64
90
116
136
158
175
191
64
90
115
137
159
179
64
90
114
138
157
176
64
90
114
137
157
177
64
90
114
139
158
176
191
64
91
118
140
159
178
64
91
117
140
160
178
64
89
115
137
159
178
64
90
115
138
158
177
64
91
116
140
160
178
64
90
115
138
158
177
64
90
117
139
160
177
64
90
117
140
160
177
64
89
116
140
160
177
64
91
116
138
158
175
191
64
91
117
138
157
175
191
64
91
115
138
157
175
64
92
118
141
161
179
64
91
115
137
157
175
191
64
92
118
140
158
177
64
90
115
138
159
177
64
91
116
137
158
177
64
90
116
138
159
177
64
91
116
139
158
178
64
92
116
137
156
176
64
91
117
138
156
176
64
91
116
138
159
179
64
91
117
138
157
178
64
90
114
137
157
176
64
90
115
136
157
175
191
64
91
116
138
159
178
64
92
117
138
159
178
64
91
116
137
159
179
64
92
115
138
159
179
64
91
116
137
157
176
64
90
116
138
160
180
64
92
115
138
160
180
64
91
115
135
157
176
191
64
91
116
140
161
178
64
92
117
139
159
178
64
91
116
139
160
178
64
91
116
138
158
175
64
90
113
137
159
177
64
90
113
138
157
177
64
91
116
140
161
178
64
90
115
138
160
179
64
90
113
138
158
177
64
92
117
140
161
179
64
91
114
138
160
179
64
90
113
136
158
177
64
92
115
137
157
177
64
91
116
138
158
175
64
91
114
137
158
178
64
91
116
140
161
179
64
90
115
139
159
177
64
91
115
137
158
178
64
92
117
141
161
180
64
91
115
139
160
178
64
90
113
138
158
177
64
92
116
138
159
177
64
91
115
138
158
177
64
91
114
137
159
177
64
92
117
141
162
180
64
92
116
140
160
177
64
90
113
137
158
175
190
64
89
115
139
160
177
64
91
117
140
159
176
64
89
115
137
157
175
191
64
91
116
139
158
175
191
64
92
117
138
158
176
64
91
116
138
158
175
64
92
116
138
158
175
64
92
116
138
158
175
64
93
117
140
160
176
64
92
116
137
158
175
64
91
117
138
157
175
64
92
116
138
159
175
64
93
117
139
160
177
64
92
118
141
160
179
64
92
118
140
161
179
64
93
119
142
162
180
64
93
117
139
160
177
64
91
116
138
157
175
64
93
119
142
162
179
64
92
116
137
156
173
189
64
90
114
135
156
175
64
91
115
137
158
178
64
92
117
138
156
176
64
92
116
137
156
175
191
64
92
117
138
158
177
64
92
115
137
158
178
64
91
115
136
159
178
64
91
116
138
159
179
64
92
117
139
161
179
64
90
115
135
158
177
64
91
117
139
161
179
64
90
114
135
157
175
64
90
115
135
157
176
64
90
114
135
156
175
64
91
117
139
161
179
64
91
116
137
158
178
64
92
117
139
161
180
64
92
117
139
161
180
64
90
114
136
156
176
64
92
116
138
158
176
64
92
116
138
160
180
64
92
117
140
160
177
64
91
117
137
158
176
64
90
114
135
156
176
64
92
116
139
160
180
64
90
114
137
157
176
191
64
91
116
140
161
179
64
90
114
137
156
175
64
92
117
140
160
178
64
91
115
139
159
177
64
91
115
138
160
179
64
92
117
141
161
178
64
92
116
139
159
178
64
91
116
139
160
179
64
91
114
137
157
176
64
91
114
136
157
176
191
64
89
116
140
160
177
64
91
117
139
160
179
64
89
115
139
160
177
64
90
117
139
158
177
64
90
115
138
160
177
64
91
117
141
161
178
64
91
118
140
161
178
64
89
114
138
159
177
64
90
115
137
157
176
191
64
93
117
141
162
179
64
91
118
140
161
177
64
92
116
140
160
177
191
64
93
117
139
159
177
64
92
118
141
160
179
64
92
117
139
159
177
64
93
118
141
161
179
64
92
116
137
157
176
64
92
118
139
160
177
64
93
118
139
159
177
64
91
115
138
158
177
64
91
116
139
159
175
64
91
115
136
157
174
190
64
91
115
138
159
177
64
92
118
139
159
179
64
91
115
136
157
177
64
90
116
138
158
176
64
91
115
137
158
178
64
91
116
138
157
177
64
92
116
138
156
177
64
91
116
139
158
177
64
91
117
140
160
178
64
90
115
138
159
177
64
92
116
138
158
177
64
90
116
139
160
180
64
92
116
137
156
176
64
90
115
137
156
174
191
64
91
116
138
158
176
64
91
115
137
158
175
64
92
117
139
160
179
64
90
114
136
157
175
64
90
114
135
155
173
189
64
92
116
