153
175
64
96
123
148
170
191
64
94
121
147
169
189
64
94
122
149
173
64
95
123
149
172
64
95
123
148
170
191
64
95
124
150
174
64
95
124
149
172
64
96
125
150
172
64
95
123
149
171
64
96
123
149
170
190
64
96
125
151
174
64
94
123
148
172
64
94
122
149
172
64
96
124
148
171
64
94
122
148
171
191
64
96
123
149
171
64
96
125
151
173
64
96
125
149
173
64
95
124
148
172
64
95
124
149
172
64
94
123
148
172
64
95
122
148
171
191
64
94
121
147
169
191
64
95
124
150
172
64
94
123
150
172
64
95
122
149
172
64
96
123
148
172
64
94
121
147
170
191
64
94
121
146
169
191
64
96
124
149
172
64
96
125
151
175
64
96
124
148
171
191
64
96
125
150
172
64
95
124
148
172
64
94
122
147
169
189
64
94
122
147
169
189
64
95
123
150
172
64
95
123
150
171
191
64
94
122
148
171
64
96
123
150
173
64
94
123
150
173
64
94
122
148
171
64
96
124
148
171
191
64
94
122
149
173
64
95
123
148
171
64
95
123
150
173
64
94
123
149
173
64
95
124
150
172
64
95
124
148
172
64
94
123
150
172
64
95
124
148
171
64
94
123
148
170
191
64
96
123
148
171
190
64
96
125
151
175
64
94
123
148
170
190
64
95
122
147
171
191
64
81
99
113
125
137
147
158
165
172
180
187
64
81
97
112
124
137
147
157
165
173
181
187
64
81
97
110
122
135
145
154
163
170
176
184
190
64
82
99
115
126
138
149
157
164
171
178
186
191
64
80
97
110
122
135
145
154
164
173
180
187
191
64
82
99
113
126
137
147
157
166
173
180
186
64
82
98
112
124
136
146
157
166
174
180
187
64
82
98
113
126
138
148
158
168
175
182
188
64
82
98
114
126
136
146
156
164
173
180
187
64
82
97
113
125
136
146
156
165
171
178
184
189
64
80
96
111
123
136
146
156
164
172
180
187
64
80
96
110
125
136
146
155
163
170
178
184
189
64
82
99
115
126
138
149
159
168
176
183
190
64
80
98
113
127
140
149
158
168
176
182
189
64
81
98
111
123
135
146
154
164
173
179
184
189
64
82
97
111
124
137
146
155
164
171
179
185
191
64
82
99
113
126
138
149
157
167
175
183
188
64
80
97
110
123
135
146
157
165
172
180
187
64
80
98
111
123
135
146
156
164
172
180
186
191
64
82
98
112
126
139
150
158
168
176
183
188
64
82
97
113
125
136
147
156
164
173
179
186
191
64
80
96
110
124
134
144
154
163
172
178
184
191
64
82
99
113
127
138
150
158
165
174
182
189
64
80
98
111
123
134
145
156
163
171
177
185
190
64
82
99
114
128
140
151
162
171
178
184
189
64
80
96
109
123
135
146
156
165
173
180
187
64
82
98
112
126
137
148
159
166
173
181
187
64
82
97
111
123
136
147
156
166
174
181
186
191
64
81
98
112
125
136
148
157
166
172
178
184
190
64
80
98
111
123
136
146
157
165
174
181
188
64
81
98
112
125
138
147
158
165
174
180
186
64
81
98
112
125
136
148
156
165
173
179
184
190
64
80
97
112
126
136
148
158
165
173
181
187
64
82
99
114
127
139
150
159
166
173
181
188
64
83
100
114
126
139
148
157
165
173
179
187
64
81
96
111
124
136
146
155
163
171
178
185
191
64
82
99
112
125
138
149
159
167
173
181
188
64
81
98
111
125
137
148
158
165
174
180
185
191
64
83
99
112
125
136
146
157
165
174
181
187
64
81
96
111
124
137
149
159
169
177
183
190
64
83
99
114
126
138
149
159
167
176
182
189
64
83
99
114
127
139
149
157
165
174
182
189
64
81
97
111
123
134
145
155
165
172
180
188
64
83
98
112
127
139
149
157
166
175
181
187
64
82
97
111
124
136
147
158
165
174
182
188
64
81
97
111
125
138
150
159
169
175
181
188
64
82
99
112
126
139
150
159
168
175
181
187
64
82
97
111
124
136
146
155
164
171
178
186
191
64
81
96
111
124
137
149
160
169
176
183
190
64
83
99
115
129
141
152
161
169
177
182
190
64
83
100
116
129
139
149
160
169
178
184
190
64
82
98
112
126
139
150
159
167
175
182
189
64
82
99
115
127
138
148
156
164
173
182
187
64
81
97
112
126
137
149
160
167
176
182
190
64
83
99
115
127
138
148
157
167
174
182
190
64
83
99
115
129
142
151
161
170
178
185
191
64
82
99
115
129
141
151
160
169
178
184
190
64
82
97
112
125
138
148
159
168
176
183
189
64
83
98
114
128
139
151
160
168
177
184
191
64
81
98
113
126
138
149
157
165
173
182
187
64
83
100
114
126
138
148
157
166
174
182
189
64
83
98
114
128
139
150
159
167
174
182
189
64
81
97
111
125
137
147
158
168
175
182
189
64
81
97
113
126
139
149
159
167
175
183
190
64
82
99
114
126
139
151
161
169
178
185
64
81
96
110
123
136
146
157
166
175
182
189
64
82
98
113
127
140
152
162
171
180
187
64
83
98
112
127
140
150
161
168
176
185
64
83
100
115
128
141
151
161
169
176
182
190
64
83
100
116
129
140
152
163
172
180
186
191
64
81
98
113
125
137
149
158
167
174
182
188
64
81
98
114
127
139
151
160
170
177
184
190
64
83
100
115
129
139
151
162
172
179
186
191
64
81
98
113
127
139
151
162
171
178
185
64
82
99
114
128
140
152
162
170
179
186
64
83
100
114
128
140
151
160
169
177
184
189
64
81
98
112
126
138
149
159
169
177
184
190
64
83
101
116
130
143
153
163
171
178
184
190
64
83
99
115
129
141
153
162
170
178
184
190
64
82
99
115
128
142
152
161
170
179
187
64
82
100
114
126
138
149
158
168
175
183
191
64
81
98
114
128
140
150
159
168
176
184
190
64
83
100
116
130
141
153
164
172
180
187
64
81
99
115
129
142
154
163
172
180
187
64
81
97
113
125
138
148
157
166
173
180
187
64
81
98
114
127
140
152
163
172
181
189
64
83
99
114
129
140
151
160
170
178
186
64
83
99
114
127
140
150
159
168
177
183
190
64
82
98
112
126
138
148
157
167
176
183
190
64
81
98
112
125
138
149
160
170
178
185
64
83
101
117
129
141
153
164
172
180
187
64
81
98
114
129
141
151
160
168
176
185
64
81
100
116
128
141
151
160
168
176
185
64
83
100
115
128
142
153
162
171
178
187
64
83
100
117
129
141
152
163
173
182
188
64
82
99
114
128
140
150
161
169
177
186
64
83
99
115
128
142
152
163
171
179
186
64
81
98
112
125
137
149
160
169
176
183
189
64
81
98
113
126
138
148
158
166
175
182
190
64
81
100
115
128
140
151
160
170
178
184
190
64
83
99
115
130
141
151
162
171
179
185
64
81
99
114
128
140
152
161
171
179
185
191
64
82
99
114
128
140
150
159
168
176
183
191
64
81
98
114
128
140
152
162
171
178
185
191
64
82
100
114
128
141
154
163
173
181
189
64
81
99
114
127
140
150
161
170
178
185
64
82
100
116
130
141
151
160
169
178
186
191
64
83
101
116
129
142
153
163
171
180
189
64
83
101
117
129
143
154
164
173
180
187
64
84
102
116
131
145
156
165
174
182
188
64
83
99
114
127
139
149
161
171
181
188
64
84
100
115
129
143
154
165
174
182
191
64
82
100
115
130
142
154
165
174
183
190
64
83
100
115
130
144
155
165
175
183
190
64
84
100
116
131
144
155
164
173
182
190
64
84
101
116
129
143
155
164
174
183
191
64
82
100
115
129
140
153
163
171
180
188
64
83
101
115
128
141
153
164
173
181
189
64
82
100
115
128
141
153
162
172
180
187
64
84
101
118
131
144
155
166
175
184
64
84
100
115
130
142
152
163
172
180
186
64
82
99
116
131
145
155
165
175
185
64
82
99
114
127
141
153
162
172
181
189
64
84
102
117
132
144
156
165
173
180
187
64
84
101
117
130
143
154
163
172
181
190
64
83
99
116
130
142
154
165
173
181
189
64
83
99
114
128
141
154
165
173
182
189
64
84
100
115
130
143
154
165
174
183
189
64
83
102
116
132
143
155
164
174
182
189
64
83
101
117
131
145
155
166
175
184
64
82
99
116
129
142
154
163
173
181
189
64
84
101
115
131
145
156
165
174
183
190
64
83
102
118
132
144
156
165
174
181
190
64
83
100
117
130
144
155
165
173
181
188
64
84
103
117
131
145
156
165
175
183
189
64
84
101
117
131
142
155
167
177
186
64
84
102
117
132
144
156
166
175
184
64
83
102
118
132
146
158
170
178
187
64
84
101
117
131
143
155
164
173
183
190
64
82
101
116
131
145
156
166
177
185
64
84
102
118
131
144
156
165
174
181
190
64
84
102
117
132
144
155
165
175
182
190
64
82
101
116
130
143
156
167
177
184
64
83
100
117
130
143
156
167
176
184
64
84
101
116
130
142
155
165
174
184
64
84
101
117
132
146
157
168
178
185
64
84
102
118
132
145
158
167
178
186
64
82
101
118
132
145
157
168
177
186
64
83
102
117
132
145
157
169
179
186
64
83
102
119
133
145
158
168
177
187
64
82
101
116
131
144
156
165
174
182
191
64
84
103
118
132
145
157
168
179
186
64
84
103
119
134
146
156
167
177
186
64
84
103
119
132
146
157
167
176
183
191
64
82
99
114
129
143
154
164
174
182
189
64
82
100
116
130
143
156
167
177
185
64
82
101
117
130
143
154
166
175
185
191
64
82
100
117
132
144
155
166
176
183
64
84
101
118
133
145
156
165
174
182
190
64
83
100
118
133
146
159
168
178
186
64
84
101
117
131
144
157
168
178
187
64
84
103
118
132
145
157
166
177
185
64
83
102
119
133
147
159
171
181
190
64
84
103
118
134
147
157
167
177
