127
127
126
125
125
126
125
125
124
125
127
127
127
128
129
130
130
131
130
131
130
129
129
129
128
128
127
128
129
133
135
138
140
141
143
145
146
146
148
149
150
149
150
154
158
160
163
165
165
165
165
165
167
168
170
173
176
177
179
180
182
184
184
187
64
78
92
105
116
126
134
141
150
158
164
171
177
182
187
191
64
82
99
115
129
141
150
160
171
179
186
64
84
100
115
128
142
154
166
177
184
64
82
100
118
135
151
162
175
184
64
86
106
124
139
155
168
179
188
64
88
109
127
144
159
170
184
64
88
110
130
145
160
176
190
64
88
109
127
143
162
178
64
88
108
129
147
164
180
64
90
111
132
150
167
185
64
88
112
133
152
169
187
64
89
111
133
151
170
186
64
90
113
133
152
171
189
64
89
113
133
153
172
190
64
91
114
135
154
174
64
90
116
139
158
174
191
64
92
116
137
155
172
190
64
91
115
136
155
172
189
64
91
115
137
155
174
64
91
117
140
160
178
64
94
119
142
163
181
64
91
117
140
161
179
64
90
113
136
158
176
64
92
116
137
160
179
64
92
118
140
159
180
64
91
117
139
158
176
64
94
120
143
161
178
64
94
120
143
164
183
64
92
118
141
162
180
64
91
115
141
163
182
64
91
116
137
157
177
64
93
118
140
159
176
64
91
116
139
159
175
190
64
94
119
141
161
179
64
93
118
141
160
177
64
90
116
140
162
181
64
90
114
135
156
175
64
92
117
139
157
176
64
92
117
138
159
175
190
64
91
116
139
160
177
191
64
92
119
142
161
178
64
91
116
140
159
177
64
90
113
134
155
173
189
64
90
114
136
154
175
64
90
115
136
155
171
185
64
90
116
138
159
176
191
64
92
117
138
157
176
64
90
113
136
158
176
191
64
89
111
133
154
174
64
90
114
137
155
170
189
64
91
115
137
155
172
188
64
90
114
137
158
176
64
90
116
139
159
177
64
91
113
135
157
175
191
64
90
113
135
153
172
189
64
91
116
139
159
179
64
93
118
139
158
176
64
93
119
141
162
179
64
95
122
146
167
184
64
91
117
140
162
181
64
93
118
140
162
183
64
93
120
143
164
184
64
93
120
143
163
183
64
95
121
145
167
186
64
96
123
147
170
189
64
93
122
147
169
191
64
93
121
147
172
64
96
123
147
170
64
95
125
151
172
64
95
126
153
176
64
95
124
148
173
64
95
125
151
173
64
97
127
152
175
64
94
123
152
176
64
97
125
150
173
64
98
127
152
177
64
95
127
153
177
64
95
122
149
174
64
96
126
153
176
64
97
128
156
181
64
96
127
154
179
64
95
125
155
181
64
96
127
153
177
64
97
128
156
180
64
99
131
158
182
64
98
128
158
185
64
97
128
154
181
64
97
129
155
180
64
98
131
159
183
64
100
131
159
185
64
97
126
156
184
64
99
129
158
185
64
100
132
159
184
64
100
131
159
185
64
101
135
163
189
64
97
131
161
188
64
99
130
160
186
64
100
132
160
186
64
101
133
162
189
64
100
133
164
189
64
100
133
162
189
64
100
131
162
189
64
100
133
163
187
64
101
134
164
190
64
101
136
166
64
99
131
162
189
64
101
132
162
189
64
102
134
163
189
64
101
135
165
191
64
101
135
165
64
101
132
164
64
102
136
165
190
64
101
134
165
64
99
134
164
64
100
134
162
190
64
100
134
165
191
64
102
136
165
64
99
135
167
64
100
134
163
191
64
103
137
168
64
102
136
168
64
102
134
165
64
102
135
164
191
64
102
138
167
64
100
133
165
64
101
136
166
64
101
135
167
64
100
132
164
64
101
134
165
191
64
103
136
167
64
99
131
164
191
64
101
134
162
191
64
101
135
163
189
64
101
135
165
64
100
134
164
64
101
134
162
64
103
138
169
64
100
135
166
64
101
133
162
64
101
135
165
64
101
137
167
64
102
136
167
64
103
137
168
64
100
135
165
64
102
137
165
64
103
139
168
64
100
135
167
64
102
135
163
64
103
139
170
64
99
135
166
64
102
136
164
64
101
135
166
64
101
138
168
64
102
136
165
64
102
138
167
64
100
135
168
64
100
133
164
64
101
137
169
64
99
135
168
64
101
135
165
64
103
137
167
64
101
137
170
64
101
133
163
64
103
136
167
64
101
135
167
64
103
137
168
64
103
136
167
64
101
136
168
64
103
135
165
64
102
136
167
64
100
137
168
64
102
135
166
64
104
137
167
64
102
138
171
64
102
135
165
64
104
137
169
64
100
137
169
64
101
133
163
64
103
136
166
64
102
138
171
64
102
135
164
64
103
137
167
64
102
138
169
64
103
137
166
64
104
139
170
64
101
138
168
64
101
134
165
64
103
136
166
64
101
136
166
64
101
134
163
191
64
102
137
167
64
103
138
168
64
101
135
167
64
101
134
165
191
64
102
135
167
64
100
137
169
64
102
136
166
64
102
135
167
64
102
138
169
64
103
135
164
64
102
136
168
64
102
138
169
64
103
135
165
64
104
138
169
64
100
137
170
64
102
136
165
64
102
135
165
64
101
137
169
64
103
135
165
64
103
137
167
64
100
136
167
64
101
136
165
64
102
135
165
64
101
137
167
64
103
136
167
64
104
138
169
64
102
138
170
64
102
135
164
64
104
137
168
64
100
136
168
64
101
134
164
64
102
137
169
64
100
135
167
64
102
134
166
64
102
135
166
64
102
135
166
64
102
135
165
64
103
139
168
64
102
136
169
64
103
136
166
64
104
139
168
64
101
133
164
64
102
135
165
191
64
102
138
167
64
100
132
165
64
101
134
164
64
103
138
169
64
101
134
167
64
103
137
168
64
99
133
164
191
64
101
135
166
64
101
134
164
190
64
102
136
167
64
99
133
164
64
101
133
163
64
103
136
166
64
101
135
167
64
102
136
166
64
103
137
167
64
100
137
167
64
102
136
167
64
103
138
169
64
99
135
165
64
100
133
164
189
64
101
136
167
64
99
130
162
189
64
100
133
162
64
103
136
167
64
101
135
166
64
100
134
163
189
64
102
136
164
191
64
101
134
165
191
64
98
135
166
64
102
134
162
64
101
136
166
64
99
135
166
64
100
132
161
190
64
101
136
166
64
102
138
168
64
99
131
162
191
64
100
133
163
64
101
136
166
64
101
136
169
64
102
136
167
64
101
134
164
64
100
134
166
64
101
134
162
190
64
101
135
165
64
101
135
165
64
102
136
166
64
103
137
167
64
100
134
166
64
102
136
165
64
103
137
166
64
100
137
167
64
101
134
165
64
102
135
166
64
101
135
166
64
101
135
163
189
64
103
138
169
64
99
134
166
64
100
133
164
64
102
137
166
64
101
137
169
64
101
135
166
64
102
135
167
64
101
138
170
64
100
134
163
64
101
136
167
64
101
138
168
64
100
134
164
64
102
136
165
64
99
135
166
64
101
136
164
64
102
137
168
64
100
135
166
64
101
135
166
64
101
135
166
64
99
136
169
64
101
134
165
64
101
135
167
64
101
137
168
64
102
135
165
64
103
138
168
64
100
136
169
64
102
135
165
64
103
136
167
64
101
137
170
64
101
133
162
191
64
101
135
166
64
104
139
170
64
102
135
168
64
103
138
167
64
104
138
169
64
101
135
167
64
101
135
166
64
104
138
168
64
100
134
163
64
103
136
167
64
99
135
166
64
101
134
164
64
101
137
168
64
100
134
165
64
102
135
165
191
64
101
134
164
191
64
99
135
167
64
102
135
165
64
102
134
164
191
64
103
137
168
64
101
134
165
64
101
135
164
191
64
102
137
167
64
101
137
167
64
101
135
166
64
103
136
167
64
99
135
167
64
100
135
164
64
102
135
166
64
99
136
168
64
100
134
163
64
103
138
168
64
99
136
167
64
101
134
163
64
103
139
169
64
101
137
169
64
100
134
164
64
102
136
165
64
101
133
165
64
101
135
164
190
64
102
137
168
64
100
135
167
64
100
134
163
64
103
137
167
64
101
133
164
64
101
136
166
64
103
139
169
64
99
133
166
64
102
137
166
64
101
136
168
64
99
133
164
64
100
135
166
64
102
137
168
64
102
134
165
64
102
134
163
190
64
103
136
167
64
100
137
167
64
100
135
163
64
101
137
167
64
99
135
168
64
100
133
164
64
103
137
167
64
100
135
168
64
102
136
165
64
103
137
168
64
99
135
167
64
101
134
163
64
102
138
169
64
100
136
168
64
102
135
166
64
102
137
168
64
100
136
168
64
102
135
164
64
103
137
168
64
102
138
170
64
100
134
164
64
103
136
168
64
100
131
163
191
64
100
134
163
64
102
135
167
64
101
137
167
64
100
134
162
64
102
138
169
64
101
136
166
64
101
136
164
64
103
138
167
64
100
137
168
64
102
135
163
64
103
139
170
64
99
134
167
64
100
133
163
64
103
139
168
64
100
133
165
64
100
134
165
191
64
101
136
166
191
64
103
136
166
64
102
135
167
64
103
136
165
64
104
137
169
64
101
134
167
64
101
135
164
191
64
103
138
167
64
99
136
168
64
100
135
166
64
101
135
167
64
101
134
166
64
100
135
165
190
64
102
137
167
64
100
135
168
64
101
134
163
189
64
102
136
166
64
99
135
165
64
100
134
164
64
103
136
167
64
101
136
167
64
100
133
164
64
103
136
167
64
99
135
168
64
100
133
163
191
64
102
134
164
64
104
137
169
64
101
135
167
64
101
136
166
64
103
138
167
64
100
132
161
189
64
102
137
167
64
103
139
168
64
99
132
164
64
102
137
168
64
104
139
169
64
102
133
166
64
101
134
163
189
64
102
135
166
64
99
134
164
64
101
136
165
64
101
137
167
64
101
136
166
64
101
134
163
64
102
137
166
64
99
135
168
64
100
135
164
64
101
137
168
64
101
138
170
64
102
135
165
64
102
136
168
64
100
134
166
64
101
135
165
64
104
139
169
64
