128
129
127
128
128
129
130
131
129
128
127
127
128
128
128
127
126
127
127
127
127
126
127
128
127
128
129
129
128
129
129
129
133
134
135
137
140
141
143
143
145
147
148
149
151
150
152
155
156
158
159
159
160
163
163
165
169
173
175
179
182
182
183
185
187
190
64
80
95
106
116
127
136
148
155
163
171
177
183
189
64
84
101
117
129
140
152
162
170
180
189
64
83
100
117
129
140
153
166
177
185
64
82
99
115
131
147
159
172
183
64
83
104
124
139
155
168
178
187
64
87
107
127
142
156
170
183
64
89
110
130
145
161
178
64
88
112
131
147
161
176
190
64
89
111
132
148
167
184
64
88
110
131
150
167
185
64
88
112
133
150
170
187
64
89
113
135
154
172
189
64
91
115
134
154
173
190
64
89
114
135
154
175
190
64
92
116
136
156
175
191
64
92
117
137
155
175
64
91
116
138
156
173
64
91
116
138
159
177
191
64
93
117
140
159
175
190
64
92
118
140
159
176
191
64
92
119
141
161
178
64
92
119
141
163
181
64
92
118
142
162
179
64
90
114
140
161
180
64
92
116
137
158
177
64
91
117
138
158
179
64
91
117
140
160
179
64
94
120
143
164
182
64
93
120
143
164
183
64
90
118
140
161
181
64
91
115
140
161
179
64
91
114
135
158
178
64
93
119
142
162
181
64
93
118
140
159
178
64
94
120
141
160
177
64
89
115
138
160
179
64
91
114
136
155
173
191
64
91
114
136
154
171
186
64
91
114
137
155
172
186
64
87
109
130
146
164
180
64
90
112
132
150
165
178
191
64
85
104
125
143
159
175
187
64
86
107
125
141
156
168
177
187
64
84
105
124
140
153
164
175
186
64
84
103
118
133
146
157
166
172
179
186
191
64
83
99
116
130
141
152
161
169
176
181
185
191
64
80
93
105
117
129
137
143
152
160
167
175
180
183
186
191
64
79
93
106
117
126
136
144
149
154
158
161
165
168
171
173
173
174
174
176
178
178
179
180
178
177
176
176
175
175
175
173
174
176
177
179
180
181
183
184
183
184
183
182
180
181
181
181
180
178
176
174
174
172
170
170
169
169
169
167
166
164
164
162
162
160
160
157
155
153
151
150
149
147
145
145
143
143
143
140
140
139
138
138
139
137
135
135
135
133
131
131
130
128
128
127
125
125
125
124
122
122
120
120
120
120
120
118
118
116
114
115
115
116
115
115
114
112
111
109
108
108
107
106
106
107
105
104
102
102
102
101
102
100
101
101
102
102
101
101
100
100
100
101
99
98
96
97
96
95
95
94
93
93
94
94
93
93
92
93
94
92
92
93
92
92
92
91
91
90
91
90
89
89
90
91
89
89
90
88
89
90
90
91
90
91
89
89
87
88
87
87
86
87
87
86
87
88
86
86
84
84
83
82
81
80
80
79
80
80
80
81
81
81
82
82
83
84
83
83
84
84
83
82
81
80
79
80
79
78
79
80
80
81
80
80
81
79
80
81
81
80
81
80
80
81
80
78
77
76
77
77
76
76
76
77
77
77
76
77
76
75
75
74
73
74
75
74
73
72
72
72
71
70
70
72
73
74
74
73
74
74
73
72
71
72
73
72
72
73
72
73
73
74
72
72
71
73
72
71
70
69
69
68
68
67
66
68
69
68
69
69
69
69
70
70
69
68
68
67
67
67
68
68
68
68
67
66
67
67
68
67
68
69
68
68
68
67
68
69
70
70
71
71
72
72
71
72
71
70
68
69
69
70
68
67
66
67
66
66
66
66
67
68
67
66
65
64
64
63
63
63
63
63
64
65
65
66
66
67
67
68
67
68
67
67
68
69
69
68
67
68
68
67
68
69
69
69
69
69
68
68
67
68
69
67
66
67
68
67
68
69
68
67
66
67
66
65
65
63
64
65
64
63
64
63
62
62
61
60
60
60
62
62
62
61
62
61
60
61
63
64
63
63
64
65
64
63
64
63
62
62
61
61
61
63
62
63
63
63
62
63
63
64
64
65
66
65
64
63
65
64
63
63
63
63
64
64
64
65
66
65
64
63
64
64
63
62
62
62
62
63
63
62
63
63
64
65
65
65
65
65
65
65
64
63
62
62
62
62
61
62
62
61
61
61
62
62
61
62
62
62
61
61
61
60
61
61
60
62
62
61
63
63
63
62
63
63
63
62
63
62
63
63
63
63
65
65
65
64
64
65
64
63
62
63
64
63
62
63
62
63
65
65
64
64
65
66
66
65
64
63
63
62
62
64
64
63
62
63
64
63
64
64
63
63
62
63
63
62
63
62
63
62
62
61
62
63
63
63
62
61
60
59
60
59
59
60
60
61
61
60
60
59
59
59
60
62
61
60
61
61
61
60
61
63
64
65
66
64
64
64
65
66
67
67
66
67
67
68
68
66
66
67
65
64
65
65
64
64
65
64
64
63
64
65
65
66
65
66
67
66
65
63
64
64
63
63
62
61
61
63
64
65
64
65
65
65
65
65
66
65
66
64
65
65
64
64
65
64
63
63
62
62
61
61
62
63
62
63
62
61
61
60
59
59
60
60
60
60
59
61
61
62
63
63
64
63
62
61
61
62
63
64
63
62
62
62
62
61
60
62
61
62
63
62
62
62
62
61
62
63
63
62
62
62
62
61
60
61
62
63
63
62
62
62
61
61
62
61
61
62
63
62
63
62
62
62
61
60
61
62
64
65
63
62
62
61
60
59
59
59
60
60
60
60
61
62
62
62
62
63
63
63
64
65
65
64
65
64
64
63
62
62
63
64
64
65
64
65
65
65
65
65
65
64
63
62
63
63
62
61
62
63
63
62
62
61
60
62
62
63
62
62
61
60
62
63
63
62
61
61
61
60
60
60
60
61
61
61
60
60
61
60
61
63
64
63
64
63
63
62
63
64
65
65
66
67
67
67
66
66
66
65
64
64
63
63
63
64
65
65
65
66
67
67
66
67
65
65
65
64
63
64
65
66
66
66
64
64
64
65
65
65
63
62
63
62
61
62
63
64
63
64
63
63
62
62
61
62
62
62
62
63
62
62
62
61
62
63
62
61
61
61
61
62
62
61
63
64
64
64
65
64
64
63
62
61
62
63
63
63
63
62
62
63
63
64
65
65
64
63
62
63
64
63
64
63
63
62
64
64
64
63
64
63
64
65
64
63
62
63
63
65
64
64
65
65
66
65
65
63
63
63
64
64
63
63
64
64
63
64
65
66
66
65
64
65
64
63
63
63
63
63
63
64
63
63
63
62
62
63
62
63
64
64
63
64
63
62
63
62
64
63
63
64
65
65
64
64
64
64
65
65
64
65
64
63
62
61
62
62
63
64
64
64
65
65
66
66
66
65
64
63
63
63
62
62
61
62
61
63
62
62
61
62
62
62
61
62
62
63
63
65
65
66
66
65
65
64
64
63
64
65
64
63
62
61
61
60
61
62
63
62
62
63
62
61
61
60
59
58
60
62
61
62
63
64
64
63
62
63
62
62
62
62
63
62
63
62
61
61
62
63
62
62
62
63
63
63
62
61
61
61
60
61
61
62
62
63
63
64
63
62
62
63
62
62
63
64
64
63
62
61
62
62
61
62
63
63
64
64
65
64
64
64
63
63
62
62
63
62
63
65
65
64
65
66
65
64
62
62
61
62
61
61
63
64
65
64
64
63
64
65
65
66
66
65
66
64
63
64
65
66
65
65
63
65
64
64
65
66
67
66
66
66
66
65
64
62
63
64
64
65
64
65
66
66
67
65
64
64
64
64
65
66
66
67
67
67
66
65
64
65
66
65
66
65
65
64
65
65
64
63
62
61
63
64
63
64
65
66
65
64
64
63
62
63
62
61
61
61
60
61
60
61
61
62
62
62
61
62
63
64
64
63
62
64
65
64
63
62
61
62
63
62
61
62
64
64
64
64
63
64
65
64
63
63
64
64
64
65
66
67
66
66
65
65
64
64
63
64
64
64
63
63
62
62
63
63
64
63
62
62
63
64
63
63
63
63
63
62
61
61
61
60
60
61
61
61
60
61
61
62
63
64
63
63
62
61
62
61
61
62
61
62
61
62
61
62
63
64
63
64
64
65
66
67
66
65
66
66
66
65
63
63
62
61
61
61
60
59
61
62
61
60
62
62
63
63
63
63
64
65
66
67
67
68
67
66
65
64
64
64
64
63
62
61
61
62
63
63
63
62
61
62
62
62
62
61
62
62
61
63
63
63
63
64
64
64
65
66
66
65
66
67
66
65
66
67
65
66
65
64
63
62
61
60
61
60
61
61
63
64
63
62
62
62
61
61
62
62
61
62
61
61
63
62
62
62
62
63
64
64
62
62
61
61
60
60
62
62
62
61
62
63
63
64
65
65
64
65
66
65
65
64
63
64
64
62
62
63
65
66
65
65
65
64
65
64
64
63
64
65
66
65
66
66
65
64
62
62
62
62
62
61
62
64
63
64
65
64
64
66
65
64
65
64
64
65
66
66
65
64
65
66
65
64
65
65
64
64
64
65
65
63
62
63
64
64
63
64
64
63
63
64
64
65
66
66
65
65
64
65
66
66
66
67
67
67
68
66
67
66
65
65
66
67
66
64
64
65
64
63
64
65
64
63
63
63
62
62
61
62
62
63
62
63
63
63
64
63
62
64
64
65
64
65
66
66
64
64
64
65
65
65
66
67
67
68
66
66
65
64
65
65
64
65
65
65
65
65
64
65
64
64
63
64
63
63
63
63
62
63
62
63
64
63
62
61
60
61
61
60
61
62
62
62
61
62
62
63
64
63
64
62
62
62
62
61
62
62
62
63
63
62
63
63
64
65
66
65
66
65
63
64
63
64
63
63
62
63
62
62
61
61
61
61
63
64
65
64
64
64
64
63
63
63
63
61
61
60
59
59
59
61
62
63
64
65
65
64
63
64
65
65
64
64
65
63
62
61
61
61
60
60
61
62
62
63
63
63
62
64
63
64
64
63
64
64
63
63
63
65
64
64
65
65
65
66
64
63
63
63
63
63
62
64
65
64
64
65
65
64
65
66
66
67
67
68
66
66
67
68
67
67
68
69
69
69
69
67
68
67
66
66
67
65
64
63
63
62
61
62
61
61
62
61
63
63
64
65
66
67
66
65
66
66
65
65
64
64
65
66
67
65
65
65
65
66
65
65
64
64
64
64
64
65
66
66
66
65
64
65
65
64
63
63
63
64
62
62
61
62
63
62
62
62
61
62
61
62
61
63
62
63
62
61
61
60
60
61
61
60
60
60
60
59
60
60
59
60
61
62
62
61
62
62
62
63
64
63
62
61
61
62
61
62
62
62
63
63
64
64
63
62
61
63
63
63
64
65
65
65
63
64
64
64
63
64
65
64
65
65
65
65
66
67
68
66
65
66
66
65
63
63
62
62
62
63
62
63
64
64
64
64
65
64
65
64
64
64
63
64
64
65
64
65
66
66
64
64
65
64
65
64
65
66
67
66
67
66
67
66
67
66
67
66
67
67
67
65
64
63
64
65
65
66
67
65
66
66
66
65
65
66
66
65
64
65
64
63
63
64
63
62
63
65
66
66
66
66
66
67
67
67
67
67
66
64
63
63
62
64
64
63
64
64
65
65
64
65
64
64
64
65
65
64
65
65
65
64
65
65
65
65
64
63
62
61
60
61
60
62
61
60
60
62
62
63
63
64
65
65
64
65
65
65
66
66
66
65
64
64
63
62
63
64
65
64
64
63
64
63
64
65
64
65
65
65
65
66
65
66
65
63
62
63
64
63
64
64
64
65
65
64
64
64
64
65
64
64
65
65
65
65
64
63
63
64
63
63
