127
128
128
131
133
134
136
137
138
142
143
144
145
148
150
153
154
158
159
162
167
169
171
172
175
179
181
183
187
189
191
64
80
95
106
118
129
140
149
156
164
172
179
184
191
64
84
102
118
132
144
155
168
177
187
64
83
101
120
135
149
162
175
185
64
86
104
124
142
157
170
181
64
86
105
124
139
156
172
184
64
87
107
126
145
161
174
185
64
87
109
128
144
161
175
190
64
88
111
131
148
163
176
190
64
90
113
132
152
168
182
64
89
111
132
151
167
181
64
89
113
134
151
167
182
64
90
114
136
152
170
186
64
90
111
133
153
171
184
64
90
114
134
153
169
185
64
91
115
136
153
170
187
64
89
110
131
149
168
183
64
90
115
137
155
173
188
64
91
113
135
153
169
185
64
91
113
134
155
171
185
64
88
112
133
152
170
184
64
91
115
136
155
171
184
64
89
112
134
152
170
184
64
89
110
130
151
169
184
64
87
110
132
152
168
182
64
91
114
134
152
169
185
64
90
113
136
155
172
187
64
88
111
133
151
168
184
64
90
113
134
151
169
184
64
89
110
131
150
168
183
64
91
116
138
156
171
186
64
90
114
135
155
172
186
64
90
114
135
154
171
186
64
91
114
135
154
171
186
64
90
112
133
150
168
183
64
89
112
133
153
169
183
64
89
113
135
153
170
184
64
90
114
136
153
168
183
64
86
106
124
141
156
171
184
64
86
105
122
138
151
164
175
183
64
85
106
122
135
149
161
170
180
188
64
83
99
114
130
144
156
166
175
184
189
64
82
97
110
121
132
145
155
162
170
178
183
187
64
79
92
105
118
129
141
149
157
163
169
175
180
185
187
190
64
79
94
106
119
130
138
145
152
157
164
169
172
174
178
181
183
186
190
64
77
91
103
112
122
131
140
147
152
159
163
166
171
175
179
180
181
183
187
191
64
78
91
101
111
120
128
135
140
146
151
157
163
168
171
175
176
179
181
181
181
183
182
184
186
187
189
191
190
190
190
190
189
188
188
188
190
191
191
191
64
76
87
98
107
116
122
129
138
143
147
153
158
161
164
165
168
171
171
171
173
176
177
180
182
182
183
183
184
185
185
185
186
187
187
188
189
190
189
188
188
187
185
183
182
182
182
184
186
186
185
184
185
184
183
181
182
182
182
183
185
185
186
185
186
185
186
186
185
183
185
186
188
187
188
189
188
188
187
185
185
185
184
186
187
188
188
189
187
188
186
186
186
184
184
185
185
186
187
188
186
185
185
185
185
185
184
184
184
183
182
182
182
181
179
180
180
178
179
178
177
178
179
178
180
181
181
181
181
179
178
178
177
177
177
178
177
179
178
178
179
179
179
177
176
176
176
176
178
178
177
178
177
178
176
175
173
174
176
177
177
179
178
178
177
176
176
177
175
175
175
178
177
177
177
178
179
180
179
178
176
175
177
179
181
180
181
182
182
183
181
180
179
177
176
178
178
180
179
178
179
178
179
178
177
175
174
175
177
178
177
177
179
180
179
178
177
175
174
172
173
174
175
175
176
175
175
174
174
175
174
173
173
173
173
173
173
173
174
174
173
172
173
173
171
173
175
176
177
176
175
176
174
173
171
172
170
172
172
172
173
174
174
174
172
173
174
173
171
172
174
174
173
173
172
172
173
173
173
173
171
174
175
175
176
177
177
176
176
174
174
172
172
171
172
172
172
173
174
173
173
171
171
169
167
166
169
170
172
172
173
172
173
172
171
170
170
169
167
168
170
170
169
168
169
168
169
170
168
168
167
168
168
168
168
168
170
169
169
169
168
167
167
168
170
170
170
171
171
170
170
169
169
169
167
169
171
170
171
171
172
172
171
170
169
169
168
169
170
172
171
172
172
171
169
169
168
167
165
166
168
168
168
170
170
169
168
167
166
166
164
167
168
168
168
169
168
168
168
168
169
170
168
169
169
169
170
169
168
169
170
169
169
167
167
168
170
170
170
170
170
169
168
167
167
168
167
169
170
172
171
173
173
173
171
171
169
169
167
168
168
168
169
169
169
169
168
169
168
168
168
166
167
167
169
170
170
170
168
169
170
168
168
168
170
170
170
169
168
168
169
170
170
168
167
166
168
170
171
171
173
173
171
171
170
170
171
168
170
170
172
172
171
170
171
170
170
168
167
168
169
170
170
171
171
172
171
169
170
169
168
169
169
169
171
172
174
174
172
172
172
172
170
170
171
170
171
172
171
171
170
169
167
166
165
164
165
166
168
167
167
168
168
168
167
166
165
163
165
167
168
169
169
169
169
169
168
166
165
164
166
166
168
170
170
171
171
171
170
169
168
167
167
168
170
170
172
172
171
171
170
171
170
168
170
172
172
172
173
173
174
172
172
172
172
171
173
174
173
174
173
174
174
175
173
172
170
170
170
171
170
171
170
171
171
171
172
170
169
169
171
170
170
169
169
169
170
169
169
170
169
169
171
172
172
172
173
172
173
173
174
173
173
172
172
173
173
173
173
174
173
174
174
174
172
173
173
175
176
174
173
173
172
171
171
170
172
172
172
173
172
172
173
172
171
172
171
171
171
173
173
172
173
173
172
173
173
173
173
175
175
177
177
176
176
175
173
172
171
171
169
169
169
171
171
171
173
172
172
172
172
173
172
172
174
175
174
173
172
171
171
171
171
169
169
171
172
172
174
174
174
173
173
171
172
170
171
171
171
171
170
171
170
170
169
170
169
170
172
174
175
176
174
175
174
174
172
170
171
172
173
174
173
172
172
173
173
171
170
170
169
169
171
173
173
174
174
174
173
173
171
170
169
171
171
171
173
174
175
173
174
173
173
172
172
173
173
172
173
173
172
172
172
171
170
169
169
170
170
172
173
174
173
172
172
173
174
173
173
174
174
175
175
174
173
173
173
171
172
172
174
176
175
175
175
176
177
175
173
173
172
171
173
174
174
173
173
174
173
173
173
171
171
171
173
173
174
175
174
175
174
174
172
170
171
172
173
174
174
174
174
173
174
174
173
172
172
172
173
175
175
174
174
174
174
174
173
174
173
173
175
176
177
175
175
174
172
171
172
173
175
175
176
175
176
177
176
176
176
175
177
179
180
179
178
177
178
178
176
175
175
174
176
176
177
178
177
176
176
176
176
175
173
174
175
176
177
176
177
175
175
174
173
174
174
176
175
175
175
174
174
174
173
173
172
172
174
176
176
177
178
177
178
178
177
175
176
176
176
176
177
176
177
176
176
175
175
176
177
177
177
176
177
176
175
176
175
176
177
178
177
177
176
177
176
177
175
175
175
178
179
179
179
180
181
181
179
179
177
176
177
177
177
178
179
178
178
178
177
177
175
174
176
178
177
176
178
177
177
178
178
179
179
178
178
180
179
180
179
179
180
179
178
177
175
173
175
177
177
177
177
177
178
176
176
177
177
177
176
176
177
176
177
176
175
174
174
173
171
171
172
172
172
171
173
173
173
172
170
171
169
170
172
173
174
173
172
172
172
171
170
168
169
171
171
173
173
174
174
174
173
173
172
172
172
173
174
176
177
176
176
176
176
174
172
174
174
174
176
177
176
175
176
174
172
173
171
173
172
172
173
172
173
173
174
174
173
174
176
175
177
176
175
176
177
176
177
177
177
177
176
176
178
177
176
176
176
176
176
174
176
176
178
177
176
175
174
173
173
172
173
175
176
177
178
177
178
179
179
178
177
176
178
178
180
179
180
181
179
178
178
176
175
177
177
176
178
178
179
180
179
179
179
178
179
180
180
180
180
180
178
179
180
179
178
178
178
179
180
178
179
178
178
177
177
175
177
178
178
177
178
178
179
179
179
177
177
179
180
181
182
181
180
180
179
178
177
177
177
177
179
180
179
180
181
179
179
179
178
178
179
180
179
180
180
181
181
180
180
181
180
180
180
179
178
178
177
178
177
176
177
179
179
180
181
180
179
179
178
177
177
179
182
183
183
182
182
181
180
180
180
182
183
183
183
183
183
183
181
180
179
179
180
180
181
182
182
183
183
183
183
182
183
184
185
186
186
185
183
182
181
181
179
177
178
180
180
180
179
180
179
179
178
178
177
179
181
182
181
180
180
181
182
180
180
180
180
182
184
185
183
183
182
181
181
182
181
182
181
183
182
181
181
181
180
180
180
182
182
182
183
184
185
185
185
185
183
182
184
184
184
185
186
186
185
185
183
181
179
180
180
181
181
182
182
182
183
181
180
179
180
181
183
182
183
184
184
185
185
185
183
185
186
185
185
185
186
186
185
183
181
181
183
185
184
185
186
184
185
185
184
183
185
184
184
185
185
186
184
182
182
181
181
182
183
183
184
183
183
184
182
183
185
185
184
185
187
188
187
187
187
185
185
184
185
185
186
186
185
184
184
185
185
186
186
187
188
187
186
185
185
184
184
184
184
186
185
185
184
185
186
186
187
187
185
185
187
186
186
186
187
185
184
182
182
184
185
185
185
184
183
183
182
182
183
184
186
186
186
186
187
188
188
186
186
188
189
188
188
188
189
188
187
185
184
185
186
187
187
187
186
185
186
184
182
185
186
188
188
187
187
188
189
189
188
190
189
190
190
189
190
189
190
190
189
191
190
191
190
191
191
189
190
190
190
64
76
88
98
108
116
124
132
136
141
146
152
156
160
164
165
168
169
171
171
171
172
175
176
178
180
181
183
184
183
183
185
187
186
186
