153
174
64
96
123
148
172
64
96
123
149
172
64
96
124
149
171
64
94
121
148
172
64
96
123
150
172
64
95
122
149
173
64
94
123
148
172
64
94
122
147
169
191
64
95
124
148
170
64
95
122
148
171
64
94
122
149
173
64
94
121
146
168
188
64
94
122
147
169
189
64
95
123
148
172
64
95
124
148
171
64
94
121
146
169
189
64
96
123
149
172
64
94
122
149
172
191
64
94
122
148
171
64
94
121
146
168
189
64
96
124
149
172
64
94
121
148
172
191
64
94
121
148
172
64
96
125
151
173
64
94
122
148
172
64
94
123
148
171
64
95
123
149
170
64
96
123
149
171
64
96
123
150
172
64
94
121
147
171
64
96
125
149
172
64
96
125
151
174
64
94
123
148
172
64
94
122
148
170
64
96
124
150
174
64
96
123
149
171
191
64
94
123
149
173
64
96
123
148
171
191
64
95
122
148
171
191
64
96
123
150
171
64
95
124
149
173
64
95
122
149
171
191
64
95
124
150
173
64
94
123
148
172
191
64
94
122
148
171
64
94
121
148
171
64
95
123
148
170
190
64
94
121
148
170
191
64
95
123
150
171
64
94
122
149
172
64
95
124
148
171
191
64
95
122
149
173
64
96
123
150
171
191
64
96
124
150
172
64
94
123
150
172
64
95
124
150
172
64
96
122
145
167
186
64
94
121
146
168
187
64
94
122
147
168
186
64
92
119
143
165
185
64
93
120
145
165
186
64
93
119
144
167
186
64
94
121
146
169
188
64
94
121
144
166
186
64
94
121
145
168
188
64
92
120
146
167
187
64
92
118
144
166
186
64
93
119
144
167
187
64
92
120
146
167
186
64
94
121
146
168
187
64
93
121
145
168
189
64
93
119
145
165
185
64
92
119
143
165
185
64
93
119
145
165
186
64
94
121
145
166
186
64
94
120
143
164
183
64
92
120
146
167
187
64
92
118
142
164
184
64
92
120
146
166
185
64
94
121
144
165
184
64
92
119
145
168
186
64
94
120
143
165
185
64
92
120
145
165
184
64
93
121
146
169
188
64
92
120
145
166
186
64
92
120
144
165
185
64
94
122
145
167
186
64
94
121
145
167
188
64
92
120
144
166
185
64
94
121
145
168
188
64
92
120
144
167
186
64
93
119
144
166
185
64
94
121
146
167
187
64
94
122
145
167
188
64
93
121
145
167
187
64
93
121
145
167
187
64
93
119
144
166
184
64
93
119
143
166
185
64
93
121
145
166
185
64
93
119
144
165
184
64
94
121
145
167
188
64
92
119
144
167
185
64
92
120
146
166
186
64
92
120
144
166
186
64
94
122
146
169
189
64
93
119
144
165
183
64
94
122
146
169
189
64
92
119
143
166
186
64
94
122
147
168
186
64
93
119
145
166
185
64
94
121
145
166
186
64
92
119
143
165
184
64
93
119
143
166
186
64
92
118
143
165
185
64
92
120
145
167
188
64
92
120
144
167
186
64
94
121
145
167
188
64
92
120
145
166
185
64
92
119
145
166
184
64
92
118
144
167
185
64
93
121
145
166
186
64
92
119
145
166
184
64
93
119
145
167
187
64
93
120
146
168
187
64
92
120
144
164
183
64
94
120
145
166
186
64
94
121
146
167
185
64
94
122
146
168
186
64
94
120
143
165
185
64
92
118
144
166
185
64
92
120
145
167
186
64
93
121
145
166
185
64
94
120
145
166
187
64
92
118
144
165
183
64
93
121
145
166
186
64
93
121
145
166
186
64
94
120
145
166
187
64
94
122
146
169
188
64
92
119
145
165
186
64
94
122
146
168
186
64
94
122
147
168
188
64
93
121
145
168
186
64
93
119
142
164
184
64
93
119
144
166
185
64
94
122
147
169
189
64
92
118
144
164
184
64
92
118
144
164
185
64
93
121
144
166
186
64
93
121
146
168
186
64
94
120
143
166
186
64
94
120
145
168
187
64
94
120
145
167
187
64
92
120
144
166
185
64
94
122
146
167
186
64
94
121
144
166
185
64
92
119
143
165
186
64
94
122
145
165
186
64
94
121
146
168
188
64
92
119
143
166
185
64
93
121
145
168
188
64
93
119
143
165
185
64
94
121
145
165
186
64
94
122
146
168
189
64
93
119
142
165
185
64
93
121
144
167
187
64
94
120
144
167
186
64
93
119
143
165
185
64
93
120
145
167
187
64
92
119
143
166
185
64
93
121
145
167
185
64
92
118
142
163
184
64
93
119
142
163
183
64
94
122
145
166
185
64
92
119
144
167
186
64
93
119
142
163
183
64
94
120
145
167
186
64
93
120
144
165
186
64
94
120
144
165
186
64
92
118
142
164
185
64
93
120
144
165
185
64
94
122
147
167
187
64
94
122
145
165
184
64
94
122
147
169
188
64
92
120
145
165
185
64
93
121
144
164
184
64
93
119
144
165
184
64
93
120
143
166
185
64
93
121
145
165
184
64
94
122
147
169
188
64
92
119
144
165
184
64
93
119
144
166
185
64
93
121
145
166
184
64
93
119
144
166
185
64
94
121
143
164
183
64
92
120
145
165
185
64
93
119
142
162
183
64
92
119
144
166
186
64
92
118
141
164
183
64
93
120
145
167
185
64
93
119
143
164
183
64
94
122
145
168
186
64
92
118
141
162
181
64
94
121
143
164
184
64
94
121
143
165
183
64
93
120
144
166
185
64
94
120
144
165
184
64
93
121
143
164
182
64
94
119
144
166
185
64
93
120
144
166
186
64
94
119
143
164
183
64
93
121
143
166
184
64
94
120
144
165
184
64
93
121
145
168
188
64
93
120
143
166
186
64
92
118
143
165
184
64
94
119
142
164
184
64
92
120
143
164
184
64
92
119
143
165
184
64
92
120
144
165
183
64
93
119
144
164
183
64
93
119
143
165
185
64
93
121
145
166
184
64
94
121
144
166
186
64
93
119
144
166
186
64
94
119
142
164
182
64
93
120
144
165
186
64
94
120
143
164
184
64
92
117
141
161
182
64
94
121
145
166
184
64
94
120
143
165
184
64
93
119
142
164
183
64
92
119
142
164
184
64
92
117
143
165
184
64
94
120
143
164
182
64
94
119
144
166
187
64
93
118
142
163
182
64
92
119
142
164
184
64
93
118
143
165
184
64
94
121
144
165
185
64
94
120
144
164
185
64
93
118
143
166
185
64
92
117
140
161
181
64
92
117
140
161
180
64
92
117
140
163
183
64
92
119
142
165
183
64
94
121
146
166
186
64
92
119
142
165
183
64
92
117
142
163
183
64
92
117
140
162
181
64
94
120
145
165
183
64
94
120
145
167
185
64
93
118
142
163
182
64
94
121
144
166
185
64
92
119
142
164
182
64
93
118
142
165
183
64
94
120
144
164
183
64
94
121
145
165
185
64
92
117
141
164
184
64
92
119
144
164
182
64
94
119
144
165
184
64
93
119
144
166
184
64
93
118
141
161
180
64
94
119
142
162
181
64
94
119
142
164
183
64
92
117
140
162
180
64
93
120
144
165
184
64
92
117
141
163
182
64
94
119
143
163
182
64
94
120
143
165
185
64
93
120
144
166
185
64
93
120
144
164
182
64
94
121
144
166
185
64
94
119
143
164
183
64
92
119
142
164
183
64
93
118
142
163
182
64
94
119
142
162
182
64
93
120
144
164
183
64
93
119
142
163
181
64
92
118
142
162
183
64
94
120
144
165
184
64
94
121
145
167
187
64
93
118
143
164
183
64
93
119
144
165
185
64
92
119
144
165
185
64
92
117
141
163
182
64
92
118
142
164
184
64
92
118
141
163
184
64
92
117
140
163
182
64
93
120
145
167
185
64
93
118
141
162
180
64
92
118
143
164
182
64
92
117
142
163
181
64
93
120
142
164
183
64
93
118
140
162
180
64
94
121
145
166
184
64
94
121
145
165
185
64
93
118
140
162
182
64
93
118
142
165
183
64
94
119
142
163
183
64
92
117
141
162
180
64
93
118
140
161
180
64
94
121
145
165
184
64
92
117
141
163
182
64
94
119
142
164
182
64
92
118
142
162
180
64
92
119
141
163
182
64
93
120
144
164
184
64
94
119
142
164
182
64
94
120
144
165
185
64
93
118
141
163
182
64
92
117
141
162
182
64
93
119
142
164
182
64
94
119
141
162
182
64
93
118
140
163
181
64
94
120
144
166
185
64
93
118
141
162
181
64
92
117
141
164
184
64
92
119
142
162
183
64
92
118
140
163
182
64
92
117
140
161
179
64
93
120
144
165
185
64
94
119
142
162
181
64
93
120
142
162
182
64
93
119
144
165
184
64
93
118
143
163
182
64
91
119
142
162
182
64
93
119
143
164
184
64
92
119
142
162
180
64
92
119
141
163
181
64
92
119
143
163
183
64
93
118
142
162
180
64
91
117
139
160
178
64
93
120
144
166
185
64
91
119
143
164
183
64
91
117
140
161
180
64
92
119
141
162
182
64
91
118
141
161
182
64
91
118
142
162
182
64
91
119
142
162
181
64
92
120
144
166
185
64
92
118
141
161
181
64
92
119
142
164
184
64
92
119
142
162
182
64
92
119
144
164
183
64
92
118
143
164
184
64
93
119
142
164
182
64
92
119
142
163
181
64
92
117
140
160
180
64
93
118
143
165
184
64
92
119
142
162
180
64
93
119
144
163
182
64
92
119
142
164
184
64
92
117
140
161
181
64
91
116
139
161
181
64
92
119
143
164
182
64
92
118
141
163
183
64
93
118
142
163
183
64
91
118
141
163
180
64
93
118
141
163
181
64
92
119
142
163
182
64
93
120
143
164
184
64
92
119
142
164
183
64
93
119
141
162
180
64
92
119
142
162
181
64
91
117
141
163
182
64
91
118
141
162
181
64
93
118
140
160
180
64
91
118
141
161
179
64
93
120
144
165
183
64
91
116
140
161
179
64
91
117
141
163
182
64
91
116
141
161
181
64
93
119
143
164
183
64
92
117
139
161
181
64
92
117
140
162
182
64
93
119
142
163
181
64
91
118
142
163
183
64
91
116
140
162
181
64
91
118
140
161
179
64
91
