129
129
130
130
130
130
130
129
129
130
130
131
130
129
127
126
128
128
128
129
128
129
129
130
129
130
128
129
130
129
129
129
130
131
134
136
137
139
140
142
143
144
144
144
145
146
150
153
155
157
158
159
161
160
161
161
165
168
170
173
175
176
178
177
178
181
182
185
186
188
191
64
76
90
103
116
125
134
141
148
153
161
169
176
182
188
64
81
95
112
124
135
145
154
161
169
177
184
64
84
100
116
129
140
151
163
174
184
64
83
100
114
130
144
157
170
179
187
64
85
105
124
140
153
166
176
188
64
86
106
125
139
153
168
182
64
88
108
127
145
162
176
190
64
87
107
126
145
162
176
188
64
88
110
133
152
170
185
64
88
109
130
148
167
181
64
88
111
133
154
171
187
64
89
110
132
153
171
185
64
90
113
136
157
173
189
64
89
111
134
154
172
188
64
90
113
135
155
175
189
64
89
113
136
156
175
64
91
114
134
157
176
191
64
90
114
135
158
178
64
92
118
139
157
176
64
93
117
140
159
176
64
92
118
139
159
178
64
93
120
142
163
179
64
90
115
140
160
178
64
91
115
139
160
180
64
92
116
139
160
180
64
93
117
138
158
177
64
91
118
140
160
179
64
92
118
142
163
182
64
94
120
142
164
182
64
90
116
141
164
183
64
91
116
139
161
179
64
92
117
139
160
179
64
91
117
139
159
178
64
92
117
140
161
179
64
93
118
142
163
182
64
91
115
135
156
177
64
91
115
137
157
174
188
64
91
115
138
158
175
189
64
88
113
132
150
169
186
64
90
112
132
151
168
181
64
87
107
127
145
164
179
64
87
109
130
146
161
174
185
64
86
107
126
140
158
173
186
64
87
108
127
144
157
168
178
188
64
84
103
118
133
147
158
172
182
191
64
85
103
121
136
148
159
170
180
188
64
81
97
114
127
138
149
159
170
180
188
64
84
102
116
130
143
154
163
171
177
185
190
64
81
96
110
121
131
139
147
155
162
167
171
175
178
180
185
187
189
64
78
90
102
113
123
129
140
149
158
165
170
175
179
183
185
187
188
64
77
89
101
112
120
128
135
140
147
152
156
160
162
165
168
169
173
175
176
177
178
179
180
182
181
182
183
182
181
182
183
181
182
181
182
180
179
178
177
175
174
173
172
171
171
170
169
170
168
167
167
166
167
167
165
164
163
161
161
161
160
159
158
157
156
156
155
156
156
157
158
157
158
156
155
155
153
153
153
154
154
153
152
152
150
151
152
152
152
151
151
152
150
151
150
150
151
150
149
148
147
146
147
147
146
147
146
146
145
146
144
145
144
144
143
144
142
143
142
143
143
142
141
141
139
138
137
137
136
136
135
134
135
134
133
134
135
135
135
137
137
135
135
135
135
134
133
132
132
133
133
133
135
135
134
135
136
136
134
135
136
137
136
136
137
138
136
137
138
136
135
134
133
133
132
132
132
132
132
132
133
133
132
133
133
133
133
133
133
132
132
133
133
134
133
131
131
132
132
132
131
130
129
128
128
129
129
129
128
129
128
129
130
129
130
129
129
128
129
130
129
130
129
128
127
128
129
129
130
131
132
131
132
133
133
133
132
131
130
131
131
132
132
132
131
131
132
133
133
132
131
130
131
132
133
131
132
133
131
130
130
129
130
131
130
131
130
131
130
129
129
129
130
131
131
131
132
132
130
131
130
130
130
129
128
127
128
127
129
129
128
129
129
128
128
129
128
129
130
129
127
128
128
127
128
127
126
127
126
126
128
127
127
127
126
125
125
124
123
125
126
125
126
127
128
129
128
127
126
125
125
126
125
126
125
127
128
127
127
128
127
126
127
127
126
128
129
127
127
127
126
126
126
126
127
129
128
129
129
129
129
130
130
129
129
130
131
130
130
129
128
127
126
126
127
127
128
127
127
126
128
129
128
127
127
127
126
127
128
128
127
127
128
128
127
128
127
128
127
128
128
129
128
127
128
127
128
127
126
125
125
126
127
128
127
126
125
125
127
127
127
127
128
129
130
131
130
130
130
131
130
130
131
129
128
127
127
127
128
127
127
127
128
129
129
129
129
128
128
128
127
127
127
126
125
126
125
125
125
125
126
126
127
128
129
130
130
130
129
129
130
130
131
132
131
132
133
132
133
132
131
129
130
130
129
128
129
129
130
130
129
129
129
127
127
128
127
127
126
127
128
127
128
127
128
129
129
130
129
128
128
129
129
129
129
128
129
129
129
129
129
129
129
130
131
129
128
129
128
128
127
126
126
127
127
128
129
129
128
127
127
128
128
129
128
129
129
127
127
129
128
128
128
129
130
131
129
129
128
128
128
127
128
128
127
126
127
128
128
129
130
130
128
128
127
128
128
127
128
128
128
128
128
127
127
126
127
128
128
127
127
128
128
127
127
126
127
127
127
128
128
127
126
125
125
126
126
127
126
127
128
129
129
129
129
128
128
129
130
130
129
130
129
129
128
129
130
131
130
128
129
130
131
131
130
130
129
127
128
128
128
129
128
127
127
126
127
127
127
126
125
125
125
125
124
126
127
128
128
129
128
127
126
125
126
127
128
127
127
126
126
128
129
127
128
129
128
127
127
126
125
127
128
127
127
128
128
128
129
130
129
130
129
130
131
131
132
131
131
130
130
131
130
131
130
130
129
129
130
128
128
128
129
130
131
131
130
129
128
129
127
126
128
129
129
130
131
132
130
130
130
130
130
131
130
129
130
131
130
128
127
127
127
127
127
127
126
125
125
126
125
126
127
126
126
126
127
126
125
125
127
126
126
125
126
125
127
126
127
128
129
129
130
128
127
126
127
126
128
128
129
128
129
129
130
131
131
132
133
131
131
131
130
130
131
131
132
131
130
131
130
129
130
131
130
130
131
130
129
129
128
127
126
127
128
129
128
129
130
130
129
130
131
130
128
128
129
129
129
129
128
127
126
127
126
127
126
126
125
126
125
126
127
126
126
126
127
128
128
129
130
130
131
131
130
129
128
129
128
129
128
128
128
128
128
129
128
128
127
126
127
128
128
128
128
128
127
128
127
126
127
126
127
127
128
129
130
131
132
130
131
131
131
131
131
130
130
130
128
128
127
126
127
126
127
128
128
128
129
128
128
127
127
127
126
126
127
128
129
129
127
126
126
126
126
125
126
126
127
126
126
125
124
126
127
127
128
129
128
129
128
127
128
129
128
127
127
127
128
128
127
127
127
128
129
128
127
126
127
128
127
127
128
129
129
128
128
129
128
128
128
127
127
126
126
126
127
128
128
129
130
131
131
131
131
130
131
130
128
127
126
127
126
126
127
127
126
126
126
127
127
128
127
126
126
128
128
127
128
128
127
128
128
127
126
127
126
126
127
127
126
125
127
126
125
126
126
127
127
128
128
128
127
127
127
128
129
129
128
127
127
127
127
127
127
126
126
125
126
127
126
127
127
128
127
126
125
126
127
127
128
128
128
129
129
127
128
127
126
126
128
127
128
129
128
128
127
126
126
127
127
127
127
128
129
128
129
129
130
128
129
130
129
129
128
127
126
126
125
124
126
126
125
126
126
127
126
127
128
129
129
128
127
128
128
127
128
127
127
127
127
127
126
125
126
125
126
125
126
127
127
127
126
127
127
126
126
126
125
125
125
124
126
125
126
127
126
125
125
125
125
126
125
127
126
125
125
125
127
127
128
127
126
125
125
126
126
126
126
127
126
127
127
127
126
125
126
127
128
128
129
129
130
128
128
128
128
127
127
126
127
127
126
125
126
125
124
125
126
126
125
126
127
126
126
126
126
127
128
127
128
128
127
127
126
127
126
125
127
128
127
126
125
126
126
126
126
126
126
126
126
125
125
126
125
124
125
125
124
123
125
124
124
126
126
125
126
126
126
127
128
127
128
127
128
128
127
127
127
126
125
125
126
127
128
128
127
126
126
126
125
126
125
126
125
125
125
124
123
123
123
124
125
125
126
127
128
128
128
127
128
129
130
128
127
128
128
129
129
129
128
128
127
126
127
127
126
127
128
127
128
129
129
130
129
128
128
127
126
126
126
126
125
126
125
126
126
127
127
127
126
125
125
125
124
124
126
126
126
127
128
128
128
129
128
129
128
128
127
126
125
125
124
125
126
127
126
127
126
125
127
128
128
129
129
127
126
126
126
127
128
128
129
130
131
129
130
130
130
130
130
129
129
129
128
128
129
130
129
130
130
130
131
132
131
132
130
131
131
131
132
131
130
129
129
128
127
127
126
126
127
128
129
128
128
128
128
129
130
129
128
128
127
128
129
130
129
128
127
126
126
125
125
126
128
127
126
125
125
126
127
127
126
127
128
127
128
128
128
129
130
130
131
132
132
131
129
128
127
128
129
128
129
130
129
128
129
129
128
129
129
128
128
127
126
126
126
127
126
125
126
126
125
125
124
124
125
124
125
126
125
126
126
127
128
127
128
128
129
130
130
129
128
129
129
128
129
127
127
127
128
129
130
129
128
129
128
127
127
127
126
127
127
126
127
128
128
127
128
128
127
128
127
128
129
130
131
130
131
131
130
130
131
131
131
131
131
131
131
129
128
127
126
125
125
127
127
126
126
125
124
125
126
127
127
127
128
128
128
129
129
129
129
128
129
127
128
129
129
130
130
130
130
130
129
128
129
128
129
128
129
129
130
129
128
127
126
126
126
127
127
127
126
126
127
128
128
128
129
128
128
129
128
127
126
127
127
127
126
126
125
127
128
128
127
128
127
126
126
126
127
126
125
127
126
126
126
127
128
129
130
130
129
128
129
128
128
128
128
127
128
128
127
127
128
129
129
130
129
130
131
131
131
130
131
129
129
130
130
131
129
128
129
128
128
128
127
127
127
128
128
127
126
125
125
127
126
127
128
128
128
129
130
129
130
130
131
130
131
131
131
131
132
131
132
130
131
131
131
132
132
130
129
128
127
127
126
126
127
126
125
127
127
126
126
126
126
126
125
127
128
127
128
127
128
128
129
130
130
131
131
130
130
130
131
129
129
129
128
129
129
129
129
130
129
129
128
129
130
129
128
128
129
129
130
131
130
129
128
127
128
129
128
127
128
128
128
129
129
128
128
128
127
126
127
127
127
128
127
126
127
126
128
127
127
126
126
126
125
124
124
123
123
122
123
123
125
124
124
125
124
123
125
126
127
127
127
127
126
127
128
128
127
127
128
127
127
128
129
128
127
128
129
129
129
128
127
126
126
125
125
124
126
125
124
124
123
124
124
125
124
124
125
125
124
124
125
125
125
124
123
123
122
123
124
126
126
125
126
126
125
126
125
126
125
126
127
126
127
127
128
127
127
128
127
126
127
127
126
127
126
126
126
126
125
124
125
126
125
126
125
126
126
127
126
127
126
126
125
127
126
126
125
125
125
125
124
123
125
124
125
125
124
125
127
127
127
127
128
128
127
127
128
127
128
127
126
127
127
127
126
125
126
126
127
126
126
126
126
128
129
129
130
130
130
129
128
129
128
127
128
127
127
128
129
129
129
130
129
129
128
128
128
127
127
128
128
127
128
129
129
130
128
129
130
130
129
129
129
130
131
132
132
132
130
129
130
129
128
128
127
127
126
126
126
127
128
129
128
128
129
129
128
128
129
129
129
128
128
128
129
129
130
128
127
128
128
127
128
128
129
128
129
128
128
127
128
128
129
130
128
127
128
127
126
125
127
127
127
128
128
129
129
129
129
130
129
130
131
129
129
130
130
130
131
131
130
129
129
129
128
128
128
127
126
125
126
125
127
127
127
126
126
125
125
125
124
123
123
123
125
125
126
125
126
126
127
127
128
129
130
129
129
129
130
129
128
127
126
125
124
124
123
122
123
122
124
125
124
125
125
125
124
126
127
126
127
128
129
128
128
129
128
127
127
126
127
126
127
128
128
128
129
130
129
130
129
128
127
126
125
124
126
127
128
129
128
127
128
129
130
130
129
128
127
127
128
128
129
128
127
126
126
127
127
128
127
126
125
127
126
125
126
125
124
125
125
124
124
123
123
124
124
124
124
124
124
125
124
124
123
124
125
126
126
126
126
128
128
127
127
126
125
126
125
126
127
128
129
128
127
128
128
128
127
126
125
125
125
127
126
126
127
127
126
127
126
125
126
126
127
128
127
128
128
128
128
129
129
129
128
128
129
128
128
129
128
129
130
129
128
129
129
128
129
130
130
130
131
130
129
128
128
127
128
127
126
126
126
127
128
128
129
130
129
130
128
127
127
127
126
127
127
127
128
128
129
129
128
128
128
128
128
127
127
128
129
128
127
128
128
128
128
127
127
127
127
127
128
128
128
128
129
130
130
131
130
129
128
127
128
127
127
128
127
128
127
128
129
130
131
130
130
130
130
128
129
130
129
130
130
128
127
128
129
130
129
128
128
129
127
126
126
127
128
128
129
130
130
131
130
130
129
129
130
130
131
130
131
131
131
130
131
131
130
131
131
131
130
130
130
129
128
129
128
127
128
129
128
127
127
126
127
128
127
127
126
127
127
128
127
127
126
125
127
128
128
127
127
126
125
125
126
128
128
127
128
128
128
127
126
127
128
127
127
127
126
125
126
128
127
128
128
127
126
126
127
127
128
128
127
127
126
126
125
126
126
125
124
125
125
124
123
125
125
126
127
127
127
128
127
126
126
126
125
125
125
126
126
125
124
124
124
125
126
128
129
129
129
128
129
128
127
126
127
127
126
126
125
125
124
125
126
128
129
127
128
128
127
127
128
129
130
131
129
130
129
128
128
128
128
129
129
128
127
127
128
127
128
129
128
127
127
127
126
127
126
127
127
127
126
128
129
127
127
127
128
128
128
127
128
127
128
128
129
130
130
130
130
130
131
131
130
131
130
130
131
131
129
128
129
129
130
130
129
130
130
129
127
127
127
128
129
129
128
129
129
128
127
128
128
128
127
126
125
124
125
124
125
126
128
129
127
128
127
126
125
126
125
126
125
124
124
123
124
124
125
125
126
125
125
125
127
126
125
126
125
127
127
127
126
126
126
125
125
127
126
125
124
126
126
127
127
126
126
127
126
126
126
127
128
128
128
128
129
129
127
128
128
129
128
129
128
127
126
125
126
127
127
126
127
127
128
128
129
129
129
128
129
128
129
129
128
129
128
129
129
129
128
129
130
129
129
129
128
128
129
128
128
129
128
129
128
128
128
129
127
128
127
127
127
127
126
128
129
129
130
129
130
129
128
127
126
127
126
128
128
129
129
129
129
129
130
130
129
129
129
129
128
129
128
129
127
128
127
126
126
126
127
126
126
125
126
126
127
127
126
125
125
124
124
124
124
125
125
124
125
126
125
126
127
127
128
127
127
126
127
128
128
129
129
130
131
129
128
127
128
128
128
128
127
126
125
126
126
128
127
128
127
128
128
127
127
128
129
129
130
129
128
129
130
131
129
128
128
127
128
127
127
128
128
129
129
130
130
129
128
128
127
127
126
125
126
128
127
126
126
127
128
127
126
127
128
129
130
129
129
129
128
127
126
126
127
128
128
127
127
128
127
126
127
126
125
126
127
126
127
127
126
125
124
124
125
124
124
125
124
125
125
125
126
125
126
126
126
126
127
126
126
127
127
127
127
128
127
127
128
129
128
127
126
126
125
124
124
124
123
125
126
127
127
127
127
128
128
128
129
128
127
127
126
125
124
126
125
125
125
127
127
126
127
126
125
126
126
128
128
127
126
127
126
125
126
126
127
127
127
127
128
128
129
129
130
130
131
130
129
128
128
128
129
130
131
130
131
130
128
128
128
129
128
129
129
128
128
129
130
129
130
131
131
130
131
132
131
132
132
133
131
130
129
130
130
129
129
129
129
130
129
129
128
128
127
126
127
127
127
127
126
125
126
127
126
127
128
128
129
130
130
130
129
129
129
130
128
129
129
129
129
128
128
129
130
129
130
129
129
129
128
129
128
128
127
127
126
127
127
127
128
129
130
130
130
130
129
128
128
127
128
127
127
126
125
125
126
125
126
125
124
126
127
127
127
128
128
128
127
128
129
129
128
127
126
125
125
125
127
126
125
125
125
126
125
124
125
125
124
123
124
123
125
124
125
125
126
125
125
124
124
125
126
127
127
128
129
129
128
127
126
126
126
127
128
128
129
129
130
129
128
128
128
127
128
128
127
127
126
126
125
124
126
125
126
125
124
124
125
125
126
127
128
128
128
128
128
128
129
129
129
129
129
130
129
129
129
130
130
131
130
131
131
130
129
129
128
128
127
128
127
126
127
126
125
125
127
128
129
130
129
128
127
126
125
127
127
127
126
126
127
128
127
126
126
126
127
127
127
128
128
127
127
128
129
129
128
129
130
130
130
131
132
130
131
131
129
130
129
130
130
128
129
129
130
130
128
127
126
127
128
128
127
126
125
125
125
125
125
125
124
124
126
125
126
127
126
125
127
127
127
127
127
127
128
128
128
129
130
129
128
127
128
129
128
128
128
129
130
131
130
129
128
127
127
128
127
128
128
128
128
128
129
128
127
128
128
128
128
128
129
129
129
130
129
130
129
129
128
127
128
128
128
127
128
128
128
128
128
129
128
129
129
128
129
129
130
130
129
128
128
127
126
126
126
127
126
125
126
127
126
127
126
126
126
125
124
126
125
125
124
126
126
127
126
125
126
127
127
128
128
129
130
130
129
130
129
130
131
132
130
129
128
129
128
128
127
128
129
129
127
128
127
128
127
126
126
126
125
125
125
125
125
126
126
125
124
124
125
126
127
128
128
127
126
127
128
127
127
127
128
129
129
128
128
129
128
128
129
128
129
128
129
128
129
130
131
130
129
129
130
130
130
129
129
129
129
130
128
129
130
129
130
130
130
130
129
129
127
126
127
128
129
130
128
127
128
127
128
129
130
131
134
137
138
141
143
144
146
146
147
147
146
146
146
145
146
145
146
147
148
148
148
147
147
148
149
149
150
149
148
146
145
145
145
144
145
146
146
147
146
146
144
145
143
143
144
144
143
144
142
141
141
139
139
140
139
139
138
138
139
139
140
138
137
136
137
136
136
135
135
136
137
138
137
138
138
137
138
139
138
139
139
139
138
138
139
139
140
139
140
140
140
141
139
138
138
138
139
139
138
138
137
136
136
135
136
137
136
135
134
134
133
133
132
132
132
132
131
131
130
130
129
130
130
132
131
130
131
132
133
132
133
134
133
134
133
134
134
133
133
131
130
130
131
132
133
134
134
133
134
134
134
133
133
133
133
132
132
131
130
131
132
133
133
133
134
133
132
132
132
133
132
132
132
133
133
133
132
132
130
130
131
131
130
129
129
129
128
128
128
127
128
128
127
127
128
128
