0 -0.1 128 192 64 3
1 -0.1 128 192 64 3
2 -0.1 128 192 64 3
3 -0.1 128 192 64 3
4 -0.1 128 192 64 3
5 -0.1 128 192 64 3
6 -0.1 128 192 64 3
7 -0.1 128 192 64 3
8 -0.1 128 192 64 3
9 -0.1 128 192 64 3
10 -0.1 128 192 64 3
11 -0.1 128 192 64 3
12 -0.1 128 192 64 3
13 -0.1 128 192 64 3
14 -0.1 128 192 64 3
15 -0.1 128 192 64 3
16 -0.1 128 192 64 3
17 -0.1 128 192 64 3
18 -0.1 128 192 64 3
19 -0.1 128 192 64 3
20 -0.1 128 192 64 3
21 -0.1 128 192 64 3
22 -0.1 128 192 64 3
23 -0.1 128 192 64 3
24 -0.1 128 192 64 3
25 -0.1 128 192 64 3
26 -0.1 128 192 64 3
27 -0.1 128 192 64 3
28 -0.1 128 192 64 3
29 -0.1 128 192 64 3
30 -0.1 128 192 64 3
31 -0.1 128 192 64 3
32 -0.1 128 192 64 3
33 -0.1 128 192 64 3
34 -0.1 128 192 64 3
35 -0.1 128 192 64 3
36 -0.1 128 192 64 3
37 -0.1 128 192 64 3
38 -0.1 128 192 64 3
39 -0.1 128 192 64 3
40 -0.1 128 192 64 3
41 -0.1 128 192 64 3
42 -0.1 128 192 64 3
43 -0.1 128 192 64 3
44 -0.1 128 192 64 3
45 -0.1 128 192 64 3
46 -0.1 128 192 64 3
47 -0.1 128 192 64 3
48 -0.1 128 192 64 3
49 -0.1 128 192 64 3
50 -0.1 128 192 64 3
51 -0.1 128 192 64 3
52 -0.1 128 192 64 3
53 -0.1 128 192 64 3
54 -0.1 128 192 64 3
55 -0.1 128 192 64 3
56 -0.1 128 192 64 3
57 -0.1 128 192 64 3
58 -0.1 128 192 64 3
59 -0.1 128 192 64 3
60 -0.1 128 192 64 3
61 -0.1 128 192 64 3
62 -0.1 128 192 64 3
63 -0.1 128 192 64 3
64 -0.1 128 192 64 3
65 -0.1 128 192 64 3
66 -0.1 128 192 64 3
67 -0.1 128 192 64 3
68 -0.1 128 192 64 3
69 -0.1 128 192 64 3
70 -0.1 128 192 64 3
71 -0.1 128 192 64 3
72 -0.1 128 192 64 3
73 -0.1 128 192 64 3
74 -0.1 128 192 64 3
75 -0.1 128 192 64 3
76 -0.1 128 192 64 3
77 -0.1 128 192 64 3
78 -0.1 128 192 64 3
79 -0.1 128 192 64 3
80 -0.1 128 192 64 3
81 -0.1 128 192 64 3
